"","Oligo","Vascular","Astro","CA1_ProS","CA2-4","Cajal","Choroid","Ependy","GABA.CGE","GABA.LAMP5","GABA.MGE","GC","L2_3.Prs.Ent","L2_3.PrS.PaS","L5","L6_6b","Micro_Macro_T","OPC","Sub.1","Sub.2","Thal"
"AAACAACGAATAGTTC-1_V11L05-333_A1",0.60873925851425,0.256281831008508,0.134978910477242,0,0,0,0,0,0,0,0,0,0,0,0,0,0,0,0,0,0
"AAACAAGTATCTCCCA-1_V11L05-333_A1",0.639288880688161,0.360711119311839,0,0,0,0,0,0,0,0,0,0,0,0,0,0,0,0,0,0,0
"AAACAATCTACTAGCA-1_V11L05-333_A1",0.664838023984551,0.335161976015449,0,0,0,0,0,0,0,0,0,0,0,0,0,0,0,0,0,0,0
"AAACACCAATAACTGC-1_V11L05-333_A1",0.0466091923914213,0.164397916051661,0,0,0,0,0,0,0,0,0,0,0,0.354876596463279,0,0,0,0,0.283339550091818,0,0.150776745001821
"AAACAGAGCGACTCCT-1_V11L05-333_A1",0.336960407018125,0.154832300548497,0.14239543535857,0,0,0,0,0,0,0.365811857074807,0,0,0,0,0,0,0,0,0,0,0
"AAACAGCTTTCAGAAG-1_V11L05-333_A1",0.100208123431863,0.38510589067365,0.096520784338949,0,0,0,0,0,0,0,0,0,0,0,0,0,0,0,0,0.173204537356517,0.244960664199021
"AAACAGGGTCTATATT-1_V11L05-333_A1",0.100716754121051,0.205083368008862,0,0,0,0,0,0,0,0,0,0,0,0,0,0,0,0,0,0.543687824856904,0.150512053013182
"AAACAGTGTTCCTGGG-1_V11L05-333_A1",0,0.172069054772966,0,0.474781380011953,0,0,0,0,0,0,0,0,0.221829847387463,0,0,0,0,0,0,0,0.131319717827618
"AAACATGGTGAGAGGA-1_V11L05-333_A1",0.0708701249130184,0.316216318088318,0.116793631755985,0,0,0,0,0,0,0,0,0,0,0.340443773708046,0,0,0,0,0,0,0.155676151534633
"AAACATTTCCCGGATT-1_V11L05-333_A1",0.414299136816716,0.585700863183284,0,0,0,0,0,0,0,0,0,0,0,0,0,0,0,0,0,0,0
"AAACCACTACACAGAT-1_V11L05-333_A1",0,0.232497653956946,0.193807234129122,0,0,0,0,0,0,0,0,0,0,0.573695111913932,0,0,0,0,0,0,0
"AAACCCGAACGAAATC-1_V11L05-333_A1",0.825588169627535,0.174411830372465,0,0,0,0,0,0,0,0,0,0,0,0,0,0,0,0,0,0,0
"AAACCGGAAATGTTAA-1_V11L05-333_A1",0.714251072571414,0.285748927428586,0,0,0,0,0,0,0,0,0,0,0,0,0,0,0,0,0,0,0
"AAACCGGGTAGGTACC-1_V11L05-333_A1",0.0485714685063732,0.187483070416495,0,0,0,0,0,0,0,0,0,0,0,0,0,0,0.0480708897582383,0,0,0.715874571318893,0
"AAACCGTTCGTCCAGG-1_V11L05-333_A1",0.115148686816853,0.273614490993508,0.0925651112505644,0,0,0,0,0,0,0,0,0,0,0.295324307013683,0,0,0,0,0,0,0.223347403925392
"AAACCTAAGCAGCCGG-1_V11L05-333_A1",0.432269624011851,0.408514731575467,0,0,0,0,0,0,0,0,0,0,0,0,0,0,0,0,0,0,0.159215644412681
"AAACCTCATGAAGTTG-1_V11L05-333_A1",0.241111051934682,0.220521569088486,0,0,0,0,0,0,0.348502718751184,0,0,0,0,0,0,0,0,0,0,0,0.189864660225648
"AAACGAAGAACATACC-1_V11L05-333_A1",0.504439407201662,0.354762675330334,0,0,0,0,0,0,0,0,0,0,0,0,0,0.140797917468004,0,0,0,0,0
"AAACGAAGATGGAGTA-1_V11L05-333_A1",0.146294916350797,0.242522256255383,0,0,0,0,0,0,0,0,0,0,0,0.308896796321834,0,0,0,0,0,0,0.302286031071986
"AAACGACAGTCTTGCC-1_V11L05-333_A1",0,0.187333696355005,0,0,0,0,0,0,0,0,0,0,0,0.551764030230792,0,0,0,0,0,0,0.260902273414203
"AAACGAGACGGTTGAT-1_V11L05-333_A1",0.714825313667216,0.190231700638387,0.0949429856943974,0,0,0,0,0,0,0,0,0,0,0,0,0,0,0,0,0,0
"AAACGCCCGAGATCGG-1_V11L05-333_A1",0.144959213874222,0.253058293672832,0.123988390903175,0,0,0,0,0,0,0,0,0,0,0.477994101549771,0,0,0,0,0,0,0
"AAACGCTGGGCACGAC-1_V11L05-333_A1",0.544276713036533,0.455723286963467,0,0,0,0,0,0,0,0,0,0,0,0,0,0,0,0,0,0,0
"AAACGGGCGTACGGGT-1_V11L05-333_A1",0.369480732969776,0.630519267030224,0,0,0,0,0,0,0,0,0,0,0,0,0,0,0,0,0,0,0
"AAACGGGTTGGTATCC-1_V11L05-333_A1",0.58434867731439,0.41565132268561,0,0,0,0,0,0,0,0,0,0,0,0,0,0,0,0,0,0,0
"AAACGGTTGCGAACTG-1_V11L05-333_A1",0,0.189675789673691,0,0,0,0,0,0,0,0,0.629966030021635,0,0,0,0,0,0,0,0,0,0.180358180304673
"AAACGTGTTCGCCCTA-1_V11L05-333_A1",0,0.379171520945216,0.331734586378135,0,0,0,0,0,0,0,0,0.289093892676649,0,0,0,0,0,0,0,0,0
"AAACTAACGTGGCGAC-1_V11L05-333_A1",0.494007543870024,0.294870746427408,0,0,0,0,0,0,0,0,0,0,0,0,0,0.211121709702567,0,0,0,0,0
"AAACTCGGTTCGCAAT-1_V11L05-333_A1",0.141103475805781,0.323251791219131,0.122952517940091,0,0,0,0,0,0,0,0,0,0,0,0,0,0,0,0,0.172224004904839,0.240468210130158
"AAACTCGTGATATAAG-1_V11L05-333_A1",0.585591129283031,0.414408870716969,0,0,0,0,0,0,0,0,0,0,0,0,0,0,0,0,0,0,0
"AAACTGCTGGCTCCAA-1_V11L05-333_A1",0.706984936612573,0.293015063387427,0,0,0,0,0,0,0,0,0,0,0,0,0,0,0,0,0,0,0
"AAACTTAATTGCACGC-1_V11L05-333_A1",0,0.510202245650935,0,0,0,0,0,0,0,0,0,0,0.489797754349065,0,0,0,0,0,0,0,0
"AAACTTGCAAACGTAT-1_V11L05-333_A1",0.0728502815383443,0.149110772692105,0.0527498820755215,0,0,0,0,0,0,0,0,0,0,0,0,0,0,0,0,0.545756154316061,0.179532909377967
"AAAGAATGACCTTAGA-1_V11L05-333_A1",0.0538919512773543,0.286670872498802,0.0958267694087114,0,0,0,0,0,0,0,0,0,0,0.394208775664929,0,0,0,0,0,0,0.169401631150203
"AAAGAATGTGGACTAA-1_V11L05-333_A1",0.859257692666447,0.140742307333553,0,0,0,0,0,0,0,0,0,0,0,0,0,0,0,0,0,0,0
"AAAGACATGAAGTTTA-1_V11L05-333_A1",0.516930696417019,0.358335097330288,0.124734206252693,0,0,0,0,0,0,0,0,0,0,0,0,0,0,0,0,0,0
"AAAGACCCAAGTCGCG-1_V11L05-333_A1",0.696584440747521,0.303415559252479,0,0,0,0,0,0,0,0,0,0,0,0,0,0,0,0,0,0,0
"AAAGACTGGGCGCTTT-1_V11L05-333_A1",0.514270027538859,0.329111176944873,0.156618795516268,0,0,0,0,0,0,0,0,0,0,0,0,0,0,0,0,0,0
"AAAGCTTGCCTACATA-1_V11L05-333_A1",0.5130165842148,0.331445630649195,0.155537785136005,0,0,0,0,0,0,0,0,0,0,0,0,0,0,0,0,0,0
"AAAGGCCCTATAATAC-1_V11L05-333_A1",0,0.139301176580681,0.0750254697381125,0,0.410477730483509,0,0,0,0,0,0,0,0,0.375195623197698,0,0,0,0,0,0,0
"AAAGGCTACGGACCAT-1_V11L05-333_A1",0.106522563034931,0.264288069947208,0,0,0,0,0,0,0,0,0,0,0,0.382009909385097,0,0,0,0,0,0,0.247179457632763
"AAAGGCTCTCGCGCCG-1_V11L05-333_A1",0.0936494210389448,0.265216600775095,0,0,0,0,0,0,0,0,0,0,0,0,0,0,0,0,0,0.461506103157746,0.179627875028214
"AAAGGGATGTAGCAAG-1_V11L05-333_A1",0.536948935877728,0.30092060385392,0.162130460268352,0,0,0,0,0,0,0,0,0,0,0,0,0,0,0,0,0,0
"AAAGGGCAGCTTGAAT-1_V11L05-333_A1",0.638481869052178,0.361518130947822,0,0,0,0,0,0,0,0,0,0,0,0,0,0,0,0,0,0,0
"AAAGGTAAGCTGTACC-1_V11L05-333_A1",0.447811755282773,0.343242864452155,0,0,0,0,0,0,0,0,0,0,0.208945380265071,0,0,0,0,0,0,0,0
"AAAGGTCAACGACATG-1_V11L05-333_A1",0.058230922585897,0.201446254913858,0,0,0,0,0,0,0,0,0,0,0,0,0.400863004606808,0,0,0,0,0.339459817893437,0
"AAAGTAGCATTGCTCA-1_V11L05-333_A1",0.0326253942401849,0.166432249403594,0,0,0,0,0,0,0,0,0.233604197487253,0,0,0,0,0,0,0,0,0.277359987073904,0.289978171795064
"AAAGTCACTGATGTAA-1_V11L05-333_A1",0.623628044040609,0.376371955959391,0,0,0,0,0,0,0,0,0,0,0,0,0,0,0,0,0,0,0
"AAAGTCGACCCTCAGT-1_V11L05-333_A1",0.429357041208984,0.269736758236602,0,0,0,0,0,0,0,0,0,0,0,0,0,0.300906200554413,0,0,0,0,0
"AAAGTGCCATCAATTA-1_V11L05-333_A1",0.701995186527942,0.298004813472059,0,0,0,0,0,0,0,0,0,0,0,0,0,0,0,0,0,0,0
"AAAGTGTGATTTATCT-1_V11L05-333_A1",0.808842802974362,0.191157197025638,0,0,0,0,0,0,0,0,0,0,0,0,0,0,0,0,0,0,0
"AAAGTTGACTCCCGTA-1_V11L05-333_A1",0.708389217357242,0.291610782642758,0,0,0,0,0,0,0,0,0,0,0,0,0,0,0,0,0,0,0
"AAATAACCATACGGGA-1_V11L05-333_A1",0.487263425798774,0.191166421782676,0,0,0,0,0,0,0,0,0,0,0,0,0,0.32157015241855,0,0,0,0,0
"AAATAAGGTAGTGCCC-1_V11L05-333_A1",0.804276105763807,0.195723894236193,0,0,0,0,0,0,0,0,0,0,0,0,0,0,0,0,0,0,0
"AAATACCTATAAGCAT-1_V11L05-333_A1",0.6897019668664,0.199397912961283,0.110900120172317,0,0,0,0,0,0,0,0,0,0,0,0,0,0,0,0,0,0
"AAATAGCTTAGACTTT-1_V11L05-333_A1",0.65552756312139,0.144361201556515,0.200111235322095,0,0,0,0,0,0,0,0,0,0,0,0,0,0,0,0,0,0
"AAATAGGGTGCTATTG-1_V11L05-333_A1",0.687497706542132,0.312502293457868,0,0,0,0,0,0,0,0,0,0,0,0,0,0,0,0,0,0,0
"AAATCACTCCTAAACG-1_V11L05-333_A1",0,0.176915293515207,0.0668394914664416,0,0,0,0,0,0,0,0,0,0,0,0.547457298308319,0,0,0,0,0,0.208787916710032
"AAATCCGATACACGCC-1_V11L05-333_A1",0.751471794427389,0.248528205572611,0,0,0,0,0,0,0,0,0,0,0,0,0,0,0,0,0,0,0
"AAATCGCGGAAGGAGT-1_V11L05-333_A1",0.177797432070453,0.347246288987877,0,0,0,0,0,0,0,0,0,0,0,0,0,0,0,0,0,0.271547365599222,0.203408913342448
"AAATCGTGTACCACAA-1_V11L05-333_A1",0.821530999524976,0.178469000475024,0,0,0,0,0,0,0,0,0,0,0,0,0,0,0,0,0,0,0
"AAATCTAGCCCTGCTA-1_V11L05-333_A1",0.806178953496059,0.193821046503941,0,0,0,0,0,0,0,0,0,0,0,0,0,0,0,0,0,0,0
"AAATCTGCCCGCGTCC-1_V11L05-333_A1",0.210677860188343,0.352099971534006,0.174821365413026,0,0.262400802864625,0,0,0,0,0,0,0,0,0,0,0,0,0,0,0,0
"AAATGACTGATCAAAC-1_V11L05-333_A1",0,0.2136814517332,0.0989657424553088,0.441763591334952,0,0,0,0,0,0,0,0,0,0.119459903060828,0,0,0,0,0,0,0.126129311415711
"AAATGATTCGATCAGC-1_V11L05-333_A1",0.447183510931207,0.365720300438055,0,0,0,0,0,0,0,0,0,0,0,0,0,0.187096188630738,0,0,0,0,0
"AAATGCTCGTTACGTT-1_V11L05-333_A1",0.632689812744508,0.367310187255492,0,0,0,0,0,0,0,0,0,0,0,0,0,0,0,0,0,0,0
"AAATGGCATGTCTTGT-1_V11L05-333_A1",0.66583765929655,0.210418319294929,0.12374402140852,0,0,0,0,0,0,0,0,0,0,0,0,0,0,0,0,0,0
"AAATGGCCCGTGCCCT-1_V11L05-333_A1",0.178107813454879,0.362943294894246,0,0,0,0,0,0,0,0,0,0,0,0,0,0,0,0,0,0.458948891650875,0
"AAATGGTCAATGTGCC-1_V11L05-333_A1",0.774222794420518,0.149072009747937,0.0767051958315448,0,0,0,0,0,0,0,0,0,0,0,0,0,0,0,0,0,0
"AAATGTATCTTATCCC-1_V11L05-333_A1",0.247667799072875,0.236406530729691,0,0,0,0,0,0,0.515925670197434,0,0,0,0,0,0,0,0,0,0,0,0
"AAATGTGGGTGCTCCT-1_V11L05-333_A1",0.716984971780027,0.283015028219973,0,0,0,0,0,0,0,0,0,0,0,0,0,0,0,0,0,0,0
"AAATTAACGGGTAGCT-1_V11L05-333_A1",0.67320852444053,0.211112513452534,0,0,0,0,0,0,0,0,0,0,0,0,0,0,0,0.115678962106935,0,0,0
"AAATTAATAAGCGCGA-1_V11L05-333_A1",0.458028191086065,0.541971808913935,0,0,0,0,0,0,0,0,0,0,0,0,0,0,0,0,0,0,0
"AAATTACACGACTCTG-1_V11L05-333_A1",0.462324724723474,0.198237803621133,0,0,0,0,0,0,0,0,0,0,0,0,0,0.339437471655393,0,0,0,0,0
"AAATTACCTATCGATG-1_V11L05-333_A1",0.543178456466698,0.30056495271327,0.156256590820032,0,0,0,0,0,0,0,0,0,0,0,0,0,0,0,0,0,0
"AAATTCCAGGTCCAAA-1_V11L05-333_A1",0.261422468371525,0.358985671873434,0.100324543698132,0,0,0,0,0,0,0,0,0,0,0,0,0.279267316056909,0,0,0,0,0
"AAATTGATAGTCCTTT-1_V11L05-333_A1",0.0492253380263212,0.14294658712198,0,0,0,0,0,0,0,0,0,0,0,0.18780560087114,0,0,0,0,0.426231187447208,0,0.193791286533351
"AAATTGCGGCGGTTCT-1_V11L05-333_A1",0.542195178331934,0.457804821668066,0,0,0,0,0,0,0,0,0,0,0,0,0,0,0,0,0,0,0
"AAATTGGTGAGAAGCA-1_V11L05-333_A1",0.0890328539528067,0.314686713588839,0.305949300011388,0,0,0,0,0,0,0,0,0,0,0.290331132446966,0,0,0,0,0,0,0
"AAATTTACCGAAATCC-1_V11L05-333_A1",0.561536452049969,0.287869302286299,0.150594245663732,0,0,0,0,0,0,0,0,0,0,0,0,0,0,0,0,0,0
"AAATTTGCGGGTGTGG-1_V11L05-333_A1",0.104492489854852,0.426373496511753,0.120249349139454,0,0,0,0,0,0,0,0,0,0,0,0,0,0,0,0,0,0.348884664493941
"AACAACTGGTAGTTGC-1_V11L05-333_A1",0.694313910487449,0.305686089512551,0,0,0,0,0,0,0,0,0,0,0,0,0,0,0,0,0,0,0
"AACAATACATTGTCGA-1_V11L05-333_A1",0.051732714912936,0.220962586579571,0,0,0,0,0,0,0,0,0,0,0,0.292081332748553,0,0,0,0,0,0.225547514235803,0.209675851523137
"AACAATTACTCTACGC-1_V11L05-333_A1",0.80652274442058,0.19347725557942,0,0,0,0,0,0,0,0,0,0,0,0,0,0,0,0,0,0,0
"AACACACGCTCGCCGC-1_V11L05-333_A1",0.714973619503928,0.285026380496072,0,0,0,0,0,0,0,0,0,0,0,0,0,0,0,0,0,0,0
"AACACGACTGTACTGA-1_V11L05-333_A1",0.540403362080631,0.459596637919369,0,0,0,0,0,0,0,0,0,0,0,0,0,0,0,0,0,0,0
"AACACGAGACGCGGCC-1_V11L05-333_A1",0.14836826226889,0.367775542958182,0,0,0,0,0,0,0,0,0,0,0,0,0,0,0,0,0,0.294420716419274,0.189435478353653
"AACACGCGGCCGCGAA-1_V11L05-333_A1",0.633063237584545,0.25817538506058,0.108761377354875,0,0,0,0,0,0,0,0,0,0,0,0,0,0,0,0,0,0
"AACAGCTGTGTGGCAA-1_V11L05-333_A1",0.114937530173436,0.353726962153783,0.0860311941457125,0,0,0,0,0,0,0,0,0,0,0,0,0,0,0,0,0.27319077067238,0.172113542854689
"AACAGGAAATCGAATA-1_V11L05-333_A1",0.724113781700364,0.275886218299636,0,0,0,0,0,0,0,0,0,0,0,0,0,0,0,0,0,0,0
"AACAGGATGGGCCGCG-1_V11L05-333_A1",0.803580029826319,0.196419970173681,0,0,0,0,0,0,0,0,0,0,0,0,0,0,0,0,0,0,0
"AACAGGTAGTATGGAT-1_V11L05-333_A1",0.706842764741224,0.293157235258776,0,0,0,0,0,0,0,0,0,0,0,0,0,0,0,0,0,0,0
"AACATAGCGTGTATCG-1_V11L05-333_A1",0.114770944503531,0.268067631189629,0,0,0,0,0,0,0,0,0,0,0,0.347810075410225,0,0,0,0,0,0,0.269351348896615
"AACATATCAACTGGTG-1_V11L05-333_A1",0.596263287846055,0.288511771197013,0.115224940956932,0,0,0,0,0,0,0,0,0,0,0,0,0,0,0,0,0,0
"AACATCGATACGTCTA-1_V11L05-333_A1",0.0470426783617304,0.0837931402674513,0.0705397900519851,0,0,0,0,0,0,0,0,0,0,0,0,0.745302339248645,0.0533220520701885,0,0,0,0
"AACATTGAAGTTGATC-1_V11L05-333_A1",0,0.135495249073166,0,0.459672484241691,0,0,0,0,0,0,0,0,0,0,0.404832266685143,0,0,0,0,0,0
"AACATTGGTCAGCCGT-1_V11L05-333_A1",0.530091293192381,0.469908706807619,0,0,0,0,0,0,0,0,0,0,0,0,0,0,0,0,0,0,0
"AACATTGTGACTCGAG-1_V11L05-333_A1",0.0915003368895391,0.266062391151211,0,0,0,0,0,0,0,0,0,0,0,0.315542371996176,0,0,0,0,0,0,0.326894899963073
"AACCAAGACTTCTCTG-1_V11L05-333_A1",0.0705348346218608,0.137830806942979,0,0,0,0.162927663778211,0,0,0,0,0,0,0,0,0,0.628706694656949,0,0,0,0,0
"AACCAGTATCACTCTT-1_V11L05-333_A1",0.637320623150372,0.362679376849628,0,0,0,0,0,0,0,0,0,0,0,0,0,0,0,0,0,0,0
"AACCATAGGGTTGAAC-1_V11L05-333_A1",0,0.194758651996697,0,0.327964385680871,0,0,0,0,0,0,0,0,0,0,0.477276962322431,0,0,0,0,0,0
"AACCATGGGATCGCTA-1_V11L05-333_A1",0.735207439522285,0.264792560477715,0,0,0,0,0,0,0,0,0,0,0,0,0,0,0,0,0,0,0
"AACCCAGAGACGGAGA-1_V11L05-333_A1",0.417103003003262,0.371468458471983,0,0,0,0,0,0,0,0,0,0,0,0,0,0.211428538524755,0,0,0,0,0
"AACCCATCCCATGATC-1_V11L05-333_A1",0.145130458206881,0.322884273727727,0.139163746480927,0,0,0,0,0,0,0,0,0,0,0,0,0,0,0,0,0,0.392821521584466
"AACCCGACAACCCGTG-1_V11L05-333_A1",0.0521474605836791,0.261338583471519,0.145076869462696,0,0,0,0,0,0,0,0,0,0,0.385124600498916,0,0,0,0,0,0,0.15631248598319
"AACCCGAGCAGAATCG-1_V11L05-333_A1",0.326431699533787,0.308224363518011,0.365343936948202,0,0,0,0,0,0,0,0,0,0,0,0,0,0,0,0,0,0
"AACCCGATAGGGCTTC-1_V11L05-333_A1",0,0.184319032910458,0,0,0,0,0,0,0,0,0,0,0.608955415778311,0,0,0,0,0,0,0,0.206725551311231
"AACCCGCTGTATTCCA-1_V11L05-333_A1",0.0809101438499499,0.195739401636833,0,0.314970007316688,0,0,0,0,0,0,0,0,0,0.249993755006511,0,0,0,0,0,0,0.158386692190017
"AACCCTACTGTCAATA-1_V11L05-333_A1",0.709181111635599,0.290818888364401,0,0,0,0,0,0,0,0,0,0,0,0,0,0,0,0,0,0,0
"AACCCTGGTGGAACCA-1_V11L05-333_A1",0.403644568199502,0.314171129439613,0.282184302360885,0,0,0,0,0,0,0,0,0,0,0,0,0,0,0,0,0,0
"AACCGAGCTTGGTCAT-1_V11L05-333_A1",0.631669411475396,0.213060976584567,0,0,0,0,0,0,0,0,0,0,0,0,0,0,0.155269611940038,0,0,0,0
"AACCGCTAAGGGATGC-1_V11L05-333_A1",0.694166402633552,0.178439297623036,0.127394299743412,0,0,0,0,0,0,0,0,0,0,0,0,0,0,0,0,0,0
"AACCGTTGTGTTTGCT-1_V11L05-333_A1",0.714776335317323,0.285223664682677,0,0,0,0,0,0,0,0,0,0,0,0,0,0,0,0,0,0,0
"AACCTAAAGCCGTCCG-1_V11L05-333_A1",0.699493108504317,0.300506891495683,0,0,0,0,0,0,0,0,0,0,0,0,0,0,0,0,0,0,0
"AACCTCGCTTTAGCCC-1_V11L05-333_A1",0.6832452495184,0.3167547504816,0,0,0,0,0,0,0,0,0,0,0,0,0,0,0,0,0,0,0
"AACCTGTCACGGAATT-1_V11L05-333_A1",0.264348803732202,0.176496233198788,0.136728315452964,0,0,0,0,0,0,0,0.422426647616047,0,0,0,0,0,0,0,0,0,0
"AACCTTTAAATACGGT-1_V11L05-333_A1",0.467908198391479,0.532091801608521,0,0,0,0,0,0,0,0,0,0,0,0,0,0,0,0,0,0,0
"AACCTTTACGACGTCT-1_V11L05-333_A1",0.346777944079436,0.452092762172642,0.201129293747922,0,0,0,0,0,0,0,0,0,0,0,0,0,0,0,0,0,0
"AACGAAAGTCGTCCCA-1_V11L05-333_A1",0.0747224656058745,0.302507041765795,0,0,0,0,0,0,0.442859812756991,0,0,0,0,0,0,0,0,0,0,0,0.179910679871339
"AACGACCTCCTAGCCG-1_V11L05-333_A1",0.561477336646042,0.438522663353958,0,0,0,0,0,0,0,0,0,0,0,0,0,0,0,0,0,0,0
"AACGATAATGCCGTAG-1_V11L05-333_A1",0.655271840090052,0.207362061464311,0.137366098445637,0,0,0,0,0,0,0,0,0,0,0,0,0,0,0,0,0,0
"AACGATAGAAGGGCCG-1_V11L05-333_A1",0.562871643217886,0.437128356782114,0,0,0,0,0,0,0,0,0,0,0,0,0,0,0,0,0,0,0
"AACGATATGTCAACTG-1_V11L05-333_A1",0.750858959059105,0.249141040940895,0,0,0,0,0,0,0,0,0,0,0,0,0,0,0,0,0,0,0
"AACGCATGATCTGGGT-1_V11L05-333_A1",0.431255997831516,0.272123485295793,0,0,0,0,0,0,0,0,0,0,0,0,0,0.296620516872692,0,0,0,0,0
"AACGCGAACGGCAACA-1_V11L05-333_A1",0.671225559769026,0.328774440230975,0,0,0,0,0,0,0,0,0,0,0,0,0,0,0,0,0,0,0
"AACGCGACCTTGGGCG-1_V11L05-333_A1",0,0.341718596132309,0,0,0,0,0,0,0,0,0,0,0.435409850747487,0,0,0,0,0,0,0,0.222871553120204
"AACGCGGTCTCCAGCC-1_V11L05-333_A1",0.540712727814883,0.264051819713732,0.195235452471384,0,0,0,0,0,0,0,0,0,0,0,0,0,0,0,0,0,0
"AACGCTGTTGCTGAAA-1_V11L05-333_A1",0.61952676662133,0.38047323337867,0,0,0,0,0,0,0,0,0,0,0,0,0,0,0,0,0,0,0
"AACGGACGTACGTATA-1_V11L05-333_A1",0.848987918991146,0.151012081008853,0,0,0,0,0,0,0,0,0,0,0,0,0,0,0,0,0,0,0
"AACGGCCATCTCCGGT-1_V11L05-333_A1",0.043404794650527,0.185184286033744,0,0,0,0,0,0,0,0,0,0,0,0,0,0,0,0,0,0.628320338422397,0.143090580893331
"AACGTACTGTGGGTAC-1_V11L05-333_A1",0,0.108989006015959,0.0449066439308703,0,0,0,0,0,0,0,0,0,0,0,0,0,0,0,0,0.846104350053171,0
"AACGTAGTCTACCCAT-1_V11L05-333_A1",0.816956920447005,0.183043079552995,0,0,0,0,0,0,0,0,0,0,0,0,0,0,0,0,0,0,0
"AACGTCAGACTAGTGG-1_V11L05-333_A1",0.558428386891179,0.441571613108821,0,0,0,0,0,0,0,0,0,0,0,0,0,0,0,0,0,0,0
"AACGTCATCCGGCTTG-1_V11L05-333_A1",0,0.184171057884969,0,0.531124713586579,0,0,0,0,0,0,0,0,0,0.284704228528452,0,0,0,0,0,0,0
"AACGTCGCTGCACTTC-1_V11L05-333_A1",0.716140064375151,0.283859935624849,0,0,0,0,0,0,0,0,0,0,0,0,0,0,0,0,0,0,0
"AACGTGATGAAGGACA-1_V11L05-333_A1",0.490322634153478,0.309992199592393,0.199685166254129,0,0,0,0,0,0,0,0,0,0,0,0,0,0,0,0,0,0
"AACGTGCGAAAGTCTC-1_V11L05-333_A1",0.450108471212026,0.4018388933228,0.148052635465174,0,0,0,0,0,0,0,0,0,0,0,0,0,0,0,0,0,0
"AACGTTATCAGCACCT-1_V11L05-333_A1",0.688848547209531,0.311151452790469,0,0,0,0,0,0,0,0,0,0,0,0,0,0,0,0,0,0,0
"AACGTTCTACCATTGT-1_V11L05-333_A1",0.711852095755316,0.288147904244684,0,0,0,0,0,0,0,0,0,0,0,0,0,0,0,0,0,0,0
"AACTACCCGTTTGTCA-1_V11L05-333_A1",0.491240588928172,0.508759411071828,0,0,0,0,0,0,0,0,0,0,0,0,0,0,0,0,0,0,0
"AACTAGCGTATCGCAC-1_V11L05-333_A1",0.281289179427395,0.426468335703088,0.292242484869516,0,0,0,0,0,0,0,0,0,0,0,0,0,0,0,0,0,0
"AACTAGGCTTGGGTGT-1_V11L05-333_A1",0.3498405873987,0.267756777107687,0,0,0,0,0,0,0,0,0,0,0,0,0,0,0,0,0,0.382402635493613,0
"AACTCAAGTTAATTGC-1_V11L05-333_A1",0.503637805126481,0.496362194873519,0,0,0,0,0,0,0,0,0,0,0,0,0,0,0,0,0,0,0
"AACTCCAGAGCGTGTT-1_V11L05-333_A1",0,0,0,0,0,0,0,0,0,0,0,0,0,0,0,0,0,0,0,0,0
"AACTCCTAATCCCATG-1_V11L05-333_A1",0.246250351473154,0.16005467746572,0,0,0,0,0,0,0,0,0,0,0,0,0,0.593694971061125,0,0,0,0,0
"AACTCGATAAACACGT-1_V11L05-333_A1",0.653232301336627,0.346767698663373,0,0,0,0,0,0,0,0,0,0,0,0,0,0,0,0,0,0,0
"AACTCGATGGCGCAGT-1_V11L05-333_A1",0.694764293931683,0.305235706068317,0,0,0,0,0,0,0,0,0,0,0,0,0,0,0,0,0,0,0
"AACTCTCAATAGAGCG-1_V11L05-333_A1",0.488977324954625,0.301486430617502,0,0,0,0,0,0,0,0.209536244427873,0,0,0,0,0,0,0,0,0,0,0
"AACTCTCAGTGTGCTC-1_V11L05-333_A1",0.0332997277933574,0.140134770257544,0,0,0,0,0,0,0,0,0,0,0,0,0,0,0,0,0,0.826565501949099,0
"AACTGAGGTCAGCGTC-1_V11L05-333_A1",0,0.438968609852059,0.315136414776463,0,0,0,0,0,0,0,0,0,0,0,0,0,0,0,0,0,0.245894975371478
"AACTGAGTTATACTGA-1_V11L05-333_A1",0.627022087261426,0.372977912738573,0,0,0,0,0,0,0,0,0,0,0,0,0,0,0,0,0,0,0
"AACTGATATTAGGCCT-1_V11L05-333_A1",0.682100271057471,0.317899728942529,0,0,0,0,0,0,0,0,0,0,0,0,0,0,0,0,0,0,0
"AACTGGGTCCCGACGT-1_V11L05-333_A1",0.777488186550561,0.222511813449439,0,0,0,0,0,0,0,0,0,0,0,0,0,0,0,0,0,0,0
"AACTGGGTTCGAGCCG-1_V11L05-333_A1",0.74137520348187,0.25862479651813,0,0,0,0,0,0,0,0,0,0,0,0,0,0,0,0,0,0,0
"AACTGGTGTGGGCCTT-1_V11L05-333_A1",0.692350943563094,0.307649056436906,0,0,0,0,0,0,0,0,0,0,0,0,0,0,0,0,0,0,0
"AACTTCTGCGTCTATC-1_V11L05-333_A1",0.722303923039304,0.277696076960696,0,0,0,0,0,0,0,0,0,0,0,0,0,0,0,0,0,0,0
"AACTTGCCCGTATGCA-1_V11L05-333_A1",0.65237542130111,0.34762457869889,0,0,0,0,0,0,0,0,0,0,0,0,0,0,0,0,0,0,0
"AACTTGCGTTCTCGCG-1_V11L05-333_A1",0.641102308463731,0.193938381542018,0.164959309994251,0,0,0,0,0,0,0,0,0,0,0,0,0,0,0,0,0,0
"AACTTTACGGGAGCTT-1_V11L05-333_A1",0.427486330185337,0.572513669814663,0,0,0,0,0,0,0,0,0,0,0,0,0,0,0,0,0,0,0
"AACTTTAGCTGCTGAG-1_V11L05-333_A1",0.670819288661138,0.329180711338862,0,0,0,0,0,0,0,0,0,0,0,0,0,0,0,0,0,0,0
"AACTTTCTCGATCATG-1_V11L05-333_A1",0.152812122310257,0.408633025527702,0.187312072981817,0,0,0,0,0,0,0,0,0,0,0,0,0.251242779180224,0,0,0,0,0
"AAGAAAGTTTGATGGG-1_V11L05-333_A1",0.209643062981712,0.517401350808259,0.272955586210028,0,0,0,0,0,0,0,0,0,0,0,0,0,0,0,0,0,0
"AAGAAATCACCAGATT-1_V11L05-333_A1",0.102569808627161,0.214232263863303,0.189519558223155,0,0,0,0,0,0,0.11129252039191,0,0,0,0,0,0.382385848894471,0,0,0,0,0
"AAGAAGGATCAGTTAG-1_V11L05-333_A1",0.519383339373346,0.480616660626654,0,0,0,0,0,0,0,0,0,0,0,0,0,0,0,0,0,0,0
"AAGACATACGTGGTTT-1_V11L05-333_A1",0.805991838723627,0.194008161276373,0,0,0,0,0,0,0,0,0,0,0,0,0,0,0,0,0,0,0
"AAGACCAAATAACTCA-1_V11L05-333_A1",0.0228691085921059,0.0857753268872924,0,0.352203156413985,0,0,0,0,0,0,0,0,0.42757897867188,0,0,0,0,0,0,0,0.111573429434737
"AAGACCCAACTGAACA-1_V11L05-333_A1",0.206670696292129,0.246514506101317,0,0,0,0,0,0,0,0,0,0,0,0.130589476959695,0,0,0,0,0,0.416225320646859,0
"AAGACTAACCCGTTGT-1_V11L05-333_A1",0.532564637616046,0.290201780977561,0.177233581406392,0,0,0,0,0,0,0,0,0,0,0,0,0,0,0,0,0,0
"AAGACTCACGCCCACT-1_V11L05-333_A1",0.310336514420656,0.160160964099527,0.0788228947906235,0,0,0,0,0,0,0,0.450679626689193,0,0,0,0,0,0,0,0,0,0
"AAGACTGCAAGCTACT-1_V11L05-333_A1",0.682698928635626,0.317301071364374,0,0,0,0,0,0,0,0,0,0,0,0,0,0,0,0,0,0,0
"AAGAGATGAATCGGTA-1_V11L05-333_A1",0.53971703445562,0.46028296554438,0,0,0,0,0,0,0,0,0,0,0,0,0,0,0,0,0,0,0
"AAGAGCTCTTTATCGG-1_V11L05-333_A1",0.700397761939902,0.299602238060098,0,0,0,0,0,0,0,0,0,0,0,0,0,0,0,0,0,0,0
"AAGAGGATGTACGCGA-1_V11L05-333_A1",0.468101199345858,0.392161378495578,0,0,0,0,0,0,0,0,0,0,0,0,0.139737422158564,0,0,0,0,0,0
"AAGAGGCATGGATCGC-1_V11L05-333_A1",0.725404778154619,0.183606785033052,0.0909884368123288,0,0,0,0,0,0,0,0,0,0,0,0,0,0,0,0,0,0
"AAGAGGCCCTTTGGAA-1_V11L05-333_A1",0.644142284216615,0.355857715783385,0,0,0,0,0,0,0,0,0,0,0,0,0,0,0,0,0,0,0
"AAGATGGCACCGGACC-1_V11L05-333_A1",0,0.250533613044783,0.370817463841759,0,0,0,0,0,0,0,0,0,0,0,0,0,0.105407299159148,0,0,0.273241623954311,0
"AAGATTGGCGGAACGT-1_V11L05-333_A1",0.81132008887768,0.18867991112232,0,0,0,0,0,0,0,0,0,0,0,0,0,0,0,0,0,0,0
"AAGCACCCTGCGTATC-1_V11L05-333_A1",0.718237373955228,0.281762626044772,0,0,0,0,0,0,0,0,0,0,0,0,0,0,0,0,0,0,0
"AAGCATACTCTCCTGA-1_V11L05-333_A1",0.760384004111467,0.239615995888533,0,0,0,0,0,0,0,0,0,0,0,0,0,0,0,0,0,0,0
"AAGCCGAAGCGGTTTA-1_V11L05-333_A1",0.701744655146552,0.298255344853448,0,0,0,0,0,0,0,0,0,0,0,0,0,0,0,0,0,0,0
"AAGCCGCCGTGAAATC-1_V11L05-333_A1",0,0.137111262173571,0.0524502979738535,0,0,0,0,0,0,0,0.234878647485776,0,0,0.425281723417035,0,0,0,0,0,0,0.150278068949765
"AAGCCGCTTTACCTTG-1_V11L05-333_A1",0.153308149054899,0.376593157235137,0,0,0,0,0,0,0,0,0,0,0,0,0,0.470098693709964,0,0,0,0,0
"AAGCCGGAGAGCAGGA-1_V11L05-333_A1",0.0534557458684918,0.156610789104261,0.0699891081355044,0,0,0,0,0,0,0,0,0,0,0,0,0.719944356891743,0,0,0,0,0
"AAGCGCAGGGCTTTGA-1_V11L05-333_A1",0.058380287053042,0.213198633597981,0,0,0,0,0,0,0,0,0,0,0,0,0,0,0,0,0,0.728421079348976,0
"AAGCGGAGTGCGCGCA-1_V11L05-333_A1",0.0694663382742654,0.265872208233321,0,0,0,0,0,0,0,0,0,0,0,0.664661453492413,0,0,0,0,0,0,0
"AAGCGGCGTCATGGGT-1_V11L05-333_A1",0.606552852743909,0.393447147256091,0,0,0,0,0,0,0,0,0,0,0,0,0,0,0,0,0,0,0
"AAGCGTCCCTCATCGA-1_V11L05-333_A1",0,0.210615713946071,0.195342815336249,0,0,0,0,0,0,0,0,0,0,0.306122781887085,0,0,0,0,0,0,0.287918688830594
"AAGCTAGATCGAGTAA-1_V11L05-333_A1",0.811490211631956,0.188509788368044,0,0,0,0,0,0,0,0,0,0,0,0,0,0,0,0,0,0,0
"AAGCTATGGATTGACC-1_V11L05-333_A1",0.277514940638978,0.510612588784766,0.211872470576256,0,0,0,0,0,0,0,0,0,0,0,0,0,0,0,0,0,0
"AAGCTCGTGCCAAGTC-1_V11L05-333_A1",0.703885210012829,0.296114789987171,0,0,0,0,0,0,0,0,0,0,0,0,0,0,0,0,0,0,0
"AAGCTCTTTCATGGTG-1_V11L05-333_A1",0.583984075479167,0.416015924520833,0,0,0,0,0,0,0,0,0,0,0,0,0,0,0,0,0,0,0
"AAGGAGAACTTATAAG-1_V11L05-333_A1",0.503761588478493,0.352649144720783,0.143589266800724,0,0,0,0,0,0,0,0,0,0,0,0,0,0,0,0,0,0
"AAGGAGCGGTTGGTGC-1_V11L05-333_A1",0.663456735235387,0.336543264764613,0,0,0,0,0,0,0,0,0,0,0,0,0,0,0,0,0,0,0
"AAGGATCGATCGCTTG-1_V11L05-333_A1",0.347394871317647,0.420134201591081,0.232470927091272,0,0,0,0,0,0,0,0,0,0,0,0,0,0,0,0,0,0
"AAGGATGAGGGACCTC-1_V11L05-333_A1",0.736146084231611,0.263853915768388,0,0,0,0,0,0,0,0,0,0,0,0,0,0,0,0,0,0,0
"AAGGCAGGCTGTCTCC-1_V11L05-333_A1",0.622880468180066,0.233691818913412,0,0,0,0,0,0,0,0,0,0,0,0,0,0,0,0.143427712906522,0,0,0
"AAGGCGCGTAAAGCTT-1_V11L05-333_A1",0.576372430696076,0.297297609709972,0.126329959593952,0,0,0,0,0,0,0,0,0,0,0,0,0,0,0,0,0,0
"AAGGCTGTGCTCATCG-1_V11L05-333_A1",0.505707861219433,0.347159178799152,0.147132959981415,0,0,0,0,0,0,0,0,0,0,0,0,0,0,0,0,0,0
"AAGGGAACGACTGGCT-1_V11L05-333_A1",0,0.140688476572859,0.0850515824448997,0,0.31581106622523,0,0,0,0,0,0,0,0,0.344234259202336,0,0,0,0,0,0,0.114214615554674
"AAGGGACAGATTCTGT-1_V11L05-333_A1",0.602228757195106,0.218837107906162,0.178934134898732,0,0,0,0,0,0,0,0,0,0,0,0,0,0,0,0,0,0
"AAGGGACTATGCATTC-1_V11L05-333_A1",0,0.277176229390091,0,0,0,0,0,0,0,0,0.0970508603789235,0,0,0.331223030860938,0,0,0,0,0,0,0.294549879370048
"AAGGGTTAGCCATGCG-1_V11L05-333_A1",0.766034487527414,0.233965512472586,0,0,0,0,0,0,0,0,0,0,0,0,0,0,0,0,0,0,0
"AAGGGTTTGATTTCAG-1_V11L05-333_A1",0,0.22311704132513,0.140549496080837,0,0,0,0,0,0,0,0,0,0,0.366721358494914,0,0,0,0,0,0,0.269612104099119
"AAGGTATCCTAATATA-1_V11L05-333_A1",0.650035057155639,0.235793220952441,0.11417172189192,0,0,0,0,0,0,0,0,0,0,0,0,0,0,0,0,0,0
"AAGGTGATAAACCAGC-1_V11L05-333_A1",0.666491302893619,0.171939798212196,0.161568898894185,0,0,0,0,0,0,0,0,0,0,0,0,0,0,0,0,0,0
"AAGTAAGCTTCCAAAC-1_V11L05-333_A1",0.738718019429842,0.261281980570158,0,0,0,0,0,0,0,0,0,0,0,0,0,0,0,0,0,0,0
"AAGTAGAAGACCGGGT-1_V11L05-333_A1",0.755086219860944,0.244913780139056,0,0,0,0,0,0,0,0,0,0,0,0,0,0,0,0,0,0,0
"AAGTAGTGACGCGAGG-1_V11L05-333_A1",0.697063169552537,0.19661225089175,0.106324579555713,0,0,0,0,0,0,0,0,0,0,0,0,0,0,0,0,0,0
"AAGTCAATTGTCGTCA-1_V11L05-333_A1",0.50142245630157,0.49857754369843,0,0,0,0,0,0,0,0,0,0,0,0,0,0,0,0,0,0,0
"AAGTCTAGTAGCTGCC-1_V11L05-333_A1",0.182464010347323,0.315996314502445,0.246335727823666,0,0,0,0,0,0,0,0,0,0,0,0,0.255203947326566,0,0,0,0,0
"AAGTCTTCTGTGGCCT-1_V11L05-333_A1",0.214846908629395,0.489373121182172,0,0,0,0,0,0,0,0,0,0,0,0,0,0,0,0,0,0,0.295779970188433
"AAGTGACGACCGAATT-1_V11L05-333_A1",0.348404063746064,0.457530223235747,0.194065713018189,0,0,0,0,0,0,0,0,0,0,0,0,0,0,0,0,0,0
"AAGTGAGTCGGGTTTA-1_V11L05-333_A1",0.0701614385391218,0.29308183256207,0.0635076038214892,0,0,0,0,0,0.243972670492453,0,0,0,0,0,0,0,0,0,0,0,0.329276454584866
"AAGTGCAAAGGTAGAC-1_V11L05-333_A1",0.625284521826524,0.374715478173476,0,0,0,0,0,0,0,0,0,0,0,0,0,0,0,0,0,0,0
"AAGTGCCTTGACTGTA-1_V11L05-333_A1",0.420130379555509,0.33711178835658,0.242757832087911,0,0,0,0,0,0,0,0,0,0,0,0,0,0,0,0,0,0
"AAGTGCGTTAGAATCT-1_V11L05-333_A1",0.0876829799864365,0.294218857027995,0,0,0,0,0,0,0,0,0,0,0,0.0975334331063372,0,0,0,0,0,0.274784028227989,0.245780701651242
"AAGTGCTTCTCTATTG-1_V11L05-333_A1",0.0873794394958368,0.223447149844134,0,0,0,0,0,0,0,0,0,0,0,0.428161360362788,0,0,0,0,0,0,0.261012050297241
"AAGTGTTTGGAGACGG-1_V11L05-333_A1",0.848268987456891,0.151731012543108,0,0,0,0,0,0,0,0,0,0,0,0,0,0,0,0,0,0,0
"AAGTTCACTCCAAGCT-1_V11L05-333_A1",0.698575096155589,0.301424903844411,0,0,0,0,0,0,0,0,0,0,0,0,0,0,0,0,0,0,0
"AAGTTCAGTCTGCGTA-1_V11L05-333_A1",0.843094895762515,0.156905104237485,0,0,0,0,0,0,0,0,0,0,0,0,0,0,0,0,0,0,0
"AAGTTCGGCCAACAGG-1_V11L05-333_A1",0.21391769008853,0.500628144649596,0,0,0,0,0,0,0,0,0,0,0,0,0,0,0,0,0,0.285454165261874,0
"AAGTTGTGATGTTATA-1_V11L05-333_A1",0.788687181117385,0.211312818882615,0,0,0,0,0,0,0,0,0,0,0,0,0,0,0,0,0,0,0
"AAGTTTACTAATGGCA-1_V11L05-333_A1",0.413867457820234,0.403640689055102,0.182491853124663,0,0,0,0,0,0,0,0,0,0,0,0,0,0,0,0,0,0
"AAGTTTATGGGCCCAA-1_V11L05-333_A1",0.0714845020147027,0.284456545392183,0.128398986818264,0,0,0,0,0,0.289382041299618,0,0,0,0,0,0,0,0,0,0,0,0.226277924475232
"AATAACAACGCTCGGC-1_V11L05-333_A1",0.696355840652346,0.303644159347654,0,0,0,0,0,0,0,0,0,0,0,0,0,0,0,0,0,0,0
"AATAACACTAGAACAA-1_V11L05-333_A1",0.0740414146308609,0.274735052570886,0,0,0,0,0,0,0,0,0,0,0,0.157859518039927,0,0,0,0,0,0.321661144515554,0.171702870242771
"AATAACGTCGCGCCCA-1_V11L05-333_A1",0.582900081531001,0.417099918468999,0,0,0,0,0,0,0,0,0,0,0,0,0,0,0,0,0,0,0
"AATAAGTCCTCGAGAC-1_V11L05-333_A1",0.341454081857906,0.658545918142095,0,0,0,0,0,0,0,0,0,0,0,0,0,0,0,0,0,0,0
"AATAATCTTCGTATCG-1_V11L05-333_A1",0.710722528176116,0.289277471823884,0,0,0,0,0,0,0,0,0,0,0,0,0,0,0,0,0,0,0
"AATACAATGTTTCAGG-1_V11L05-333_A1",0.655168287162483,0.344831712837517,0,0,0,0,0,0,0,0,0,0,0,0,0,0,0,0,0,0,0
"AATACCGGAGGGCTGT-1_V11L05-333_A1",0,0.203926648162666,0.0988066355315543,0,0,0,0,0,0,0,0,0,0,0.514948559689376,0,0,0,0,0,0,0.182318156616404
"AATACCTGATGTGAAC-1_V11L05-333_A1",0.733945664576542,0.266054335423458,0,0,0,0,0,0,0,0,0,0,0,0,0,0,0,0,0,0,0
"AATAGAACAGAGTGGC-1_V11L05-333_A1",0.130128781961181,0.154442784670843,0,0,0,0,0,0,0,0,0,0,0,0,0,0,0.0611170197340584,0,0,0.654311413633918,0
"AATAGAATCTGTTTCA-1_V11L05-333_A1",0.624346528387077,0.375653471612922,0,0,0,0,0,0,0,0,0,0,0,0,0,0,0,0,0,0,0
"AATAGCAAGCCTCCTG-1_V11L05-333_A1",0.184985939792967,0.457433345549611,0,0,0,0,0,0,0,0,0,0,0,0,0,0.357580714657422,0,0,0,0,0
"AATAGCTACCGCGTGC-1_V11L05-333_A1",0.527930570333349,0.279370056525469,0.192699373141182,0,0,0,0,0,0,0,0,0,0,0,0,0,0,0,0,0,0
"AATAGGCACGACCCTT-1_V11L05-333_A1",0.157085355306093,0.345786303592824,0,0,0,0,0,0,0,0,0,0,0,0,0,0,0,0.18673106963561,0,0,0.310397271465474
"AATAGTCCGTCCCGAC-1_V11L05-333_A1",0.0697356751079383,0.346853622547994,0,0,0,0,0,0,0,0,0,0,0,0.111019966287257,0,0,0,0,0,0.472390736056811,0
"AATAGTCGCGAGTCGG-1_V11L05-333_A1",0.721018548591263,0.278981451408737,0,0,0,0,0,0,0,0,0,0,0,0,0,0,0,0,0,0,0
"AATATCAAGGTCGGAT-1_V11L05-333_A1",0.672222815580613,0.327777184419387,0,0,0,0,0,0,0,0,0,0,0,0,0,0,0,0,0,0,0
"AATATCCTAGCAAACT-1_V11L05-333_A1",0.0230561358819946,0.126347011929765,0,0,0,0,0,0,0,0,0,0,0,0,0,0,0,0,0,0.85059685218824,0
"AATATCGAATCAATGC-1_V11L05-333_A1",0,0,0,0,0,0,0,0,0,0,0,0,0,0,0,0,0,0,0,0,0
"AATATCGAGGGTTCTC-1_V11L05-333_A1",0.641264619405832,0.236129903117858,0.122605477476309,0,0,0,0,0,0,0,0,0,0,0,0,0,0,0,0,0,0
"AATATTGGAGTATTGA-1_V11L05-333_A1",0.328395935850447,0.472535576754994,0,0,0,0,0,0,0,0,0,0,0,0,0,0,0,0,0,0,0.199068487394558
"AATCAGACTGCAGGAC-1_V11L05-333_A1",0.599213485048107,0.400786514951893,0,0,0,0,0,0,0,0,0,0,0,0,0,0,0,0,0,0,0
"AATCAGGTTTCATTTA-1_V11L05-333_A1",0.0909785624416179,0.316874413506143,0,0,0,0,0,0,0,0,0,0,0,0.231303971382218,0,0,0,0,0,0,0.360843052670022
"AATCATGTAAAGACTC-1_V11L05-333_A1",0.66481495069269,0.33518504930731,0,0,0,0,0,0,0,0,0,0,0,0,0,0,0,0,0,0,0
"AATCCAAGGGCCTGAG-1_V11L05-333_A1",0.638312773759943,0.361687226240057,0,0,0,0,0,0,0,0,0,0,0,0,0,0,0,0,0,0,0
"AATCCATGCAAGGGTG-1_V11L05-333_A1",0.464584589623777,0.331075060293529,0.204340350082693,0,0,0,0,0,0,0,0,0,0,0,0,0,0,0,0,0,0
"AATCCCGCTCAGAGCC-1_V11L05-333_A1",0,0.303111890158195,0.0849272499083072,0,0.414323425956013,0,0,0,0,0,0,0,0,0.197637433977485,0,0,0,0,0,0,0
"AATCGAGGTCTCAAGG-1_V11L05-333_A1",0.0797173714363116,0.273358299697625,0.201361604813943,0,0.227163507330389,0,0,0,0,0,0,0,0,0,0,0,0,0,0,0,0.218399216721732
"AATCGCCTCAGCGCCA-1_V11L05-333_A1",0.564164259033198,0.29797328520349,0.137862455763312,0,0,0,0,0,0,0,0,0,0,0,0,0,0,0,0,0,0
"AATCGCGCAGAGGACT-1_V11L05-333_A1",0.693819589551902,0.306180410448098,0,0,0,0,0,0,0,0,0,0,0,0,0,0,0,0,0,0,0
"AATCGGGACACTACGA-1_V11L05-333_A1",0.697450143124791,0.302549856875209,0,0,0,0,0,0,0,0,0,0,0,0,0,0,0,0,0,0,0
"AATCGGTATAGCCCTC-1_V11L05-333_A1",0.503187232841828,0.496812767158172,0,0,0,0,0,0,0,0,0,0,0,0,0,0,0,0,0,0,0
"AATCGTGAGCCGAGCA-1_V11L05-333_A1",0.31981207452816,0.489617020711681,0,0,0,0,0,0,0,0,0,0,0,0.190570904760159,0,0,0,0,0,0,0
"AATCTAGGTTTACTTG-1_V11L05-333_A1",0.112584595076828,0.296203868300759,0,0,0,0,0,0,0,0,0,0,0,0.139281598119965,0,0,0,0,0,0.239925436575515,0.212004501926933
"AATCTATGCCGGAGCC-1_V11L05-333_A1",0.790904588980758,0.209095411019242,0,0,0,0,0,0,0,0,0,0,0,0,0,0,0,0,0,0,0
"AATCTCTACTGTGGTT-1_V11L05-333_A1",0.0628619730243281,0.184062856847323,0.0946652731085034,0,0,0,0,0,0,0,0,0,0,0,0,0.658409897019845,0,0,0,0,0
"AATCTGCGTTGGGACG-1_V11L05-333_A1",0.545225887347906,0.305415777130472,0.149358335521623,0,0,0,0,0,0,0,0,0,0,0,0,0,0,0,0,0,0
"AATCTGGCTTTCTAGT-1_V11L05-333_A1",0.0907166762223732,0.284814856236075,0.25352776966213,0,0,0,0,0,0,0,0,0,0,0.370940697879422,0,0,0,0,0,0,0
"AATCTGGGTAGACCCT-1_V11L05-333_A1",0.301648214410472,0.445016323015513,0,0,0,0,0,0,0,0,0,0,0,0,0,0.253335462574015,0,0,0,0,0
"AATGACAGCAATGTCT-1_V11L05-333_A1",0.124233908610974,0.223854744850618,0,0,0,0,0,0,0,0,0,0,0,0,0,0,0,0,0,0.465114025711973,0.186797320826435
"AATGACGTAGGATGTC-1_V11L05-333_A1",0.764112855873847,0.235887144126153,0,0,0,0,0,0,0,0,0,0,0,0,0,0,0,0,0,0,0
"AATGACTGTCAGCCGG-1_V11L05-333_A1",0.573302530838024,0.310512285306502,0.116185183855474,0,0,0,0,0,0,0,0,0,0,0,0,0,0,0,0,0,0
"AATGAGTTCGCATATG-1_V11L05-333_A1",0.67762269388315,0.32237730611685,0,0,0,0,0,0,0,0,0,0,0,0,0,0,0,0,0,0,0
"AATGATGATACGCTAT-1_V11L05-333_A1",0.547841063830019,0.272294495900029,0,0,0,0,0,0,0,0,0.179864440269952,0,0,0,0,0,0,0,0,0,0
"AATGATGCGACTCCTG-1_V11L05-333_A1",0.421797584979901,0.329706316943909,0,0,0,0,0,0,0,0,0,0,0,0,0,0,0,0.248496098076191,0,0,0
"AATGCAACCGGGTACC-1_V11L05-333_A1",0.38831701501308,0.474931390705864,0.136751594281056,0,0,0,0,0,0,0,0,0,0,0,0,0,0,0,0,0,0
"AATGCACCAAGCAATG-1_V11L05-333_A1",0.687164655223052,0.202794100113162,0.110041244663786,0,0,0,0,0,0,0,0,0,0,0,0,0,0,0,0,0,0
"AATGGCCGCCAATGCG-1_V11L05-333_A1",0.0853241975368071,0.25774837310797,0,0,0,0,0,0,0.10079520084761,0,0,0,0,0.311419781146512,0,0,0,0,0,0,0.2447124473611
"AATGGTCCACCGTTCA-1_V11L05-333_A1",0.691881978781575,0.206145735072965,0,0,0,0,0,0,0,0,0,0,0,0,0,0,0.101972286145459,0,0,0,0
"AATGGTTCTCACAAGC-1_V11L05-333_A1",0.744242557384335,0.255757442615665,0,0,0,0,0,0,0,0,0,0,0,0,0,0,0,0,0,0,0
"AATGTATGGCACTGTA-1_V11L05-333_A1",0,0.163149243447305,0,0.352191605233745,0,0,0,0,0,0,0,0,0.484659151318949,0,0,0,0,0,0,0,0
"AATGTGCCCGAGGTGT-1_V11L05-333_A1",0.0757739423186102,0.255250790508093,0,0,0,0,0,0,0,0,0,0,0,0.219695972197625,0,0,0,0,0.226136974736286,0,0.223142320239385
"AATGTGCTAATCTGAG-1_V11L05-333_A1",0,0.224339995068198,0,0,0,0,0,0,0,0,0,0,0.775660004931802,0,0,0,0,0,0,0,0
"AATGTTAAGACCCTGA-1_V11L05-333_A1",0.122206337527932,0.315817821451291,0,0,0,0,0,0,0,0,0,0,0,0.321348243057548,0,0,0,0,0,0,0.240627597963229
"AATGTTGTCGTGAGAC-1_V11L05-333_A1",0.832710980234151,0.167289019765849,0,0,0,0,0,0,0,0,0,0,0,0,0,0,0,0,0,0,0
"AATTAAAGGTCGGCGT-1_V11L05-333_A1",0.726654536672481,0.273345463327519,0,0,0,0,0,0,0,0,0,0,0,0,0,0,0,0,0,0,0
"AATTAACGGATTTCCA-1_V11L05-333_A1",0.435293068757416,0.39239205172225,0,0,0,0,0,0,0,0,0,0,0,0.172314879520334,0,0,0,0,0,0,0
"AATTACGAGACCCATC-1_V11L05-333_A1",0.128307848689091,0.223266610663393,0,0,0,0,0,0,0,0,0,0,0,0.424681828649146,0,0,0,0,0,0,0.22374371199837
"AATTACTCGTACGCTC-1_V11L05-333_A1",0.684659426000082,0.315340573999918,0,0,0,0,0,0,0,0,0,0,0,0,0,0,0,0,0,0,0
"AATTAGCGCTGCAGCG-1_V11L05-333_A1",0.582886388099187,0.417113611900813,0,0,0,0,0,0,0,0,0,0,0,0,0,0,0,0,0,0,0
"AATTATACCCAGCAAG-1_V11L05-333_A1",0,0.308405053464342,0.494265490691848,0,0,0,0,0,0,0,0,0,0,0,0,0,0,0,0,0,0.19732945584381
"AATTCATAAGGGATCT-1_V11L05-333_A1",0.712688298842582,0.287311701157418,0,0,0,0,0,0,0,0,0,0,0,0,0,0,0,0,0,0,0
"AATTCATTGTCATGCA-1_V11L05-333_A1",0.04022358247185,0.150061308573932,0,0,0,0,0,0,0,0,0,0,0.655897111123554,0,0,0,0,0,0,0,0.153817997830665
"AATTCCAACTTGGTGA-1_V11L05-333_A1",0.681415413693411,0.189849173367164,0.128735412939425,0,0,0,0,0,0,0,0,0,0,0,0,0,0,0,0,0,0
"AATTCCAAGCATGTAC-1_V11L05-333_A1",0.0789814802904876,0.230230673802591,0,0,0,0,0,0,0,0,0,0,0,0.478460335818933,0,0,0,0,0,0,0.212327510087989
"AATTCGATTCGAGGAT-1_V11L05-333_A1",0.285444005027622,0.411558959979146,0,0,0,0,0,0,0,0,0,0,0,0,0,0,0,0,0,0.302997034993233,0
"AATTCTAGAGTTAGGC-1_V11L05-333_A1",0.700577446553215,0.299422553446785,0,0,0,0,0,0,0,0,0,0,0,0,0,0,0,0,0,0,0
"AATTGAACGCTCTGGT-1_V11L05-333_A1",0.76027135453866,0.239728645461339,0,0,0,0,0,0,0,0,0,0,0,0,0,0,0,0,0,0,0
"AATTGCAGCAATCGAC-1_V11L05-333_A1",0.794571744363705,0.205428255636295,0,0,0,0,0,0,0,0,0,0,0,0,0,0,0,0,0,0,0
"AATTGCGTGGATTACA-1_V11L05-333_A1",0,0.343772596297207,0.234523909062508,0,0,0,0,0,0,0,0,0,0.421703494640285,0,0,0,0,0,0,0,0
"AATTGTGGTTGCCAAA-1_V11L05-333_A1",0.519591407626942,0.480408592373058,0,0,0,0,0,0,0,0,0,0,0,0,0,0,0,0,0,0,0
"AATTTGGGACATAGTA-1_V11L05-333_A1",0.478428063575566,0.259118541539777,0,0,0,0,0,0,0,0,0,0,0,0,0,0.262453394884657,0,0,0,0,0
"AATTTGGTTCCAAAGA-1_V11L05-333_A1",0.607727598504728,0.392272401495272,0,0,0,0,0,0,0,0,0,0,0,0,0,0,0,0,0,0,0
"ACAAACCATGCGTCCT-1_V11L05-333_A1",0,0.230131052036676,0.085743116647373,0,0,0,0,0,0,0,0,0,0.518556253757706,0,0,0,0,0,0,0,0.165569577558245
"ACAAACCGACAAGGCG-1_V11L05-333_A1",0.448849884961447,0.309780974389114,0.241369140649439,0,0,0,0,0,0,0,0,0,0,0,0,0,0,0,0,0,0
"ACAAACTCCATCAGAG-1_V11L05-333_A1",0,0.244992183584312,0.357087186921806,0,0,0,0,0,0,0,0,0,0,0.397920629493883,0,0,0,0,0,0,0
"ACAAAGAAGGTAGGCC-1_V11L05-333_A1",0.0880685789715806,0.124438986673636,0,0,0,0,0,0,0,0,0,0,0,0,0,0,0,0,0,0.787492434354783,0
"ACAAAGCATGACCTAG-1_V11L05-333_A1",0.881339703862526,0.118660296137474,0,0,0,0,0,0,0,0,0,0,0,0,0,0,0,0,0,0,0
"ACAAATCGCACCGAAT-1_V11L05-333_A1",0.860022793944192,0.139977206055808,0,0,0,0,0,0,0,0,0,0,0,0,0,0,0,0,0,0,0
"ACAAATGGTAGTGTTT-1_V11L05-333_A1",0.78145220388887,0.152385899789922,0.0661618963212079,0,0,0,0,0,0,0,0,0,0,0,0,0,0,0,0,0,0
"ACAAATTCAGATCTGA-1_V11L05-333_A1",0.373655851735063,0.276956823594476,0.197125501423079,0,0,0,0,0,0,0,0,0,0,0,0,0.152261823247382,0,0,0,0,0
"ACAACAGCATGAGCTA-1_V11L05-333_A1",0.729752111705812,0.270247888294188,0,0,0,0,0,0,0,0,0,0,0,0,0,0,0,0,0,0,0
"ACAACGGTCCCTGCGA-1_V11L05-333_A1",0.704878131696517,0.295121868303483,0,0,0,0,0,0,0,0,0,0,0,0,0,0,0,0,0,0,0
"ACAAGCAGTGCCTAGC-1_V11L05-333_A1",0.645601482367776,0.354398517632224,0,0,0,0,0,0,0,0,0,0,0,0,0,0,0,0,0,0,0
"ACAAGCTATATGGAAG-1_V11L05-333_A1",0.196229070507735,0.398898657050298,0,0,0,0,0,0,0,0,0,0,0,0,0,0.213277393458476,0,0,0,0,0.191594878983492
"ACAAGGAAATCCGCCC-1_V11L05-333_A1",0.761920438728116,0.238079561271884,0,0,0,0,0,0,0,0,0,0,0,0,0,0,0,0,0,0,0
"ACAAGGACAAGAGGTT-1_V11L05-333_A1",0.683490774824233,0.316509225175767,0,0,0,0,0,0,0,0,0,0,0,0,0,0,0,0,0,0,0
"ACAAGGATGCTTTAGG-1_V11L05-333_A1",0.802811855548424,0.197188144451576,0,0,0,0,0,0,0,0,0,0,0,0,0,0,0,0,0,0,0
"ACAAGGCCTACCAGCC-1_V11L05-333_A1",0.0825809516453278,0.228147220749407,0.108961117927368,0,0,0,0,0,0,0,0,0,0,0,0.580310709677897,0,0,0,0,0,0
"ACAAGGGCAGGCTCTG-1_V11L05-333_A1",0.872734614210707,0.127265385789293,0,0,0,0,0,0,0,0,0,0,0,0,0,0,0,0,0,0,0
"ACAAGTAATTGTAAGG-1_V11L05-333_A1",0.150914286261585,0.493369488425995,0.182432427021182,0,0,0,0,0,0,0,0,0,0,0,0,0,0,0,0,0,0.173283798291237
"ACAATAGTCGTACGTT-1_V11L05-333_A1",0.129204533407527,0.265233025560433,0,0,0,0,0,0,0,0,0.402694580023179,0,0,0,0,0,0,0,0,0,0.202867861008861
"ACAATCCATTTAAACC-1_V11L05-333_A1",0.343230354793114,0.16816968826031,0,0,0,0,0,0,0,0,0,0,0,0,0,0.488599956946577,0,0,0,0,0
"ACAATCGATCTTTATA-1_V11L05-333_A1",0.421333173032881,0.386753025132434,0.191913801834685,0,0,0,0,0,0,0,0,0,0,0,0,0,0,0,0,0,0
"ACAATGAATACGGAGA-1_V11L05-333_A1",0.0611779902870525,0.233643846472151,0,0,0,0,0,0,0,0,0.441209311002263,0,0,0,0,0,0,0,0,0,0.263968852238533
"ACAATGATTCTTCTAC-1_V11L05-333_A1",0.186458918527623,0.456892406571232,0.149462448629989,0,0,0,0,0,0,0,0,0,0.207186226271156,0,0,0,0,0,0,0,0
"ACAATTGTGTCTCTTT-1_V11L05-333_A1",0.722873727033794,0.277126272966207,0,0,0,0,0,0,0,0,0,0,0,0,0,0,0,0,0,0,0
"ACAATTTAGGAGGCTC-1_V11L05-333_A1",0.498606070170287,0.262888134475521,0,0,0,0,0,0,0,0,0,0,0,0,0,0.238505795354192,0,0,0,0,0
"ACAATTTGAGCAGTGG-1_V11L05-333_A1",0.825419060394192,0.174580939605808,0,0,0,0,0,0,0,0,0,0,0,0,0,0,0,0,0,0,0
"ACAATTTGGCCATATT-1_V11L05-333_A1",0.226190704147838,0.269885088656986,0,0,0,0,0,0,0,0,0.503924207195176,0,0,0,0,0,0,0,0,0,0
"ACACAAAGACGGGTGG-1_V11L05-333_A1",0.445200266073123,0.367118299622032,0.187681434304845,0,0,0,0,0,0,0,0,0,0,0,0,0,0,0,0,0,0
"ACACAAATATTCCTAG-1_V11L05-333_A1",0.191621220190137,0.391460519935084,0.100676072652704,0,0,0,0,0,0,0,0,0,0,0.316242187222075,0,0,0,0,0,0,0
"ACACACCAGGACCAGT-1_V11L05-333_A1",0.761882018136257,0.238117981863743,0,0,0,0,0,0,0,0,0,0,0,0,0,0,0,0,0,0,0
"ACACACTTTCTACACG-1_V11L05-333_A1",0.587774518243116,0.412225481756884,0,0,0,0,0,0,0,0,0,0,0,0,0,0,0,0,0,0,0
"ACACATGATCAAATCT-1_V11L05-333_A1",0.0722802511216293,0.326064290194981,0,0,0,0,0,0,0,0,0,0,0,0.30225498115847,0,0,0,0,0,0,0.29940047752492
"ACACATTGACGCAACA-1_V11L05-333_A1",0.579735765343434,0.307890799773465,0.112373434883101,0,0,0,0,0,0,0,0,0,0,0,0,0,0,0,0,0,0
"ACACATTTCCGTAGAC-1_V11L05-333_A1",0.0721928869346214,0.103599936635145,0,0.525136131233241,0,0,0,0,0,0,0,0,0,0.299071045196993,0,0,0,0,0,0,0
"ACACCACATAATTAGC-1_V11L05-333_A1",0.766006912705487,0.233993087294513,0,0,0,0,0,0,0,0,0,0,0,0,0,0,0,0,0,0,0
"ACACCCAGCATGCAGC-1_V11L05-333_A1",0.676900346172057,0.323099653827943,0,0,0,0,0,0,0,0,0,0,0,0,0,0,0,0,0,0,0
"ACACCCGAGAAATCCG-1_V11L05-333_A1",0.717887134022636,0.282112865977364,0,0,0,0,0,0,0,0,0,0,0,0,0,0,0,0,0,0,0
"ACACCCGTAAATCTGT-1_V11L05-333_A1",0,0.172213003293543,0,0,0,0,0,0,0,0,0,0,0,0.600769496423929,0,0,0,0,0,0,0.227017500282528
"ACACCGAGCGCTCTTT-1_V11L05-333_A1",0.609926995604153,0.390073004395847,0,0,0,0,0,0,0,0,0,0,0,0,0,0,0,0,0,0,0
"ACACCGGTCTGACCGC-1_V11L05-333_A1",0.0386719958708557,0.190831786280602,0,0,0.31035889764358,0,0,0,0,0,0,0,0.460137320204962,0,0,0,0,0,0,0,0
"ACACCTTAAGTAGGGC-1_V11L05-333_A1",0.511367101159471,0.263361191623735,0,0,0,0,0,0,0,0,0,0,0,0,0,0,0.225271707216794,0,0,0,0
"ACACCTTACTACTTGC-1_V11L05-333_A1",0.580095641125964,0.419904358874036,0,0,0,0,0,0,0,0,0,0,0,0,0,0,0,0,0,0,0
"ACACGAGACTCCTTCT-1_V11L05-333_A1",0.637548971782373,0.21917966641471,0.143271361802916,0,0,0,0,0,0,0,0,0,0,0,0,0,0,0,0,0,0
"ACACGGCACTATGCAT-1_V11L05-333_A1",0.257478537200022,0.21882401161902,0,0,0,0,0,0,0,0.523697451180958,0,0,0,0,0,0,0,0,0,0,0
"ACACGGGAACTTAGGG-1_V11L05-333_A1",0.816940854915905,0.183059145084095,0,0,0,0,0,0,0,0,0,0,0,0,0,0,0,0,0,0,0
"ACACGTAGGCCACAAG-1_V11L05-333_A1",0.590736222772228,0.409263777227772,0,0,0,0,0,0,0,0,0,0,0,0,0,0,0,0,0,0,0
"ACACTCCAATGTCACT-1_V11L05-333_A1",0.771852700600113,0.228147299399887,0,0,0,0,0,0,0,0,0,0,0,0,0,0,0,0,0,0,0
"ACACTGATCAAGGTGT-1_V11L05-333_A1",0.14255716189318,0.27518521483841,0.114043402493122,0,0,0,0,0,0,0,0,0,0,0,0,0,0,0,0,0.27159129355325,0.196622927222037
"ACACTGGGACAGTCGT-1_V11L05-333_A1",0.579888639286954,0.246519420246509,0,0,0,0,0,0,0,0,0,0,0,0,0,0.173591940466537,0,0,0,0,0
"ACAGAACTGAGAACAA-1_V11L05-333_A1",0.128495787024895,0.265264752104277,0,0,0,0,0,0,0,0,0,0,0,0.109307428321853,0,0,0,0,0,0.298071693040722,0.198860339508252
"ACAGATTAGGTTAGTG-1_V11L05-333_A1",0.507668588243816,0.199643260117873,0.292688151638312,0,0,0,0,0,0,0,0,0,0,0,0,0,0,0,0,0,0
"ACAGCATAGAGCCAGT-1_V11L05-333_A1",0.63495270482572,0.36504729517428,0,0,0,0,0,0,0,0,0,0,0,0,0,0,0,0,0,0,0
"ACAGCGACATTCTCAT-1_V11L05-333_A1",0.753256142398633,0.246743857601367,0,0,0,0,0,0,0,0,0,0,0,0,0,0,0,0,0,0,0
"ACAGCGCACCCGCAGC-1_V11L05-333_A1",0.477775108731627,0.33318217144456,0.189042719823813,0,0,0,0,0,0,0,0,0,0,0,0,0,0,0,0,0,0
"ACAGGAGGCGCAGCCG-1_V11L05-333_A1",0.574977772282102,0.325026493862094,0.0999957338558046,0,0,0,0,0,0,0,0,0,0,0,0,0,0,0,0,0,0
"ACAGGCACGGATCCTT-1_V11L05-333_A1",0,0,0,0,0,0,0,0,0,0,0,0,0,0,0,0,0,0,0,0,0
"ACAGGCTTGCCCGACT-1_V11L05-333_A1",0.607226749271782,0.216049594974974,0,0,0,0,0,0,0,0,0,0,0,0,0,0,0,0.176723655753243,0,0,0
"ACAGGTGGAGGTGAGG-1_V11L05-333_A1",0.0762759911586097,0.203776015560331,0,0,0,0,0,0,0,0,0,0,0,0,0,0,0,0,0,0.496278983685532,0.223669009595526
"ACAGGTGTGTTGTTGC-1_V11L05-333_A1",0.264904372463171,0.404545011747426,0,0,0,0,0,0,0,0,0,0,0,0.330550615789402,0,0,0,0,0,0,0
"ACAGTAATACAACTTG-1_V11L05-333_A1",0.0778517614732339,0.296177390255431,0,0,0,0,0,0,0,0,0,0,0,0.327043444967926,0,0,0,0,0,0,0.298927403303409
"ACAGTATACCGTGGGA-1_V11L05-333_A1",0.148415304529168,0.274756926805878,0.135552120620202,0,0,0,0,0,0,0,0,0,0,0,0,0.441275648044752,0,0,0,0,0
"ACAGTGCAGCGCATTT-1_V11L05-333_A1",0.113664591199616,0.268395868325455,0,0,0,0,0,0,0,0,0,0,0,0,0.449800320751763,0,0,0,0,0,0.168139219723166
"ACATAAGTCGTGGTGA-1_V11L05-333_A1",0.0460021572302905,0.186354454958966,0,0,0,0,0,0,0,0,0,0,0.305386806586389,0,0,0,0,0,0,0.273315560127753,0.188941021096601
"ACATAATAAGGCGGTG-1_V11L05-333_A1",0.629650450235615,0.25448339274169,0.115866157022695,0,0,0,0,0,0,0,0,0,0,0,0,0,0,0,0,0,0
"ACATACAATCAAGCGG-1_V11L05-333_A1",0.27796886537008,0.262654276670737,0,0,0,0,0,0,0.275870164900078,0,0,0,0,0,0,0,0,0,0,0,0.183506693059104
"ACATCAGCTGGGACGC-1_V11L05-333_A1",0.483788791357933,0.405280376329131,0.110930832312936,0,0,0,0,0,0,0,0,0,0,0,0,0,0,0,0,0,0
"ACATCCCGGCCATACG-1_V11L05-333_A1",0.11068490799404,0.264794128630378,0,0,0,0,0,0,0,0,0,0,0,0.164428456666951,0,0,0,0,0,0.319513129221382,0.14057937748725
"ACATCCTGGTAACTGT-1_V11L05-333_A1",0.79688898722426,0.20311101277574,0,0,0,0,0,0,0,0,0,0,0,0,0,0,0,0,0,0,0
"ACATCGATCGTTTACC-1_V11L05-333_A1",0.753549774135875,0.246450225864125,0,0,0,0,0,0,0,0,0,0,0,0,0,0,0,0,0,0,0
"ACATCGCAATATTCGG-1_V11L05-333_A1",0.358711376966403,0.315208932146815,0.326079690886782,0,0,0,0,0,0,0,0,0,0,0,0,0,0,0,0,0,0
"ACATCGGTCAGCCGCG-1_V11L05-333_A1",0.300623479225246,0.236551619186254,0.0946493165785669,0,0,0,0,0,0,0,0,0,0,0,0,0,0,0,0,0.368175585009933,0
"ACATCGTATGCAATGG-1_V11L05-333_A1",0.646831870924352,0.353168129075648,0,0,0,0,0,0,0,0,0,0,0,0,0,0,0,0,0,0,0
"ACATCGTTAACCTAGT-1_V11L05-333_A1",0.417050601919493,0.582949398080507,0,0,0,0,0,0,0,0,0,0,0,0,0,0,0,0,0,0,0
"ACATCTCAACGCGTAA-1_V11L05-333_A1",0.297610975810316,0.156341590966126,0.122622568507204,0,0,0,0,0,0,0,0,0,0,0.423424864716355,0,0,0,0,0,0,0
"ACATGCTTACGGCAGC-1_V11L05-333_A1",0.0890378367708008,0.417832911234469,0.300638239767881,0,0,0,0,0,0,0,0,0,0,0,0,0,0,0,0,0,0.192491012226849
"ACATGGCGCCAAAGTA-1_V11L05-333_A1",0.502855090395048,0.297134632510571,0.200010277094381,0,0,0,0,0,0,0,0,0,0,0,0,0,0,0,0,0,0
"ACATGGCTCAATTTAG-1_V11L05-333_A1",0.764888082269135,0.235111917730865,0,0,0,0,0,0,0,0,0,0,0,0,0,0,0,0,0,0,0
"ACATTAGTTTATATCC-1_V11L05-333_A1",0.389814052526176,0.610185947473824,0,0,0,0,0,0,0,0,0,0,0,0,0,0,0,0,0,0,0
"ACATTCGCGCGGAATA-1_V11L05-333_A1",0.101872797116838,0.326563459982876,0.187735170207499,0,0,0,0,0,0,0,0,0,0,0.383828572692786,0,0,0,0,0,0,0
"ACATTTGAAACCTAAC-1_V11L05-333_A1",0.815818445512479,0.184181554487521,0,0,0,0,0,0,0,0,0,0,0,0,0,0,0,0,0,0,0
"ACCAAACACCCAGCGA-1_V11L05-333_A1",0.150446834570519,0.171402691741755,0.0861092313093201,0,0,0,0,0,0,0,0,0,0,0,0,0.592041242378407,0,0,0,0,0
"ACCAAACTAGAAATCC-1_V11L05-333_A1",0.553421860397188,0.446578139602812,0,0,0,0,0,0,0,0,0,0,0,0,0,0,0,0,0,0,0
"ACCAACACCACACACT-1_V11L05-333_A1",0.525119695396659,0.186196534312192,0.10238092356002,0,0,0,0,0,0,0,0,0,0,0,0,0.18630284673113,0,0,0,0,0
"ACCAACCGCACTCCAC-1_V11L05-333_A1",0.73293590898262,0.26706409101738,0,0,0,0,0,0,0,0,0,0,0,0,0,0,0,0,0,0,0
"ACCAACGCTTATTTAT-1_V11L05-333_A1",0.145426238486837,0.389695730267205,0,0,0,0,0,0,0,0,0,0,0,0,0,0,0,0,0,0.464878031245958,0
"ACCAAGAACGCGTGTC-1_V11L05-333_A1",0.421777054526136,0.356770907473649,0.221452038000215,0,0,0,0,0,0,0,0,0,0,0,0,0,0,0,0,0,0
"ACCAAGTCATCGGCAG-1_V11L05-333_A1",0,0,0,0,0,0,0,0,0,0,0,0,0,0,0,0,0,0,0,0,0
"ACCAATATGCAAGTTA-1_V11L05-333_A1",0.42666115008687,0.226372546805002,0.346966303108128,0,0,0,0,0,0,0,0,0,0,0,0,0,0,0,0,0,0
"ACCACAACTCAGAACA-1_V11L05-333_A1",0.315389290806021,0.327937494320749,0.103706497158712,0,0,0,0,0,0,0,0,0,0,0,0,0.252966717714518,0,0,0,0,0
"ACCACAAGTTTCTATC-1_V11L05-333_A1",0.740713213366067,0.259286786633933,0,0,0,0,0,0,0,0,0,0,0,0,0,0,0,0,0,0,0
"ACCACACGGTTGATGG-1_V11L05-333_A1",0.183703586366661,0.249172266524998,0,0,0,0,0,0,0,0,0,0,0,0.378016157658281,0,0,0,0,0,0,0.18910798945006
"ACCACCAATGTAACAA-1_V11L05-333_A1",0.205408250292907,0.794591749707092,0,0,0,0,0,0,0,0,0,0,0,0,0,0,0,0,0,0,0
"ACCACCCTCTCTTCTA-1_V11L05-333_A1",0.0824059812934125,0.202356646057597,0,0,0,0,0,0,0,0,0,0,0,0,0,0.71523737264899,0,0,0,0,0
"ACCACGTGCAGCTATA-1_V11L05-333_A1",0.816278395711941,0.183721604288059,0,0,0,0,0,0,0,0,0,0,0,0,0,0,0,0,0,0,0
"ACCACTGTTCAAGAAG-1_V11L05-333_A1",0.787372528414943,0.212627471585057,0,0,0,0,0,0,0,0,0,0,0,0,0,0,0,0,0,0,0
"ACCAGACCATAACAAC-1_V11L05-333_A1",0.252813106373127,0.181246729034506,0,0,0,0,0,0,0,0,0,0,0,0,0.565940164592367,0,0,0,0,0,0
"ACCAGCCCGGTCTTTG-1_V11L05-333_A1",0.451084265527401,0.548915734472599,0,0,0,0,0,0,0,0,0,0,0,0,0,0,0,0,0,0,0
"ACCAGGAGTGTGATCT-1_V11L05-333_A1",0.633080180594713,0.366919819405287,0,0,0,0,0,0,0,0,0,0,0,0,0,0,0,0,0,0,0
"ACCAGTGCCCGGTCAA-1_V11L05-333_A1",0.484094490974965,0.358244355523524,0.157661153501511,0,0,0,0,0,0,0,0,0,0,0,0,0,0,0,0,0,0
"ACCAGTGCGGGAGACG-1_V11L05-333_A1",0.670708872979335,0.329291127020665,0,0,0,0,0,0,0,0,0,0,0,0,0,0,0,0,0,0,0
"ACCATATCCGCAATAA-1_V11L05-333_A1",0.719166619143187,0.280833380856813,0,0,0,0,0,0,0,0,0,0,0,0,0,0,0,0,0,0,0
"ACCATCCGCCAACTAG-1_V11L05-333_A1",0.120847748495587,0.392769869350849,0,0,0,0,0,0,0,0,0,0,0,0,0,0,0,0,0,0.222937439131942,0.263444943021622
"ACCATCGTATATGGTA-1_V11L05-333_A1",0.317386838064742,0.177700946526203,0.0970304487132192,0,0,0,0,0,0,0,0,0,0,0.407881766695836,0,0,0,0,0,0,0
"ACCATTAAGGGTGTCA-1_V11L05-333_A1",0.637813484439678,0.362186515560322,0,0,0,0,0,0,0,0,0,0,0,0,0,0,0,0,0,0,0
"ACCCAACGCCCGTGGC-1_V11L05-333_A1",0.50533152600927,0.367776573141705,0.126891900849026,0,0,0,0,0,0,0,0,0,0,0,0,0,0,0,0,0,0
"ACCCACCTACATGCTC-1_V11L05-333_A1",0.538514463553526,0.461485536446474,0,0,0,0,0,0,0,0,0,0,0,0,0,0,0,0,0,0,0
"ACCCATCTTGAGGGTA-1_V11L05-333_A1",0.716797079171865,0.283202920828135,0,0,0,0,0,0,0,0,0,0,0,0,0,0,0,0,0,0,0
"ACCCATTTGTCCCTCT-1_V11L05-333_A1",0.816698006022455,0.183301993977545,0,0,0,0,0,0,0,0,0,0,0,0,0,0,0,0,0,0,0
"ACCCGAGCGAAATTAC-1_V11L05-333_A1",0,0.299824792048976,0,0,0,0,0,0,0,0,0,0,0,0.371946064442934,0,0,0,0,0,0,0.328229143508091
"ACCCGATTGGTTCCGA-1_V11L05-333_A1",0,0.134855315248158,0.0505449692937479,0,0,0,0,0,0,0,0,0,0,0,0.814599715458094,0,0,0,0,0,0
"ACCCGGAAACTCCCAG-1_V11L05-333_A1",0.306959188927222,0.264798037249716,0.0797424345750691,0,0,0,0,0,0,0,0,0,0,0.348500339247994,0,0,0,0,0,0,0
"ACCCGGAGCACCACAA-1_V11L05-333_A1",0.734490122676637,0.265509877323363,0,0,0,0,0,0,0,0,0,0,0,0,0,0,0,0,0,0,0
"ACCCGGATGACGCATC-1_V11L05-333_A1",0.529126169990175,0.225774874343463,0.245098955666362,0,0,0,0,0,0,0,0,0,0,0,0,0,0,0,0,0,0
"ACCCGGTTACACTTCC-1_V11L05-333_A1",0.636545077068944,0.24302464077875,0,0,0,0,0,0,0.120430282152305,0,0,0,0,0,0,0,0,0,0,0,0
"ACCCGTAGCAGAGAAT-1_V11L05-333_A1",0.174165231663479,0.55885903417857,0,0.266975734157951,0,0,0,0,0,0,0,0,0,0,0,0,0,0,0,0,0
"ACCCGTAGTCTAGTTG-1_V11L05-333_A1",0.470292452202923,0.529707547797077,0,0,0,0,0,0,0,0,0,0,0,0,0,0,0,0,0,0,0
"ACCCGTGTCATCAGTA-1_V11L05-333_A1",0.138751064533702,0.290332153534589,0,0,0,0,0,0,0,0,0,0,0,0,0,0,0,0,0,0.570916781931708,0
"ACCCTATAGGACTGAG-1_V11L05-333_A1",0.625976872780062,0.374023127219938,0,0,0,0,0,0,0,0,0,0,0,0,0,0,0,0,0,0,0
"ACCCTATGCCATATCG-1_V11L05-333_A1",0,0.206019086742842,0,0,0,0,0,0,0,0,0,0,0,0.296679034169823,0,0,0,0,0.277638966788615,0,0.21966291229872
"ACCCTCCCGTCAGGGC-1_V11L05-333_A1",0,0,0,0,0,0,0,0,0,0,0,0,0,0,0,0,0,0,0,0,0
"ACCCTCCCTTGCTATT-1_V11L05-333_A1",0.759018611326718,0.240981388673282,0,0,0,0,0,0,0,0,0,0,0,0,0,0,0,0,0,0,0
"ACCCTGGTAACGCCCT-1_V11L05-333_A1",0.254124057485148,0.224190842625847,0.0999024879848486,0,0,0,0,0,0,0,0,0,0,0,0,0.421782611904157,0,0,0,0,0
"ACCCTTCATCTGCGAA-1_V11L05-333_A1",0.660607191298187,0.192455746276999,0.146937062424815,0,0,0,0,0,0,0,0,0,0,0,0,0,0,0,0,0,0
"ACCCTTGCCTGGGTCG-1_V11L05-333_A1",0.126247550807549,0.330841156287708,0.133203221212257,0,0,0,0,0,0,0,0,0,0,0,0,0.409708071692486,0,0,0,0,0
"ACCCTTTAGTTCTCCA-1_V11L05-333_A1",0.349273940870861,0.221241756475769,0,0,0,0,0,0,0,0,0,0,0,0.42948430265337,0,0,0,0,0,0,0
"ACCGAAAGGGCCCTGC-1_V11L05-333_A1",0.659695407505788,0.340304592494212,0,0,0,0,0,0,0,0,0,0,0,0,0,0,0,0,0,0,0
"ACCGAAGAGTCTGGTT-1_V11L05-333_A1",0.0714434471759163,0.24276996264746,0.070813929083486,0,0,0,0,0,0,0,0,0,0,0.291057538024473,0,0,0,0,0,0,0.323915123068665
"ACCGACACATCTCCCA-1_V11L05-333_A1",0.108289229451361,0.268085668817448,0.0799745628235595,0,0,0,0,0,0,0,0,0,0,0.137036782307031,0,0,0,0,0,0.406613756600601,0
"ACCGACTGAGTCCCAC-1_V11L05-333_A1",0.624737622566514,0.375262377433486,0,0,0,0,0,0,0,0,0,0,0,0,0,0,0,0,0,0,0
"ACCGAGTCTCCTTATT-1_V11L05-333_A1",0.0854473350669624,0.143727638360993,0,0.409660772784476,0,0,0,0,0,0,0,0,0,0.361164253787569,0,0,0,0,0,0,0
"ACCGATAGGCATAACC-1_V11L05-333_A1",0.788681409038722,0.211318590961278,0,0,0,0,0,0,0,0,0,0,0,0,0,0,0,0,0,0,0
"ACCGATATTTAATCAT-1_V11L05-333_A1",0.687464134830107,0.312535865169893,0,0,0,0,0,0,0,0,0,0,0,0,0,0,0,0,0,0,0
"ACCGATGGTAGCATCG-1_V11L05-333_A1",0.457131488795133,0.246104194080063,0.296764317124804,0,0,0,0,0,0,0,0,0,0,0,0,0,0,0,0,0,0
"ACCGCAATAACTGCCT-1_V11L05-333_A1",0.76718099956791,0.23281900043209,0,0,0,0,0,0,0,0,0,0,0,0,0,0,0,0,0,0,0
"ACCGCGGTGGAAGTCG-1_V11L05-333_A1",0.798881428751011,0.201118571248989,0,0,0,0,0,0,0,0,0,0,0,0,0,0,0,0,0,0,0
"ACCGCTAGTCATTGGT-1_V11L05-333_A1",0,0.478373033203635,0,0,0,0,0,0,0,0,0,0,0,0,0,0,0,0,0,0,0.521626966796365
"ACCGGGCCTTTGTTGA-1_V11L05-333_A1",0.675247330040313,0.324752669959687,0,0,0,0,0,0,0,0,0,0,0,0,0,0,0,0,0,0,0
"ACCGGTCAGGTACACC-1_V11L05-333_A1",0.124753621867057,0.331847244845556,0,0,0,0,0,0,0,0,0,0,0,0.297026887923162,0,0,0,0,0,0,0.246372245364225
"ACCGGTCTGAGTACGG-1_V11L05-333_A1",0.392424851491411,0.297892043547088,0.3096831049615,0,0,0,0,0,0,0,0,0,0,0,0,0,0,0,0,0,0
"ACCGTCCACTGGGCCC-1_V11L05-333_A1",0,0.206829351656709,0.120936263761632,0,0,0,0,0,0,0,0,0,0.513155843267933,0,0,0,0,0,0,0,0.159078541313726
"ACCGTGACCACGTGGG-1_V11L05-333_A1",0.0999525402723289,0.293439685107828,0,0,0,0,0,0,0,0,0,0,0,0.353133025500799,0,0,0,0,0,0,0.253474749119044
"ACCGTTCCCGCTCTGA-1_V11L05-333_A1",0.650848074507606,0.349151925492394,0,0,0,0,0,0,0,0,0,0,0,0,0,0,0,0,0,0,0
"ACCTAAGTACCTTTCA-1_V11L05-333_A1",0,0.30919433244608,0,0,0,0,0,0,0,0,0,0,0,0.11777767025583,0,0,0,0,0,0.370920566181514,0.202107431116576
"ACCTAATCGACTTCCT-1_V11L05-333_A1",0.774972547878291,0.225027452121709,0,0,0,0,0,0,0,0,0,0,0,0,0,0,0,0,0,0,0
"ACCTACAGTATGTGGT-1_V11L05-333_A1",0.687237107158489,0.19842259780059,0.114340295040921,0,0,0,0,0,0,0,0,0,0,0,0,0,0,0,0,0,0
"ACCTACTATAAATCTA-1_V11L05-333_A1",0.105063866386073,0.222725913905786,0.067666969419079,0,0,0,0,0,0,0,0,0,0,0.392949409504179,0,0,0,0,0,0,0.211593840784884
"ACCTCAGCGAGGCGCA-1_V11L05-333_A1",0.573393007375824,0.426606992624176,0,0,0,0,0,0,0,0,0,0,0,0,0,0,0,0,0,0,0
"ACCTCCGCCCTCGCTG-1_V11L05-333_A1",0.70969611863385,0.29030388136615,0,0,0,0,0,0,0,0,0,0,0,0,0,0,0,0,0,0,0
"ACCTCCGTTATTCACC-1_V11L05-333_A1",0.516158173203985,0.249886828735371,0.233954998060644,0,0,0,0,0,0,0,0,0,0,0,0,0,0,0,0,0,0
"ACCTCGAACTTATGCT-1_V11L05-333_A1",0,0.253856664213783,0,0,0,0,0,0,0,0,0,0,0.746143335786217,0,0,0,0,0,0,0,0
"ACCTGCGTGTCATGTT-1_V11L05-333_A1",0.18347106612868,0.485376103253832,0,0,0,0,0,0,0,0,0,0,0,0,0,0,0,0,0,0,0.331152830617488
"ACCTTTCCTTTAGAAG-1_V11L05-333_A1",0.324766415214954,0.240654554013497,0.15449474288342,0,0,0,0,0,0,0,0,0.280084287888129,0,0,0,0,0,0,0,0,0
"ACGAAATGGGCGGCAC-1_V11L05-333_A1",0.67686703077149,0.323132969228509,0,0,0,0,0,0,0,0,0,0,0,0,0,0,0,0,0,0,0
"ACGACCCATGAGTTGC-1_V11L05-333_A1",0.789753433322053,0.210246566677947,0,0,0,0,0,0,0,0,0,0,0,0,0,0,0,0,0,0,0
"ACGACTCTAGGGCCGA-1_V11L05-333_A1",0.636321075664843,0.363678924335157,0,0,0,0,0,0,0,0,0,0,0,0,0,0,0,0,0,0,0
"ACGACTGGTCATACTC-1_V11L05-333_A1",0,0.149638065701629,0,0.395880411382255,0,0,0,0,0,0,0,0,0.454481522916116,0,0,0,0,0,0,0,0
"ACGAGAACCCATCACG-1_V11L05-333_A1",0.786642766864188,0.213357233135812,0,0,0,0,0,0,0,0,0,0,0,0,0,0,0,0,0,0,0
"ACGAGATATTTGCTTA-1_V11L05-333_A1",0.509895809352617,0.29816244120343,0.191941749443954,0,0,0,0,0,0,0,0,0,0,0,0,0,0,0,0,0,0
"ACGAGGATACCACTCT-1_V11L05-333_A1",0.118525417228998,0.507367751544085,0,0,0,0,0,0,0,0,0,0,0,0,0,0,0,0,0,0.374106831226917,0
"ACGAGGTTTACAACGT-1_V11L05-333_A1",0.0762048382380722,0.256198208224966,0,0,0,0,0,0,0,0,0,0,0,0.37882793460225,0,0,0,0,0,0,0.288769018934712
"ACGAGTACGGATGCCC-1_V11L05-333_A1",0.225253507350979,0.128583770114211,0,0,0,0,0,0,0,0,0,0,0,0,0,0.646162722534809,0,0,0,0,0
"ACGAGTCGCCGGCGTT-1_V11L05-333_A1",0.599066132382764,0.400933867617236,0,0,0,0,0,0,0,0,0,0,0,0,0,0,0,0,0,0,0
"ACGATACATAGAACTA-1_V11L05-333_A1",0.614553444949729,0.273707437344085,0.111739117706186,0,0,0,0,0,0,0,0,0,0,0,0,0,0,0,0,0,0
"ACGATACCTATCCTGA-1_V11L05-333_A1",0.231403067699232,0.20321475887838,0.115463207720763,0,0,0,0,0,0,0,0,0,0,0.210302487620369,0,0,0,0,0,0.239616478081257,0
"ACGATCATACATAGAG-1_V11L05-333_A1",0.774617402478224,0.225382597521776,0,0,0,0,0,0,0,0,0,0,0,0,0,0,0,0,0,0,0
"ACGATCATCTTGTAAA-1_V11L05-333_A1",0.766782224691656,0.233217775308344,0,0,0,0,0,0,0,0,0,0,0,0,0,0,0,0,0,0,0
"ACGATGCATATGTTAT-1_V11L05-333_A1",0.677872824153937,0.322127175846063,0,0,0,0,0,0,0,0,0,0,0,0,0,0,0,0,0,0,0
"ACGATGGATCCGATGC-1_V11L05-333_A1",0.674521633356172,0.325478366643828,0,0,0,0,0,0,0,0,0,0,0,0,0,0,0,0,0,0,0
"ACGCAAACTAATAGAT-1_V11L05-333_A1",0.0516647430564467,0.184393051248675,0,0,0,0,0,0,0,0,0.580355493196388,0,0,0,0,0,0,0,0,0,0.18358671249849
"ACGCAATCACTACAGC-1_V11L05-333_A1",0.7219404713187,0.2780595286813,0,0,0,0,0,0,0,0,0,0,0,0,0,0,0,0,0,0,0
"ACGCATAAATGACATG-1_V11L05-333_A1",0.102495945439982,0.227830421435914,0,0,0,0,0,0,0,0,0,0,0,0.232448974279245,0,0.437224658844859,0,0,0,0,0
"ACGCATACGTTTACTA-1_V11L05-333_A1",0.750440791901022,0.249559208098978,0,0,0,0,0,0,0,0,0,0,0,0,0,0,0,0,0,0,0
"ACGCATTCGTGAGTAC-1_V11L05-333_A1",0.822671578994703,0.177328421005297,0,0,0,0,0,0,0,0,0,0,0,0,0,0,0,0,0,0,0
"ACGCCACTCGAAACAG-1_V11L05-333_A1",0.0651220977943132,0.189661252667256,0,0,0,0,0,0,0,0,0,0,0.577062415922284,0,0,0,0,0,0,0,0.168154233616147
"ACGCCAGATGATTTCT-1_V11L05-333_A1",0.382764578812446,0.411884339782972,0.205351081404582,0,0,0,0,0,0,0,0,0,0,0,0,0,0,0,0,0,0
"ACGCCAGTGCGTTTGC-1_V11L05-333_A1",0.66140754369923,0.33859245630077,0,0,0,0,0,0,0,0,0,0,0,0,0,0,0,0,0,0,0
"ACGCCCAGCTGTCGAT-1_V11L05-333_A1",0.471886396713186,0.528113603286814,0,0,0,0,0,0,0,0,0,0,0,0,0,0,0,0,0,0,0
"ACGCCGCTAGACGACC-1_V11L05-333_A1",0.698095143456066,0.301904856543934,0,0,0,0,0,0,0,0,0,0,0,0,0,0,0,0,0,0,0
"ACGCCTGACACGCGCT-1_V11L05-333_A1",0.553417485752392,0.446582514247608,0,0,0,0,0,0,0,0,0,0,0,0,0,0,0,0,0,0,0
"ACGCGAAGTCAGACGA-1_V11L05-333_A1",0.591047913827943,0.195116322135888,0.213835764036169,0,0,0,0,0,0,0,0,0,0,0,0,0,0,0,0,0,0
"ACGCGCTACACAGGGT-1_V11L05-333_A1",0.347936150067938,0.141964639907343,0,0,0,0,0,0,0.394213128679669,0,0,0,0,0,0,0,0,0,0,0,0.115886081345051
"ACGCGGGCCAAGGACA-1_V11L05-333_A1",0.625301892237285,0.374698107762715,0,0,0,0,0,0,0,0,0,0,0,0,0,0,0,0,0,0,0
"ACGCGTTTCTTAAGAG-1_V11L05-333_A1",0.57851116709629,0.177601155389689,0.243887677514022,0,0,0,0,0,0,0,0,0,0,0,0,0,0,0,0,0,0
"ACGCTACTGAATGGGC-1_V11L05-333_A1",0.396965319258689,0.20084863330155,0.276570625112366,0,0,0,0,0,0,0,0,0,0,0,0,0,0.125615422327395,0,0,0,0
"ACGCTAGTATCAGTGC-1_V11L05-333_A1",0,0.189133626636824,0,0,0,0,0,0,0,0,0,0,0,0,0.620595340500369,0,0,0,0,0,0.190271032862807
"ACGCTAGTGATACACT-1_V11L05-333_A1",0.278168714649379,0.250041395454098,0,0,0,0,0,0,0,0,0,0,0,0,0,0.348336002381582,0,0.12345388751494,0,0,0
"ACGCTGTGAGGCGTAG-1_V11L05-333_A1",0.226883240979253,0.353055228625515,0,0,0,0,0,0,0,0,0,0,0,0,0,0,0,0,0,0.24683875276176,0.173222777633472
"ACGCTTAGTGTCTCTC-1_V11L05-333_A1",0.226507320732188,0.368225050151242,0,0,0,0,0,0,0,0,0,0,0,0,0,0,0,0,0,0.40526762911657,0
"ACGGAACACGAGTGCC-1_V11L05-333_A1",0.803383893631202,0.196616106368798,0,0,0,0,0,0,0,0,0,0,0,0,0,0,0,0,0,0,0
"ACGGAATTTAGCAAAT-1_V11L05-333_A1",0.642140326200119,0.357859673799881,0,0,0,0,0,0,0,0,0,0,0,0,0,0,0,0,0,0,0
"ACGGACGCAGCGACAA-1_V11L05-333_A1",0,0.434648066885315,0,0,0,0,0,0,0.565351933114685,0,0,0,0,0,0,0,0,0,0,0,0
"ACGGACTCTCAAAGCG-1_V11L05-333_A1",0.408169930812825,0.273388022121223,0,0,0,0,0,0,0,0,0,0,0,0,0.318442047065952,0,0,0,0,0,0
"ACGGAGCGCAAATTAC-1_V11L05-333_A1",0.105545455699172,0.180741619325333,0.0882047100858086,0,0,0,0,0,0,0,0,0,0,0.238767580281877,0,0.386740634607809,0,0,0,0,0
"ACGGATGGTGCGGATA-1_V11L05-333_A1",0.563002203677647,0.210161441908473,0.226836354413879,0,0,0,0,0,0,0,0,0,0,0,0,0,0,0,0,0,0
"ACGGCACTTGCTTGGG-1_V11L05-333_A1",0.225290602616611,0.774709397383389,0,0,0,0,0,0,0,0,0,0,0,0,0,0,0,0,0,0,0
"ACGGCCAACATGGACT-1_V11L05-333_A1",0.128489715717768,0.288731884686173,0,0,0,0,0,0,0,0,0,0,0,0.233268890694411,0,0.349509508901648,0,0,0,0,0
"ACGGCGACGATGGGAA-1_V11L05-333_A1",0.708223476285955,0.291776523714045,0,0,0,0,0,0,0,0,0,0,0,0,0,0,0,0,0,0,0
"ACGGCGGGTTGCCCTG-1_V11L05-333_A1",0.548356996570468,0.451643003429532,0,0,0,0,0,0,0,0,0,0,0,0,0,0,0,0,0,0,0
"ACGGCTGGATGTAGAA-1_V11L05-333_A1",0,0.222415291910875,0,0,0,0,0,0,0,0,0,0,0,0.549675231319926,0,0,0,0,0,0,0.227909476769199
"ACGGGAGTGTCGGCCC-1_V11L05-333_A1",0.0694943162073968,0.333706437159528,0.0815313171512485,0,0,0,0,0,0,0,0,0,0,0,0,0,0,0,0,0.331972587670044,0.183295341811782
"ACGGGCGTATGCGACA-1_V11L05-333_A1",0.410689472856095,0.18694988318708,0.207870681451755,0,0,0,0,0,0,0,0,0,0,0.194489962505069,0,0,0,0,0,0,0
"ACGGGTCATGTGACTT-1_V11L05-333_A1",0.658707671874165,0.341292328125835,0,0,0,0,0,0,0,0,0,0,0,0,0,0,0,0,0,0,0
"ACGGGTTGTGACCTGT-1_V11L05-333_A1",0.148527297508201,0.540577485362012,0,0,0,0,0,0,0,0,0,0,0,0,0,0,0,0.310895217129787,0,0,0
"ACGGTCACCGAGAACA-1_V11L05-333_A1",0,0.367673602693104,0.251112981052199,0,0,0,0,0,0,0,0,0,0.381213416254698,0,0,0,0,0,0,0,0
"ACGTACAGATTTCTCT-1_V11L05-333_A1",0.514281228869224,0.485718771130775,0,0,0,0,0,0,0,0,0,0,0,0,0,0,0,0,0,0,0
"ACGTACTTTGGCACGG-1_V11L05-333_A1",0.10658936205201,0.520163399134803,0.145198569673507,0,0,0,0,0,0,0,0,0,0,0,0,0,0,0,0,0,0.22804866913968
"ACGTAGATTGCTGATG-1_V11L05-333_A1",0.428250326235687,0.274531577320004,0.297218096444309,0,0,0,0,0,0,0,0,0,0,0,0,0,0,0,0,0,0
"ACGTAGGAGAGTCGCT-1_V11L05-333_A1",0.137027030131282,0.339594012846193,0.0926654912982546,0,0,0,0,0,0,0,0,0,0,0,0,0,0,0,0,0.203681501201799,0.227031964522471
"ACGTATTACTCCGATC-1_V11L05-333_A1",0.760535021269971,0.239464978730029,0,0,0,0,0,0,0,0,0,0,0,0,0,0,0,0,0,0,0
"ACGTCCTAAACGAGAT-1_V11L05-333_A1",0.48156568329688,0.51843431670312,0,0,0,0,0,0,0,0,0,0,0,0,0,0,0,0,0,0,0
"ACGTCGGGCAACTCGG-1_V11L05-333_A1",0.10804936545606,0.508041673520515,0,0,0.383908961023425,0,0,0,0,0,0,0,0,0,0,0,0,0,0,0,0
"ACGTCTCGTTCCGGGA-1_V11L05-333_A1",0.0724881405866889,0.199599583676384,0,0,0,0,0,0,0,0.107644642331033,0,0,0,0,0,0,0,0,0,0.441477684816348,0.178789948589546
"ACGTGACAAAGTAAGT-1_V11L05-333_A1",0.0714318337142181,0.238126297168677,0,0,0,0,0,0,0,0,0.221878169392845,0,0,0,0,0,0,0,0,0.285758755428127,0.182804944296133
"ACGTGCGCCTCGTGCA-1_V11L05-333_A1",0.514424822258402,0.259607328261957,0.225967849479641,0,0,0,0,0,0,0,0,0,0,0,0,0,0,0,0,0,0
"ACGTGGTCGAATGTGC-1_V11L05-333_A1",0.382994975034321,0.159529135812236,0.117161300674011,0,0,0,0,0,0,0,0,0,0,0.340314588479431,0,0,0,0,0,0,0
"ACGTTAATGTCGAAGA-1_V11L05-333_A1",0.639329612982557,0.360670387017443,0,0,0,0,0,0,0,0,0,0,0,0,0,0,0,0,0,0,0
"ACGTTAGATTTGCCCG-1_V11L05-333_A1",0.792752339310992,0.207247660689008,0,0,0,0,0,0,0,0,0,0,0,0,0,0,0,0,0,0,0
"ACGTTATTGGTCACTC-1_V11L05-333_A1",0.598229124799691,0.262467541215031,0.139303333985279,0,0,0,0,0,0,0,0,0,0,0,0,0,0,0,0,0,0
"ACGTTCACTATGCCGC-1_V11L05-333_A1",0,0.578020303941985,0,0,0,0,0,0,0,0,0,0,0,0,0,0,0,0,0,0,0.421979696058015
"ACGTTCCGCGCTCCGT-1_V11L05-333_A1",0.672136799734196,0.187940573175013,0.139922627090791,0,0,0,0,0,0,0,0,0,0,0,0,0,0,0,0,0,0
"ACGTTCGCAATCAATT-1_V11L05-333_A1",0.602174732835856,0.234390364554385,0,0,0,0,0,0,0,0,0,0,0,0,0,0.163434902609759,0,0,0,0,0
"ACGTTCGTTCAGGAAA-1_V11L05-333_A1",0.0441042706238034,0.16735282578717,0,0,0,0,0,0,0,0,0,0,0,0,0,0,0,0,0.178108792032698,0.48180803511216,0.128626076444169
"ACGTTCTGTACAAGTC-1_V11L05-333_A1",0.496042171510176,0.503957828489824,0,0,0,0,0,0,0,0,0,0,0,0,0,0,0,0,0,0,0
"ACGTTGTCGTTGAAAG-1_V11L05-333_A1",0,0.290802336256223,0,0,0.709197663743777,0,0,0,0,0,0,0,0,0,0,0,0,0,0,0,0
"ACGTTTAGTTGTGATC-1_V11L05-333_A1",0.66766318141064,0.167465690910794,0.164871127678566,0,0,0,0,0,0,0,0,0,0,0,0,0,0,0,0,0,0
"ACGTTTCGGTGCACTT-1_V11L05-333_A1",0.622126873470824,0.377873126529176,0,0,0,0,0,0,0,0,0,0,0,0,0,0,0,0,0,0,0
"ACTAAGGACGCACACC-1_V11L05-333_A1",0,0.170251404310428,0.0779775547480693,0,0,0,0,0,0,0,0,0,0,0,0.566879952051863,0,0,0,0,0,0.18489108888964
"ACTAATACGTCAGGCG-1_V11L05-333_A1",0.63295538801398,0.156515499817215,0,0,0,0,0,0,0,0,0,0,0,0,0,0.210529112168806,0,0,0,0,0
"ACTACAAAGAGAGGTG-1_V11L05-333_A1",0.0537186520244206,0.13017030265617,0,0.381686306252798,0,0,0,0,0,0,0,0,0.322918289819804,0,0,0,0,0,0,0,0.111506449246808
"ACTACATCCCGACAAG-1_V11L05-333_A1",0.0636631321346927,0.222977865485713,0,0,0.393739990538546,0,0,0,0,0,0,0,0,0.319619011841049,0,0,0,0,0,0,0
"ACTACCAGCTCTCTGG-1_V11L05-333_A1",0.394298485459424,0.271411836796419,0.203004310640306,0,0,0,0,0,0,0,0,0,0,0,0,0,0.131285367103851,0,0,0,0
"ACTACCATCCGAGGGC-1_V11L05-333_A1",0.134633786147105,0.443798549935624,0,0,0.421567663917271,0,0,0,0,0,0,0,0,0,0,0,0,0,0,0,0
"ACTACGCGTTAGAATT-1_V11L05-333_A1",0.0507009548877847,0.176683819490567,0,0,0,0,0,0,0,0,0,0,0,0,0,0,0.0451780667792542,0,0,0.552473233268345,0.174963925574049
"ACTAGTTGCGATCGTC-1_V11L05-333_A1",0.572089195963351,0.427910804036649,0,0,0,0,0,0,0,0,0,0,0,0,0,0,0,0,0,0,0
"ACTATATGCTGTGTTC-1_V11L05-333_A1",0.421788013501876,0.252757245772953,0,0,0,0,0,0,0,0,0,0,0,0.325454740725171,0,0,0,0,0,0,0
"ACTATCCAGGGCATGG-1_V11L05-333_A1",0.314869362118995,0.0760385185034758,0,0,0,0,0,0,0,0,0,0,0,0,0,0.609092119377529,0,0,0,0,0
"ACTATCGCCGGCTAAA-1_V11L05-333_A1",0.544171668699876,0.455828331300124,0,0,0,0,0,0,0,0,0,0,0,0,0,0,0,0,0,0,0
"ACTATCTGCCCGCGTA-1_V11L05-333_A1",0.609545463199501,0.390454536800499,0,0,0,0,0,0,0,0,0,0,0,0,0,0,0,0,0,0,0
"ACTATGTCCAGCTGCC-1_V11L05-333_A1",0,0.204264097726876,0.0754936364039285,0,0,0,0,0,0,0,0,0,0,0.536059360250099,0,0,0,0,0,0,0.184182905619096
"ACTATTCGTCCGTGGT-1_V11L05-333_A1",0.483467832417881,0.146096919612499,0.133610740157688,0,0,0,0,0,0,0,0,0,0,0,0,0.236824507811932,0,0,0,0,0
"ACTATTTCCGGGCCCA-1_V11L05-333_A1",0,0.172712925557143,0,0,0,0,0,0,0.411102653416223,0,0,0,0,0,0,0,0,0,0,0.272752842870591,0.143431578156043
"ACTCAACGAATGTATT-1_V11L05-333_A1",0.537351791655297,0.335889615074772,0.126758593269932,0,0,0,0,0,0,0,0,0,0,0,0,0,0,0,0,0,0
"ACTCAAGTGCAAGGCT-1_V11L05-333_A1",0.506286622046345,0.493713377953655,0,0,0,0,0,0,0,0,0,0,0,0,0,0,0,0,0,0,0
"ACTCAATAAAGGCACG-1_V11L05-333_A1",0.720407776221483,0.279592223778517,0,0,0,0,0,0,0,0,0,0,0,0,0,0,0,0,0,0,0
"ACTCAGACCTGCTTCT-1_V11L05-333_A1",0.638461035506705,0.361538964493295,0,0,0,0,0,0,0,0,0,0,0,0,0,0,0,0,0,0,0
"ACTCATGGCAGCCTTC-1_V11L05-333_A1",0,0.15509354664339,0,0.427677633388281,0,0,0,0,0,0,0,0,0.417228819968329,0,0,0,0,0,0,0,0
"ACTCCAATATCATCAT-1_V11L05-333_A1",0,0.313247331041098,0,0,0,0,0,0,0,0,0,0,0.507135410914413,0,0,0,0,0,0,0,0.179617258044489
"ACTCCCATTCCTAAAG-1_V11L05-333_A1",0.0345750672760412,0.119171062273961,0,0,0,0,0,0,0,0,0,0,0,0,0,0,0,0,0,0.846253870449998,0
"ACTCCCGAATTCGTTT-1_V11L05-333_A1",0.637643170813678,0.206574915603005,0.155781913583317,0,0,0,0,0,0,0,0,0,0,0,0,0,0,0,0,0,0
"ACTCCCGTAGACTAGG-1_V11L05-333_A1",0.159143999415106,0.34239834768059,0.167919366720844,0,0,0,0,0,0,0,0,0,0,0,0,0.330538286183461,0,0,0,0,0
"ACTCCCTAATGCTAAA-1_V11L05-333_A1",0.429650817720222,0.570349182279778,0,0,0,0,0,0,0,0,0,0,0,0,0,0,0,0,0,0,0
"ACTCCCTAGAATAGTA-1_V11L05-333_A1",0.667057898748393,0.332942101251606,0,0,0,0,0,0,0,0,0,0,0,0,0,0,0,0,0,0,0
"ACTCCGGCCGACCACT-1_V11L05-333_A1",0.645877238086681,0.354122761913319,0,0,0,0,0,0,0,0,0,0,0,0,0,0,0,0,0,0,0
"ACTCGATGTATTTCAT-1_V11L05-333_A1",0.654963743605329,0.345036256394671,0,0,0,0,0,0,0,0,0,0,0,0,0,0,0,0,0,0,0
"ACTCGCCGTTCGATAA-1_V11L05-333_A1",0.647646107370655,0.352353892629345,0,0,0,0,0,0,0,0,0,0,0,0,0,0,0,0,0,0,0
"ACTCGCGATCTGACGC-1_V11L05-333_A1",0.61786214135123,0.38213785864877,0,0,0,0,0,0,0,0,0,0,0,0,0,0,0,0,0,0,0
"ACTCGTAACCCGTCCT-1_V11L05-333_A1",0.0831595093724538,0.323844164473295,0,0,0,0,0,0,0,0,0,0,0,0,0,0,0,0,0,0.351153447506379,0.241842878647873
"ACTCGTCAGTAATCCC-1_V11L05-333_A1",0.590152955280609,0.273057948125954,0,0,0,0,0,0,0,0,0,0,0,0,0,0,0.136789096593437,0,0,0,0
"ACTCTAAACCTGGGAT-1_V11L05-333_A1",0.37061106867393,0.215055187202116,0,0,0,0,0,0,0.414333744123954,0,0,0,0,0,0,0,0,0,0,0,0
"ACTCTCTGACTTAGGT-1_V11L05-333_A1",0.862860760233859,0.137139239766141,0,0,0,0,0,0,0,0,0,0,0,0,0,0,0,0,0,0,0
"ACTCTCTTATACACGA-1_V11L05-333_A1",0.27574115678779,0.272892004467845,0,0,0,0,0,0,0,0,0,0,0,0,0,0.367961979219004,0,0.0834048595253604,0,0,0
"ACTCTGACCTAATAGA-1_V11L05-333_A1",0,0,0,0,0,0,0,0,0,0,0,0,0,0,0,0,0,0,0,0,0
"ACTCTTCAGCTCCCGC-1_V11L05-333_A1",0.437106006410811,0.213873450666703,0,0,0,0,0,0,0,0,0,0,0,0,0,0.349020542922486,0,0,0,0,0
"ACTCTTGTATAGTAAC-1_V11L05-333_A1",0.884719336404036,0.115280663595964,0,0,0,0,0,0,0,0,0,0,0,0,0,0,0,0,0,0,0
"ACTGAAACGCCGTTAG-1_V11L05-333_A1",0.894036627814805,0.105963372185195,0,0,0,0,0,0,0,0,0,0,0,0,0,0,0,0,0,0,0
"ACTGAATGGCGAAAGT-1_V11L05-333_A1",0.69711300608495,0.30288699391505,0,0,0,0,0,0,0,0,0,0,0,0,0,0,0,0,0,0,0
"ACTGATTTAGTGATTC-1_V11L05-333_A1",0.349672219144311,0.24797590941374,0,0,0,0,0,0,0,0,0,0,0,0.402351871441949,0,0,0,0,0,0,0
"ACTGCCCGCCATTCTC-1_V11L05-333_A1",0.0574010022314044,0.224204027983459,0,0,0.442797685352192,0,0,0,0,0,0,0,0,0.275597284432945,0,0,0,0,0,0,0
"ACTGCCGTCGTAACTC-1_V11L05-333_A1",0.856616275170959,0.143383724829041,0,0,0,0,0,0,0,0,0,0,0,0,0,0,0,0,0,0,0
"ACTGCGGACACACCGT-1_V11L05-333_A1",0.291611249295729,0.520684723784855,0.187704026919416,0,0,0,0,0,0,0,0,0,0,0,0,0,0,0,0,0,0
"ACTGCTCGGAAGGATG-1_V11L05-333_A1",0.19005646857131,0.288122491510633,0,0,0,0,0,0,0,0,0,0,0,0.328023021034128,0,0,0,0,0,0,0.19379801888393
"ACTGGCGAACCTGCGT-1_V11L05-333_A1",0.177458581184456,0.452966940602164,0,0,0,0,0,0,0,0,0,0,0,0,0,0,0,0,0,0.36957447821338,0
"ACTGGGATGCCAGTGC-1_V11L05-333_A1",0,0.119174682528638,0,0.438816424545276,0,0,0,0,0,0,0,0,0.442008892926086,0,0,0,0,0,0,0,0
"ACTGTACGATACACAT-1_V11L05-333_A1",0.803325793007449,0.196674206992551,0,0,0,0,0,0,0,0,0,0,0,0,0,0,0,0,0,0,0
"ACTGTAGCACTTTGGA-1_V11L05-333_A1",0.415436471168763,0.584563528831237,0,0,0,0,0,0,0,0,0,0,0,0,0,0,0,0,0,0,0
"ACTGTATACGCGAGCA-1_V11L05-333_A1",0.681086027275445,0.318913972724555,0,0,0,0,0,0,0,0,0,0,0,0,0,0,0,0,0,0,0
"ACTGTCCAGGATTATA-1_V11L05-333_A1",0.754648421274423,0.245351578725577,0,0,0,0,0,0,0,0,0,0,0,0,0,0,0,0,0,0,0
"ACTGTCTTCTTTAGAA-1_V11L05-333_A1",0.630221217322904,0.233911143443485,0.135867639233611,0,0,0,0,0,0,0,0,0,0,0,0,0,0,0,0,0,0
"ACTGTGCTAGTAGATC-1_V11L05-333_A1",0.618880138764132,0.248584880749305,0.132534980486562,0,0,0,0,0,0,0,0,0,0,0,0,0,0,0,0,0,0
"ACTGTTTAGTGTAGGC-1_V11L05-333_A1",0.324003026936934,0.286274136912596,0.209562258650127,0,0,0,0,0,0,0,0.180160577500343,0,0,0,0,0,0,0,0,0,0
"ACTTACCGGGCGCGCA-1_V11L05-333_A1",0.671258620477605,0.213835469310024,0.114905910212371,0,0,0,0,0,0,0,0,0,0,0,0,0,0,0,0,0,0
"ACTTACGCATCCACGC-1_V11L05-333_A1",0,0,0,0,0,0,0,0,0,0,0,0,0,0,0,0,0,0,0,0,0
"ACTTAGTACGACAAGA-1_V11L05-333_A1",0.759096476431967,0.240903523568033,0,0,0,0,0,0,0,0,0,0,0,0,0,0,0,0,0,0,0
"ACTTATACTTACCCGG-1_V11L05-333_A1",0.77623332907084,0.22376667092916,0,0,0,0,0,0,0,0,0,0,0,0,0,0,0,0,0,0,0
"ACTTATCTGATCTATA-1_V11L05-333_A1",0.651786468408578,0.348213531591422,0,0,0,0,0,0,0,0,0,0,0,0,0,0,0,0,0,0,0
"ACTTATTAGGATCGGT-1_V11L05-333_A1",0.735981436382449,0.264018563617551,0,0,0,0,0,0,0,0,0,0,0,0,0,0,0,0,0,0,0
"ACTTATTTATGTGCCA-1_V11L05-333_A1",0.811323027465636,0.188676972534364,0,0,0,0,0,0,0,0,0,0,0,0,0,0,0,0,0,0,0
"ACTTCAGGCTGATCCC-1_V11L05-333_A1",0.844925424488614,0.155074575511386,0,0,0,0,0,0,0,0,0,0,0,0,0,0,0,0,0,0,0
"ACTTCCAGTGGAAGCT-1_V11L05-333_A1",0.119251542309301,0.385466066481877,0,0,0,0,0,0,0,0,0,0,0,0,0,0,0,0,0.224041059215578,0,0.271241331993244
"ACTTCCATGCGGGACA-1_V11L05-333_A1",0.678127778604579,0.321872221395421,0,0,0,0,0,0,0,0,0,0,0,0,0,0,0,0,0,0,0
"ACTTCCTGTCGTGCGA-1_V11L05-333_A1",0.101126527008213,0.289958419060671,0,0,0,0,0,0,0,0,0,0,0,0.303877090725155,0,0,0,0,0,0,0.305037963205961
"ACTTCGCCATACGCAC-1_V11L05-333_A1",0.751136961399091,0.248863038600909,0,0,0,0,0,0,0,0,0,0,0,0,0,0,0,0,0,0,0
"ACTTCGCTAGCGAGTG-1_V11L05-333_A1",0.491177282956285,0.381851510164973,0.126971206878742,0,0,0,0,0,0,0,0,0,0,0,0,0,0,0,0,0,0
"ACTTGACTCCCTCTTT-1_V11L05-333_A1",0.849845804522167,0.150154195477833,0,0,0,0,0,0,0,0,0,0,0,0,0,0,0,0,0,0,0
"ACTTGCCATATTGTAC-1_V11L05-333_A1",0.456611517761652,0.383124870029193,0.160263612209156,0,0,0,0,0,0,0,0,0,0,0,0,0,0,0,0,0,0
"ACTTGCTCTATCTACC-1_V11L05-333_A1",0.124372428004282,0.409302795877575,0.242730154041288,0,0,0,0,0,0,0,0,0,0,0,0,0,0,0,0,0,0.223594622076856
"ACTTGGGACCCGGTGG-1_V11L05-333_A1",0.780878785953779,0.219121214046221,0,0,0,0,0,0,0,0,0,0,0,0,0,0,0,0,0,0,0
"ACTTGGGCTTTCGCCA-1_V11L05-333_A1",0.122348348770033,0.173948083433274,0,0,0,0,0,0,0,0,0,0,0.703703567796694,0,0,0,0,0,0,0,0
"ACTTGTAGTCCCTTCA-1_V11L05-333_A1",0,0.155090091052382,0,0,0,0,0,0,0,0,0,0,0,0,0,0,0,0,0,0.844909908947618,0
"ACTTGTGGATGGAACG-1_V11L05-333_A1",0.194656643806699,0.182422738789247,0.157366072621874,0,0,0,0,0,0,0,0,0,0,0.156080600102932,0,0.309473944679248,0,0,0,0,0
"ACTTGTTACCGGATCA-1_V11L05-333_A1",0,0.212776539663369,0.210621515416642,0,0,0,0,0,0,0,0,0,0,0.399776323938966,0,0,0,0,0,0,0.176825620981023
"ACTTTACCCTCATGAA-1_V11L05-333_A1",0.604333173917871,0.266054196974006,0,0,0,0,0,0,0,0,0,0,0,0,0,0,0,0,0,0.129612629108122,0
"ACTTTATACACCACTT-1_V11L05-333_A1",0.210216350081191,0.387219419568909,0.217910321901983,0,0,0,0,0,0.184653908447917,0,0,0,0,0,0,0,0,0,0,0,0
"ACTTTCCTATAGCTTC-1_V11L05-333_A1",0.575382554406942,0.424617445593058,0,0,0,0,0,0,0,0,0,0,0,0,0,0,0,0,0,0,0
"ACTTTGACTGCATCCT-1_V11L05-333_A1",0.110210772462038,0.118258691599838,0,0,0,0,0,0,0,0,0,0,0,0,0,0,0,0,0,0.771530535938125,0
"ACTTTGGTCGTGCTCC-1_V11L05-333_A1",0,0.22007321765043,0,0,0,0,0,0,0,0,0,0,0.540921721106034,0,0,0,0,0,0,0,0.239005061243535
"ACTTTGTCGACGCACT-1_V11L05-333_A1",0.810952347075045,0.189047652924955,0,0,0,0,0,0,0,0,0,0,0,0,0,0,0,0,0,0,0
"AGAAATTATGACTCGC-1_V11L05-333_A1",0.668170991240687,0.331829008759313,0,0,0,0,0,0,0,0,0,0,0,0,0,0,0,0,0,0,0
"AGAACACGGCGATGGT-1_V11L05-333_A1",0.211781959644091,0.578656470957368,0.209561569398541,0,0,0,0,0,0,0,0,0,0,0,0,0,0,0,0,0,0
"AGAACCCAGCGTGACA-1_V11L05-333_A1",0.162588977369672,0.201933516337591,0.247149965326072,0,0,0,0,0,0,0,0,0,0,0.388327540966666,0,0,0,0,0,0,0
"AGAACCCTCAATTGGG-1_V11L05-333_A1",0.0827641694332986,0.236128902739401,0,0,0,0,0,0,0,0,0,0,0.454309636332245,0,0,0,0,0,0,0,0.226797291495056
"AGAACGTGGTACATTC-1_V11L05-333_A1",0.801567447101307,0.198432552898693,0,0,0,0,0,0,0,0,0,0,0,0,0,0,0,0,0,0,0
"AGAACTGTACTTTGTA-1_V11L05-333_A1",0.705193625802111,0.294806374197889,0,0,0,0,0,0,0,0,0,0,0,0,0,0,0,0,0,0,0
"AGAAGAGCGCCGTTCC-1_V11L05-333_A1",0.780672329971169,0,0,0,0,0,0.219327670028831,0,0,0,0,0,0,0,0,0,0,0,0,0,0
"AGAAGGTACACTTCAC-1_V11L05-333_A1",0.142612029683799,0.24278135619729,0,0,0,0,0,0,0,0,0,0,0,0.390778270942159,0,0,0,0,0,0,0.223828343176752
"AGAAGGTTGCCGAATT-1_V11L05-333_A1",0.73890810145659,0.145478401897174,0,0,0,0.115613496646236,0,0,0,0,0,0,0,0,0,0,0,0,0,0,0
"AGAAGGTTGTAGGTCG-1_V11L05-333_A1",0.220633642377992,0.435821219675304,0,0,0,0,0,0,0,0,0,0,0,0,0,0,0,0,0,0,0.343545137946704
"AGAAGTGATTCGTGAT-1_V11L05-333_A1",0.067542939087144,0.260744431456136,0,0,0,0,0,0,0,0,0,0,0,0,0,0,0,0,0,0.671712629456721,0
"AGAATAAATCTTCAGG-1_V11L05-333_A1",0.113422641608618,0.220859527464904,0.0891602224780626,0,0,0,0,0,0,0,0,0,0,0.313463025790463,0,0,0,0,0,0.263094582657952,0
"AGAATACAGGCTATCC-1_V11L05-333_A1",0.789604468488331,0.210395531511669,0,0,0,0,0,0,0,0,0,0,0,0,0,0,0,0,0,0,0
"AGAATGCGGGTTCGGA-1_V11L05-333_A1",0.211734506201863,0.179343486552108,0.118954717596415,0,0,0,0,0,0,0,0,0,0,0,0,0.489967289649614,0,0,0,0,0
"AGAATTATGGATTCGA-1_V11L05-333_A1",0.518411885618432,0.14177739009798,0,0,0,0,0,0,0,0,0,0,0,0.131924172405492,0,0,0,0,0,0.207886551878097,0
"AGAATTGTTTGACATA-1_V11L05-333_A1",0.564291425385056,0.435708574614944,0,0,0,0,0,0,0,0,0,0,0,0,0,0,0,0,0,0,0
"AGACAGCTCAGAATCC-1_V11L05-333_A1",0.671323379040669,0.328676620959331,0,0,0,0,0,0,0,0,0,0,0,0,0,0,0,0,0,0,0
"AGACAGGCATCTCAGC-1_V11L05-333_A1",0.760864478478389,0.239135521521611,0,0,0,0,0,0,0,0,0,0,0,0,0,0,0,0,0,0,0
"AGACATAGATCCTTCC-1_V11L05-333_A1",0.793528037591096,0.206471962408904,0,0,0,0,0,0,0,0,0,0,0,0,0,0,0,0,0,0,0
"AGACCAAACCACACCT-1_V11L05-333_A1",0.114200513848877,0.225780071824945,0.0783399498990571,0,0,0,0,0,0,0,0,0,0,0.343756677608521,0,0,0,0,0,0,0.2379227868186
"AGACCATGGGATACAA-1_V11L05-333_A1",0.698458955145889,0.301541044854111,0,0,0,0,0,0,0,0,0,0,0,0,0,0,0,0,0,0,0
"AGACCCACCGCTGATC-1_V11L05-333_A1",0.881109162639537,0.118890837360463,0,0,0,0,0,0,0,0,0,0,0,0,0,0,0,0,0,0,0
"AGACCCGCCCTCCTCG-1_V11L05-333_A1",0.207564513560367,0.222822190250289,0,0,0,0,0,0,0,0,0.569613296189343,0,0,0,0,0,0,0,0,0,0
"AGACCGCTCCGCGGTT-1_V11L05-333_A1",0.319444214033293,0.258779358637568,0.421776427329139,0,0,0,0,0,0,0,0,0,0,0,0,0,0,0,0,0,0
"AGACCGGGAAACCCTG-1_V11L05-333_A1",0.531361973205263,0.366640638710376,0,0,0,0,0,0,0,0,0,0,0,0,0,0,0,0,0,0,0.101997388084361
"AGACGAAGTGCCGGTC-1_V11L05-333_A1",0.638084871792812,0.361915128207188,0,0,0,0,0,0,0,0,0,0,0,0,0,0,0,0,0,0,0
"AGACGACGATGCCGCT-1_V11L05-333_A1",0.083387704958163,0.203852920715284,0.0672585994177552,0,0,0,0,0,0,0,0,0,0,0,0,0,0,0,0,0.495171574901958,0.15032920000684
"AGACGCCCACTTCGCC-1_V11L05-333_A1",0.696137341749496,0.171536874921427,0.132325783329077,0,0,0,0,0,0,0,0,0,0,0,0,0,0,0,0,0,0
"AGACGGGATTGGTATA-1_V11L05-333_A1",0.139132126335446,0.241400055779447,0,0,0,0,0,0,0.212274343082216,0,0,0,0,0,0,0.40719347480289,0,0,0,0,0
"AGACGGGCCGATTTAA-1_V11L05-333_A1",0.523570858935736,0.350166126992947,0.126263014071317,0,0,0,0,0,0,0,0,0,0,0,0,0,0,0,0,0,0
"AGACTAGCCTTCCAGA-1_V11L05-333_A1",0.698724307034864,0.301275692965136,0,0,0,0,0,0,0,0,0,0,0,0,0,0,0,0,0,0,0
"AGACTGTTACCGGGTC-1_V11L05-333_A1",0.0474231034000949,0.215795974066626,0,0,0,0,0,0,0,0,0,0,0,0.191857029587057,0,0,0,0,0.360768846255464,0,0.184155046690759
"AGAGAAACACCAGAAA-1_V11L05-333_A1",0.028912765905392,0.0892905027077149,0,0,0,0,0,0,0,0,0.57924176498656,0,0,0.136485500050504,0,0,0,0,0,0,0.166069466349829
"AGAGAACCGTCTAGGA-1_V11L05-333_A1",0.445048412268173,0.325635086989852,0.229316500741975,0,0,0,0,0,0,0,0,0,0,0,0,0,0,0,0,0,0
"AGAGAAGGAGTACAAT-1_V11L05-333_A1",0.0830041556849799,0.262910274316078,0.116324778823594,0,0,0,0,0,0,0,0,0,0,0.21422708416562,0,0,0,0,0,0,0.323533707009727
"AGAGATCTCTAAAGCG-1_V11L05-333_A1",0.203996538949497,0.474014797251621,0,0,0,0,0,0,0,0,0,0,0,0,0,0,0,0,0,0.321988663798883,0
"AGAGCAGTTATGAGAC-1_V11L05-333_A1",0.656494572981233,0.343505427018767,0,0,0,0,0,0,0,0,0,0,0,0,0,0,0,0,0,0,0
"AGAGCCGCCGAGATTT-1_V11L05-333_A1",0.467278428274448,0.292526586789066,0.240194984936485,0,0,0,0,0,0,0,0,0,0,0,0,0,0,0,0,0,0
"AGAGCGCTTGTAACGG-1_V11L05-333_A1",0.208577325294804,0.360853883523734,0,0,0,0,0,0,0,0,0,0,0,0,0,0.301173482032392,0,0.12939530914907,0,0,0
"AGAGCGGGCTAATCAT-1_V11L05-333_A1",0.436382036160544,0.563617963839456,0,0,0,0,0,0,0,0,0,0,0,0,0,0,0,0,0,0,0
"AGAGCGTACAAGCTCG-1_V11L05-333_A1",0.635089451844037,0.364910548155963,0,0,0,0,0,0,0,0,0,0,0,0,0,0,0,0,0,0,0
"AGAGCTACGAAAGCAT-1_V11L05-333_A1",0.714630923533863,0.285369076466137,0,0,0,0,0,0,0,0,0,0,0,0,0,0,0,0,0,0,0
"AGAGGCTTCGGAAACC-1_V11L05-333_A1",0.763038846807196,0.236961153192804,0,0,0,0,0,0,0,0,0,0,0,0,0,0,0,0,0,0,0
"AGAGGGACAATTGTCC-1_V11L05-333_A1",0.133456641677282,0.145113334386944,0,0,0,0,0,0,0,0,0,0,0,0,0,0.721430023935774,0,0,0,0,0
"AGAGGTATCTCGGTCC-1_V11L05-333_A1",0.551545815545059,0.27756863076387,0,0,0,0,0,0,0,0,0,0,0,0,0,0,0.170885553691071,0,0,0,0
"AGAGTAAACTTCACTA-1_V11L05-333_A1",0.531539129990212,0.468460870009788,0,0,0,0,0,0,0,0,0,0,0,0,0,0,0,0,0,0,0
"AGAGTATAGTGTTACG-1_V11L05-333_A1",0.615648664521899,0.265281044877384,0.119070290600718,0,0,0,0,0,0,0,0,0,0,0,0,0,0,0,0,0,0
"AGAGTCTTAATGAAAG-1_V11L05-333_A1",0.56064442847344,0.277485431662202,0.161870139864358,0,0,0,0,0,0,0,0,0,0,0,0,0,0,0,0,0,0
"AGAGTGAACAGACACC-1_V11L05-333_A1",0.0346699979944129,0.112084498432158,0,0,0,0,0,0,0,0,0,0,0.727770237955983,0,0,0,0,0,0,0,0.125475265617446
"AGAGTTAGAGACCGAT-1_V11L05-333_A1",0.404974834947149,0.17481512729858,0.155685517774017,0,0,0,0,0,0,0,0,0,0,0.264524519980254,0,0,0,0,0,0,0
"AGAGTTGCAGGCCTCC-1_V11L05-333_A1",0,0.278382647711787,0.381028494667274,0,0,0,0,0,0,0,0,0,0,0,0.340588857620939,0,0,0,0,0,0
"AGATAACTTCAGGGCC-1_V11L05-333_A1",0.670404294518753,0.217438644652401,0.112157060828845,0,0,0,0,0,0,0,0,0,0,0,0,0,0,0,0,0,0
"AGATAATCACACCTAT-1_V11L05-333_A1",0.434614096440234,0.565385903559766,0,0,0,0,0,0,0,0,0,0,0,0,0,0,0,0,0,0,0
"AGATACCAATAGAACC-1_V11L05-333_A1",0.689991844180264,0.310008155819736,0,0,0,0,0,0,0,0,0,0,0,0,0,0,0,0,0,0,0
"AGATACCAGCACTTCA-1_V11L05-333_A1",0.0938721396031358,0.242401294962067,0,0,0,0,0,0,0,0,0,0,0.663726565434797,0,0,0,0,0,0,0,0
"AGATACCGGTGTTCAC-1_V11L05-333_A1",0.432807005958851,0.203743902671332,0,0,0,0,0,0,0,0,0,0,0,0.363449091369817,0,0,0,0,0,0,0
"AGATACGACTTCATAT-1_V11L05-333_A1",0.811691398019846,0.188308601980154,0,0,0,0,0,0,0,0,0,0,0,0,0,0,0,0,0,0,0
"AGATACTCAAGATCGA-1_V11L05-333_A1",0.794634541589776,0.205365458410224,0,0,0,0,0,0,0,0,0,0,0,0,0,0,0,0,0,0,0
"AGATATAATACGACTA-1_V11L05-333_A1",0.113077409076745,0.376054807893876,0.092757060622528,0,0,0,0,0,0,0,0,0,0,0,0,0,0,0,0,0.210140744882179,0.207969977524672
"AGATCGTGCATAAGAT-1_V11L05-333_A1",0.440592066418911,0.191810070285951,0.090889762036453,0,0,0,0,0,0,0,0,0,0,0.276708101258685,0,0,0,0,0,0,0
"AGATCTCAGGTGTGAT-1_V11L05-333_A1",0.552794645979167,0.193849176893715,0.253356177127118,0,0,0,0,0,0,0,0,0,0,0,0,0,0,0,0,0,0
"AGATCTGGAGAGGATA-1_V11L05-333_A1",0.187094698642322,0.484297034108488,0.328608267249191,0,0,0,0,0,0,0,0,0,0,0,0,0,0,0,0,0,0
"AGATGACTCGCCCACG-1_V11L05-333_A1",0.605022135158622,0.394977864841378,0,0,0,0,0,0,0,0,0,0,0,0,0,0,0,0,0,0,0
"AGATGAGGGTTGCGAT-1_V11L05-333_A1",0.414579967693158,0.321933508668927,0,0,0,0,0,0,0,0,0,0,0,0,0,0.263486523637915,0,0,0,0,0
"AGATGATGGAGTCTGG-1_V11L05-333_A1",0.650753752148566,0.216996117307416,0,0,0,0,0,0,0,0,0,0,0,0,0,0.132250130544018,0,0,0,0,0
"AGATGCAAGACGTGCA-1_V11L05-333_A1",0.0572879878123831,0.269396012688422,0,0,0,0,0,0,0,0,0,0,0,0,0,0,0,0,0,0.452531211840206,0.220784787658989
"AGATGCATCCTGTGTC-1_V11L05-333_A1",0,0.123663144372275,0,0,0,0,0,0,0,0,0.139307544582156,0,0,0.160512191876081,0,0,0,0,0.331384683996434,0,0.245132435173054
"AGATGCTATAACGAGC-1_V11L05-333_A1",0.430545710788536,0.387694299442001,0.181759989769463,0,0,0,0,0,0,0,0,0,0,0,0,0,0,0,0,0,0
"AGATTATAGGACGTTT-1_V11L05-333_A1",0.757187330702609,0.242812669297391,0,0,0,0,0,0,0,0,0,0,0,0,0,0,0,0,0,0,0
"AGATTCAAGCGGGTCG-1_V11L05-333_A1",0,0.197883995220302,0.145377826367165,0,0,0,0,0,0,0.418668678249299,0,0,0,0,0,0,0,0,0,0,0.238069500163234
"AGCAAAGGCCGCTAGT-1_V11L05-333_A1",0.485505438662729,0.514494561337271,0,0,0,0,0,0,0,0,0,0,0,0,0,0,0,0,0,0,0
"AGCAACATATCTTATT-1_V11L05-333_A1",0.764051381904551,0.235948618095449,0,0,0,0,0,0,0,0,0,0,0,0,0,0,0,0,0,0,0
"AGCAACCGAAAGTAAT-1_V11L05-333_A1",0.078862264974044,0.275513165209425,0,0,0,0,0,0,0,0,0,0,0,0,0,0,0,0,0,0.37328874309908,0.27233582671745
"AGCACACGTTTAGACT-1_V11L05-333_A1",0,0.124128711861076,0,0.525226312442901,0,0,0,0,0,0,0,0,0.350644975696023,0,0,0,0,0,0,0,0
"AGCACCAGTACTCACG-1_V11L05-333_A1",0.68218059378958,0.31781940621042,0,0,0,0,0,0,0,0,0,0,0,0,0,0,0,0,0,0,0
"AGCACTACCGGCCTGT-1_V11L05-333_A1",0.502356004274861,0.352511329860534,0.145132665864605,0,0,0,0,0,0,0,0,0,0,0,0,0,0,0,0,0,0
"AGCACTACCTCACCAG-1_V11L05-333_A1",0,0,0,0,0,0,0,0,0,0,0,0,0,0,0,0,0,0,0,0,0
"AGCACTTAAGGACGCC-1_V11L05-333_A1",0.566741805192059,0.433258194807941,0,0,0,0,0,0,0,0,0,0,0,0,0,0,0,0,0,0,0
"AGCAGAAGGAGAAAGA-1_V11L05-333_A1",0.100665011431017,0.154767276592872,0.0550156213500156,0,0,0,0,0,0,0,0,0,0,0,0,0,0,0,0,0.689552090626096,0
"AGCAGCCAGATGAATA-1_V11L05-333_A1",0.084555443592406,0.122204401943695,0,0,0,0,0,0,0,0,0,0,0,0,0,0,0,0,0,0.793240154463899,0
"AGCAGTCGAAGCATGC-1_V11L05-333_A1",0.0976398744851347,0.200355143090435,0,0,0,0,0,0,0,0,0,0,0,0.210178166646686,0,0,0,0,0.35541552871859,0,0.136411287059155
"AGCATATCAATATGCT-1_V11L05-333_A1",0.500026247714696,0.211206985208307,0.288766767076997,0,0,0,0,0,0,0,0,0,0,0,0,0,0,0,0,0,0
"AGCATCATTTCGAAAG-1_V11L05-333_A1",0.12881444095146,0.217952252967373,0,0,0,0,0,0,0,0,0,0,0,0,0,0,0,0,0.252772498859431,0.250676679370444,0.149784127851293
"AGCATCGTCGATAATT-1_V11L05-333_A1",0.5368895589048,0.4631104410952,0,0,0,0,0,0,0,0,0,0,0,0,0,0,0,0,0,0,0
"AGCATTACGAGGCAAG-1_V11L05-333_A1",0.735009011598093,0.264990988401907,0,0,0,0,0,0,0,0,0,0,0,0,0,0,0,0,0,0,0
"AGCCAAGCTTTGTGTC-1_V11L05-333_A1",0.0745531942846672,0.195355558492833,0,0,0,0,0,0,0,0,0,0,0,0.197301191627335,0,0,0,0,0.303143916095569,0,0.229646139499596
"AGCCACAGGTTACCCG-1_V11L05-333_A1",0.819351766788011,0.180648233211988,0,0,0,0,0,0,0,0,0,0,0,0,0,0,0,0,0,0,0
"AGCCACTCCCGTGCTT-1_V11L05-333_A1",0.630976900412909,0.21494156427813,0.154081535308961,0,0,0,0,0,0,0,0,0,0,0,0,0,0,0,0,0,0
"AGCCATATAGTATGTG-1_V11L05-333_A1",0.106481886544487,0.273181567581535,0,0,0,0,0,0,0,0,0,0,0,0.620336545873978,0,0,0,0,0,0,0
"AGCCCATACATGTAAG-1_V11L05-333_A1",0.384533922964125,0.387234201057615,0,0,0,0,0,0,0,0,0,0,0,0,0,0,0,0,0,0,0.22823187597826
"AGCCCGCAACAAGCAG-1_V11L05-333_A1",0.193230293482933,0.344509523262646,0,0,0,0,0,0,0,0,0,0,0,0.462260183254421,0,0,0,0,0,0,0
"AGCCCGCACTACAATG-1_V11L05-333_A1",0.65005120063925,0.34994879936075,0,0,0,0,0,0,0,0,0,0,0,0,0,0,0,0,0,0,0
"AGCCCGGCATTAGAGG-1_V11L05-333_A1",0,0.251738850472052,0,0,0.287185634766636,0,0,0,0,0,0,0,0,0.252113847962726,0,0,0,0,0,0,0.208961666798587
"AGCCCGGTAGCCTGTA-1_V11L05-333_A1",0,0.315764825338304,0.12058258522507,0,0,0,0,0,0,0,0,0,0,0.32223131095502,0,0,0,0,0,0,0.241421278481605
"AGCCCTAAGCGAAGTT-1_V11L05-333_A1",0.468206136731693,0.34260294253724,0.189190920731067,0,0,0,0,0,0,0,0,0,0,0,0,0,0,0,0,0,0
"AGCCCTCCCTGGTGGC-1_V11L05-333_A1",0,0.193905982204354,0,0,0,0,0,0,0,0,0,0,0.617471134178876,0,0,0,0,0,0,0,0.188622883616769
"AGCCCTGTCGCACCGT-1_V11L05-333_A1",0.510590147450393,0.249157882935623,0,0,0,0,0,0,0,0,0,0,0,0,0,0.240251969613984,0,0,0,0,0
"AGCCCTTCTAATCCGA-1_V11L05-333_A1",0.464187263375012,0.295883047804198,0.23992968882079,0,0,0,0,0,0,0,0,0,0,0,0,0,0,0,0,0,0
"AGCCCTTGGACATCCC-1_V11L05-333_A1",0.355830416858432,0.164656710162647,0,0,0,0,0,0,0,0,0,0,0,0,0,0.479512872978922,0,0,0,0,0
"AGCCGCAAATTCAAAT-1_V11L05-333_A1",0.262658789651235,0.496782813007894,0,0,0,0,0,0,0,0,0,0,0,0,0,0.240558397340871,0,0,0,0,0
"AGCCGCTTGATTAGCG-1_V11L05-333_A1",0.560967584603505,0.439032415396495,0,0,0,0,0,0,0,0,0,0,0,0,0,0,0,0,0,0,0
"AGCCGTGGCTAAATGT-1_V11L05-333_A1",0.18751809348277,0.359487905183117,0,0,0,0,0,0,0,0,0,0,0,0,0,0,0,0,0,0.294721504303297,0.158272497030816
"AGCCTAATACCCACGT-1_V11L05-333_A1",0.123841832311208,0.230076489486757,0.0689732020287446,0,0,0,0,0,0,0,0,0,0,0.222907388758656,0,0,0,0,0,0.354201087414635,0
"AGCCTTAAAGCGGAAG-1_V11L05-333_A1",0.58555299561541,0.41444700438459,0,0,0,0,0,0,0,0,0,0,0,0,0,0,0,0,0,0,0
"AGCCTTGTCACTGATA-1_V11L05-333_A1",0.241032726868737,0.524014442528524,0,0,0,0,0,0,0.234952830602739,0,0,0,0,0,0,0,0,0,0,0,0
"AGCGACAGGAACGGTC-1_V11L05-333_A1",0,0.131366316800697,0.0939585996292255,0,0,0,0,0,0,0,0,0,0,0,0,0,0,0,0.311478821376278,0.345488960970527,0.117707301223272
"AGCGACATCCCATTCA-1_V11L05-333_A1",0.807706984883128,0.192293015116872,0,0,0,0,0,0,0,0,0,0,0,0,0,0,0,0,0,0,0
"AGCGACCAACGATATT-1_V11L05-333_A1",0.482042783670955,0.291722183512529,0.226235032816517,0,0,0,0,0,0,0,0,0,0,0,0,0,0,0,0,0,0
"AGCGACTTTGAAGACA-1_V11L05-333_A1",0,0.339852759886551,0,0,0,0,0,0,0,0,0,0,0,0.660147240113449,0,0,0,0,0,0,0
"AGCGAGACGTGAAGGC-1_V11L05-333_A1",0,0.286698927720875,0,0,0,0,0,0,0,0,0,0,0.545636953439553,0,0,0,0,0,0,0,0.167664118839572
"AGCGATGCGCCTAATA-1_V11L05-333_A1",0.466643181586526,0.320819698109154,0.21253712030432,0,0,0,0,0,0,0,0,0,0,0,0,0,0,0,0,0,0
"AGCGCATAATGAATCG-1_V11L05-333_A1",0.0792829585167341,0.279368948031245,0,0,0,0,0,0,0,0,0,0,0,0.217704155744323,0,0,0,0,0,0.423643937707698,0
"AGCGCGGGTGCCAATG-1_V11L05-333_A1",0.631903193682527,0.368096806317473,0,0,0,0,0,0,0,0,0,0,0,0,0,0,0,0,0,0,0
"AGCGCTAGAGCGATGT-1_V11L05-333_A1",0.483754983128405,0.356459409755637,0.159785607115958,0,0,0,0,0,0,0,0,0,0,0,0,0,0,0,0,0,0
"AGCGCTTATGGGCAAG-1_V11L05-333_A1",0.397076837995487,0.209272018910726,0.118930978861096,0,0,0,0,0,0,0,0,0,0,0,0,0.274720164232691,0,0,0,0,0
"AGCGGACACTTCGTAG-1_V11L05-333_A1",0.141484970853949,0.314223238413903,0.0989129474496366,0,0,0,0,0,0,0,0,0,0,0,0,0,0,0,0,0.445378843282512,0
"AGCGGCGGTTAGCGGT-1_V11L05-333_A1",0.110908037842727,0.288560880744306,0,0,0,0,0,0,0,0,0,0,0,0.176082541440073,0,0,0,0,0,0.254688040406087,0.169760499566807
"AGCGGGAAGGGTCCAT-1_V11L05-333_A1",0.589730723675977,0.21835409279856,0.191915183525463,0,0,0,0,0,0,0,0,0,0,0,0,0,0,0,0,0,0
"AGCGGGTCTGACACTC-1_V11L05-333_A1",0.117418105350535,0.308286420120412,0,0,0,0,0,0,0,0,0,0,0,0.38168935307256,0,0,0,0,0,0,0.192606121456492
"AGCGGTTGAGATGTAC-1_V11L05-333_A1",0.276783169061965,0.425485977569117,0.297730853368918,0,0,0,0,0,0,0,0,0,0,0,0,0,0,0,0,0,0
"AGCGGTTGCCGCTCTG-1_V11L05-333_A1",0.184954883052312,0.238009233024372,0.269274403247265,0,0,0,0,0,0,0,0,0,0,0.307761480676051,0,0,0,0,0,0,0
"AGCGTACGAGAGCTAG-1_V11L05-333_A1",0.425989515858604,0.574010484141396,0,0,0,0,0,0,0,0,0,0,0,0,0,0,0,0,0,0,0
"AGCGTAGCGCTAGACC-1_V11L05-333_A1",0.371544436046787,0.237325767020248,0,0,0,0,0,0,0,0,0,0,0,0.391129796932966,0,0,0,0,0,0,0
"AGCGTCTGAACCCGCA-1_V11L05-333_A1",0.634221708126624,0.365778291873376,0,0,0,0,0,0,0,0,0,0,0,0,0,0,0,0,0,0,0
"AGCGTGGTATTCTACT-1_V11L05-333_A1",0.619386756578566,0.380613243421434,0,0,0,0,0,0,0,0,0,0,0,0,0,0,0,0,0,0,0
"AGCGTTCCGATTTAAA-1_V11L05-333_A1",0.304541485392488,0.356467541722112,0.3389909728854,0,0,0,0,0,0,0,0,0,0,0,0,0,0,0,0,0,0
"AGCTAACAAGCAATGT-1_V11L05-333_A1",0.0296743148673169,0.124460767978495,0,0,0,0,0,0,0,0,0,0,0,0.305630844956762,0,0,0,0,0.383605497969707,0,0.156628574227719
"AGCTAAGCTCCGTCCG-1_V11L05-333_A1",0.0934317811346412,0.36588747299811,0,0,0.235437436877932,0,0,0,0,0,0,0,0,0,0,0,0,0,0,0,0.305243308989316
"AGCTAAGTACGCAGGC-1_V11L05-333_A1",0.495548416775194,0.314817180109515,0.189634403115291,0,0,0,0,0,0,0,0,0,0,0,0,0,0,0,0,0,0
"AGCTACGAATGGTGGT-1_V11L05-333_A1",0.569072844582736,0.430927155417264,0,0,0,0,0,0,0,0,0,0,0,0,0,0,0,0,0,0,0
"AGCTAGAAGCAGAAGT-1_V11L05-333_A1",0.295130818220164,0.193799666552362,0.074840530133467,0,0,0,0,0,0,0,0,0,0,0,0,0.436228985094007,0,0,0,0,0
"AGCTATTTAATCCAAC-1_V11L05-333_A1",0.794277543983793,0.205722456016207,0,0,0,0,0,0,0,0,0,0,0,0,0,0,0,0,0,0,0
"AGCTCCATATATGTTC-1_V11L05-333_A1",0.6849139965174,0.3150860034826,0,0,0,0,0,0,0,0,0,0,0,0,0,0,0,0,0,0,0
"AGCTCCTTCGCACATC-1_V11L05-333_A1",0.772364126571536,0.227635873428464,0,0,0,0,0,0,0,0,0,0,0,0,0,0,0,0,0,0,0
"AGCTCGTTGATGGAAA-1_V11L05-333_A1",0.172296885769982,0.337813002562838,0.172008217312035,0,0,0,0,0,0,0,0,0,0,0,0,0.23685826230396,0.0810236320511851,0,0,0,0
"AGCTCTAGACGTTCCA-1_V11L05-333_A1",0.729997153970142,0.270002846029859,0,0,0,0,0,0,0,0,0,0,0,0,0,0,0,0,0,0,0
"AGCTCTTCCCAGTGCA-1_V11L05-333_A1",0.23548960654142,0.161039892161989,0,0,0,0,0,0,0,0,0,0,0,0,0,0.603470501296591,0,0,0,0,0
"AGCTCTTCGTAACCTT-1_V11L05-333_A1",0.384499686335769,0.236208430635556,0.379291883028675,0,0,0,0,0,0,0,0,0,0,0,0,0,0,0,0,0,0
"AGCTCTTTACTCAGTT-1_V11L05-333_A1",0.561464312400881,0.196210307572113,0,0,0,0,0,0,0,0.242325380027006,0,0,0,0,0,0,0,0,0,0,0
"AGCTGAAGTAAACCAA-1_V11L05-333_A1",0.391802324477761,0.257558494305033,0.171631220570397,0,0,0,0,0,0,0.179007960646808,0,0,0,0,0,0,0,0,0,0,0
"AGCTGCATTTGAGGTG-1_V11L05-333_A1",0.306176333092099,0.172972686711069,0.118790257992491,0,0,0,0,0,0,0,0,0,0.40206072220434,0,0,0,0,0,0,0,0
"AGCTGCTGTGCCGAAT-1_V11L05-333_A1",0.122342021306025,0.206508918113332,0,0,0,0,0,0,0,0,0,0,0.296771460419806,0,0,0,0,0,0,0.374377600160837,0
"AGCTGTAACCTCAATC-1_V11L05-333_A1",0.117264936649414,0.242229380723537,0,0,0,0,0,0,0,0,0,0,0,0.358782980204784,0,0,0,0,0,0,0.281722702422266
"AGCTTATAGAGACCTG-1_V11L05-333_A1",0.800945092259478,0.199054907740522,0,0,0,0,0,0,0,0,0,0,0,0,0,0,0,0,0,0,0
"AGCTTCAATACTTTGA-1_V11L05-333_A1",0.152668481707041,0.184612398408959,0.205017111186813,0,0,0,0,0,0,0,0,0,0.457702008697187,0,0,0,0,0,0,0,0
"AGCTTCTTCTCGAGCA-1_V11L05-333_A1",0,0,0,0,0,0,0,0,0,0,0,0,0,0,0,0,0,0,0,0,0
"AGCTTGATCAGGGTAG-1_V11L05-333_A1",0,0.368039181955031,0.183133979295719,0,0,0,0,0,0.44882683874925,0,0,0,0,0,0,0,0,0,0,0,0
"AGCTTGATCTTAACTT-1_V11L05-333_A1",0.2811660780381,0.47809328179104,0,0,0,0,0,0,0,0,0,0,0,0,0,0,0,0,0,0,0.24074064017086
"AGGAAAGCCTCTGATG-1_V11L05-333_A1",0.33426343073364,0.442214149066726,0,0,0,0,0,0,0,0,0,0,0,0,0,0,0,0,0,0.223522420199633,0
"AGGAACGAACGACTTC-1_V11L05-333_A1",0.43219357606141,0.226516750697151,0.204558433311552,0,0,0,0,0,0,0,0,0,0,0,0,0.136731239929887,0,0,0,0,0
"AGGAAGCTGTCCGCCG-1_V11L05-333_A1",0.135683492737703,0.339018695419939,0,0,0,0,0,0,0,0,0,0,0,0.167264289098921,0,0,0,0,0,0.358033522743437,0
"AGGACAGTCGAATCCC-1_V11L05-333_A1",0.852918387927428,0.147081612072572,0,0,0,0,0,0,0,0,0,0,0,0,0,0,0,0,0,0,0
"AGGACATCGCACGTCG-1_V11L05-333_A1",0.243864674840622,0.138668787560278,0,0,0,0,0,0,0,0,0,0,0,0,0,0.6174665375991,0,0,0,0,0
"AGGACATCGGCACACT-1_V11L05-333_A1",0.387613822618241,0.244817768682258,0,0,0,0,0,0,0,0,0,0,0,0.367568408699501,0,0,0,0,0,0,0
"AGGACGACCCATTAGA-1_V11L05-333_A1",0.312551438058495,0.241330065532643,0,0,0,0,0,0,0,0,0,0,0,0,0,0,0,0,0,0.446118496408862,0
"AGGACGCTCGATGTTG-1_V11L05-333_A1",0.665178191038284,0.190578139480205,0,0,0,0,0,0,0,0,0,0,0,0,0,0.144243669481511,0,0,0,0,0
"AGGACTTATAGGAGAA-1_V11L05-333_A1",0.647479243798741,0.352520756201259,0,0,0,0,0,0,0,0,0,0,0,0,0,0,0,0,0,0,0
"AGGAGACATCCACAGT-1_V11L05-333_A1",0.360417597902781,0.186260451015455,0.109169663328491,0,0,0,0,0,0,0,0,0,0,0.344152287753273,0,0,0,0,0,0,0
"AGGAGAGTCTGGCTAC-1_V11L05-333_A1",0.246850056395972,0.177014228084889,0.143419133319807,0,0,0,0,0,0,0,0,0,0,0,0,0.432716582199332,0,0,0,0,0
"AGGAGCGTTTATTATC-1_V11L05-333_A1",0.786771976340355,0.213228023659645,0,0,0,0,0,0,0,0,0,0,0,0,0,0,0,0,0,0,0
"AGGAGGCCTTCGCGCG-1_V11L05-333_A1",0.641519156675984,0.358480843324016,0,0,0,0,0,0,0,0,0,0,0,0,0,0,0,0,0,0,0
"AGGATAAAGTCGGGAT-1_V11L05-333_A1",0.283877928019952,0.536280942482257,0.179841129497791,0,0,0,0,0,0,0,0,0,0,0,0,0,0,0,0,0,0
"AGGATATAGGGATTTA-1_V11L05-333_A1",0.697191117922461,0.302808882077539,0,0,0,0,0,0,0,0,0,0,0,0,0,0,0,0,0,0,0
"AGGATATCCGACTGCA-1_V11L05-333_A1",0.519964434845937,0.480035565154063,0,0,0,0,0,0,0,0,0,0,0,0,0,0,0,0,0,0,0
"AGGATCACGCGATCTG-1_V11L05-333_A1",0.0567985278710684,0.11499514997582,0,0,0,0,0,0,0,0,0,0,0,0,0,0,0,0,0,0.828206322153112,0
"AGGATTGCTTACGACA-1_V11L05-333_A1",0.0732771777471025,0.0751202316283458,0,0,0,0,0,0,0,0,0,0,0,0,0,0.851602590624552,0,0,0,0,0
"AGGCAAAGAGGAATCA-1_V11L05-333_A1",0.627905097083505,0.372094902916496,0,0,0,0,0,0,0,0,0,0,0,0,0,0,0,0,0,0,0
"AGGCAATACGGAGGAC-1_V11L05-333_A1",0.690114384056202,0.309885615943799,0,0,0,0,0,0,0,0,0,0,0,0,0,0,0,0,0,0,0
"AGGCACGTGACTGTCC-1_V11L05-333_A1",0.703401238634328,0.296598761365672,0,0,0,0,0,0,0,0,0,0,0,0,0,0,0,0,0,0,0
"AGGCAGATGCGTAAAC-1_V11L05-333_A1",0.360354695142743,0.164083961950235,0,0,0,0,0,0,0,0,0,0,0,0,0,0.475561342907023,0,0,0,0,0
"AGGCAGGGAGCGTACT-1_V11L05-333_A1",0.161114048655961,0.382624021047441,0,0,0,0,0,0,0,0,0,0,0,0,0,0,0,0,0,0.251149026161074,0.205112904135524
"AGGCATTGTCGTAGGG-1_V11L05-333_A1",0.268101903400559,0.358526051065175,0.373372045534266,0,0,0,0,0,0,0,0,0,0,0,0,0,0,0,0,0,0
"AGGCCACATTGGTTAC-1_V11L05-333_A1",0.201081908409873,0.270156802849707,0,0,0,0,0,0,0,0,0,0,0,0,0,0.52876128874042,0,0,0,0,0
"AGGCCACCCGTTATGA-1_V11L05-333_A1",0.710906250641771,0.289093749358229,0,0,0,0,0,0,0,0,0,0,0,0,0,0,0,0,0,0,0
"AGGCCCAGTGACTGGT-1_V11L05-333_A1",0.553099993713886,0.299974710408781,0.146925295877333,0,0,0,0,0,0,0,0,0,0,0,0,0,0,0,0,0,0
"AGGCCCATTGTACAGG-1_V11L05-333_A1",0.260653498555902,0.233908502992492,0,0,0,0,0,0,0,0,0,0,0,0.0816676721568195,0,0.383576748491816,0,0.0401935778029708,0,0,0
"AGGCCCTAGAACGCCA-1_V11L05-333_A1",0.0684570554268302,0.222992592502695,0,0,0,0,0,0,0,0,0,0,0,0.175008865505071,0,0,0,0,0,0.338430698750879,0.195110787814525
"AGGCCTATCATACCAA-1_V11L05-333_A1",0,0.225830291461126,0.0846397998499498,0,0.362559105343623,0,0,0,0,0,0.147650202001441,0,0,0,0,0,0,0,0,0,0.17932060134386
"AGGCCTGAGAATCTCG-1_V11L05-333_A1",0.855846830772692,0.144153169227308,0,0,0,0,0,0,0,0,0,0,0,0,0,0,0,0,0,0,0
"AGGCGATAACTGGCGT-1_V11L05-333_A1",0.693768540971428,0.306231459028572,0,0,0,0,0,0,0,0,0,0,0,0,0,0,0,0,0,0,0
"AGGCGGTTTGTCCCGC-1_V11L05-333_A1",0,0.253795247154323,0,0,0,0,0,0,0,0,0,0,0,0.43280007345869,0,0,0,0,0,0,0.313404679386987
"AGGCGTCTATGGACGG-1_V11L05-333_A1",0.123794315646506,0.297896728568176,0.111880028160152,0,0,0,0,0,0,0.179678357444223,0,0,0,0,0,0.286750570180943,0,0,0,0,0
"AGGCTATGGTTAGCTT-1_V11L05-333_A1",0.633185235442007,0.366814764557993,0,0,0,0,0,0,0,0,0,0,0,0,0,0,0,0,0,0,0
"AGGCTTAAGTTGCACA-1_V11L05-333_A1",0,0.192765893978277,0.124601286956959,0,0,0,0,0,0,0,0,0,0.511243073648745,0,0,0,0,0,0,0,0.171389745416019
"AGGCTTCCCGAAGAAG-1_V11L05-333_A1",0.147401539876109,0.320537603162908,0,0,0,0,0,0,0,0,0,0,0,0,0,0,0,0,0,0.342181946357386,0.189878910603597
"AGGCTTGCTAGACACC-1_V11L05-333_A1",0.607531964470095,0.392468035529905,0,0,0,0,0,0,0,0,0,0,0,0,0,0,0,0,0,0,0
"AGGGAAACGAGGTACT-1_V11L05-333_A1",0.819431664020985,0.180568335979015,0,0,0,0,0,0,0,0,0,0,0,0,0,0,0,0,0,0,0
"AGGGACAGCACGGCGG-1_V11L05-333_A1",0.699666485329392,0.300333514670608,0,0,0,0,0,0,0,0,0,0,0,0,0,0,0,0,0,0,0
"AGGGACCGGCTGCGTT-1_V11L05-333_A1",0.466048343666351,0.357573019219597,0,0,0,0,0,0,0,0,0,0,0,0,0,0,0,0.176378637114052,0,0,0
"AGGGACTCTACGCGAC-1_V11L05-333_A1",0.0606415766407977,0.125040130014579,0,0,0,0,0,0,0,0,0,0,0,0,0,0,0,0,0,0.814318293344623,0
"AGGGAGACATACTTCG-1_V11L05-333_A1",0.651972364234672,0.348027635765328,0,0,0,0,0,0,0,0,0,0,0,0,0,0,0,0,0,0,0
"AGGGCAGCGGCGTGGT-1_V11L05-333_A1",0.290647282361462,0.388403309038348,0.320949408600191,0,0,0,0,0,0,0,0,0,0,0,0,0,0,0,0,0,0
"AGGGCCCTAATGTTCT-1_V11L05-333_A1",0.483371538910757,0.516628461089243,0,0,0,0,0,0,0,0,0,0,0,0,0,0,0,0,0,0,0
"AGGGCGAGCAGCTGAT-1_V11L05-333_A1",0.086478677840075,0.300340641713152,0.109587688959917,0,0,0,0,0,0,0,0.196090806692558,0,0,0,0,0,0,0,0,0,0.307502184794299
"AGGGCGTGATCGGCTA-1_V11L05-333_A1",0.627224356088306,0.250227675906745,0.12254796800495,0,0,0,0,0,0,0,0,0,0,0,0,0,0,0,0,0,0
"AGGGCTGCAGTTACAG-1_V11L05-333_A1",0.672785216266575,0.327214783733425,0,0,0,0,0,0,0,0,0,0,0,0,0,0,0,0,0,0,0
"AGGGTCAGAGCACTCG-1_V11L05-333_A1",0,0.269468427078632,0,0,0,0,0,0,0,0,0,0,0,0.420385375959053,0,0,0,0,0,0,0.310146196962315
"AGGGTCAGTAACCCTA-1_V11L05-333_A1",0.0993159554075156,0.230078870158633,0.239596495578248,0,0,0,0,0,0,0,0,0,0,0.106912347565364,0,0.32409633129024,0,0,0,0,0
"AGGGTCGATGCGAACT-1_V11L05-333_A1",0.450104087066428,0,0.345993342816203,0,0,0,0.203902570117369,0,0,0,0,0,0,0,0,0,0,0,0,0,0
"AGGGTCTGGACGCAGT-1_V11L05-333_A1",0.584267461652099,0.415732538347901,0,0,0,0,0,0,0,0,0,0,0,0,0,0,0,0,0,0,0
"AGGGTGCCGTTCTTTA-1_V11L05-333_A1",0,0.276837054027225,0,0,0,0,0,0,0,0,0,0,0.723162945972775,0,0,0,0,0,0,0,0
"AGGGTGCTCTCGAGGG-1_V11L05-333_A1",0.486314725706921,0.360039488330046,0.153645785963033,0,0,0,0,0,0,0,0,0,0,0,0,0,0,0,0,0,0
"AGGGTGGATAGTGCAT-1_V11L05-333_A1",0.553249923175254,0.204242493875622,0.242507582949124,0,0,0,0,0,0,0,0,0,0,0,0,0,0,0,0,0,0
"AGGGTGTGCTACACGC-1_V11L05-333_A1",0.071078599948674,0.1855708550187,0,0,0,0,0,0,0.192461462833709,0,0,0,0,0.331387926587795,0,0,0,0,0,0,0.219501155611122
"AGGGTTCAGACGGTCC-1_V11L05-333_A1",0.0482996553557135,0.201538339911276,0,0.364058760261926,0,0,0,0,0,0,0,0,0,0.256472848917772,0,0,0,0,0,0,0.129630395553312
"AGGGTTCCCTTTGGTT-1_V11L05-333_A1",0.705403906139448,0.179133649056311,0.115462444804241,0,0,0,0,0,0,0,0,0,0,0,0,0,0,0,0,0,0
"AGGGTTTAGTTCGGGA-1_V11L05-333_A1",0.673872207618878,0.326127792381122,0,0,0,0,0,0,0,0,0,0,0,0,0,0,0,0,0,0,0
"AGGTAACCTCCTATTC-1_V11L05-333_A1",0.803937238484819,0.196062761515181,0,0,0,0,0,0,0,0,0,0,0,0,0,0,0,0,0,0,0
"AGGTACGATATTGCCA-1_V11L05-333_A1",0.549211462162146,0.298073849398348,0.152714688439506,0,0,0,0,0,0,0,0,0,0,0,0,0,0,0,0,0,0
"AGGTAGATCGAGATAT-1_V11L05-333_A1",0,0.181026971982837,0,0,0,0,0,0,0,0,0,0,0,0.434671159922749,0,0,0,0,0.384301868094414,0,0
"AGGTAGGTACAAAGCT-1_V11L05-333_A1",0.505032417438872,0.344329700544328,0.1506378820168,0,0,0,0,0,0,0,0,0,0,0,0,0,0,0,0,0,0
"AGGTATAATTGATAGT-1_V11L05-333_A1",0.560876447034973,0.439123552965027,0,0,0,0,0,0,0,0,0,0,0,0,0,0,0,0,0,0,0
"AGGTATGCGGACATTA-1_V11L05-333_A1",0.761529565179529,0.238470434820471,0,0,0,0,0,0,0,0,0,0,0,0,0,0,0,0,0,0,0
"AGGTCAGGTGAGAGTG-1_V11L05-333_A1",0.152009559762164,0.205968318328907,0,0,0,0,0,0,0,0,0,0,0,0,0,0,0,0,0,0.64202212190893,0
"AGGTCGCCACTTCGGT-1_V11L05-333_A1",0.545977813350708,0.454022186649292,0,0,0,0,0,0,0,0,0,0,0,0,0,0,0,0,0,0,0
"AGGTCGCCTCCCAACA-1_V11L05-333_A1",0.563931074406888,0.436068925593112,0,0,0,0,0,0,0,0,0,0,0,0,0,0,0,0,0,0,0
"AGGTCGCGGAGTTACT-1_V11L05-333_A1",0.339085065588704,0.23569731186518,0,0,0,0,0,0,0,0,0,0,0,0.425217622546117,0,0,0,0,0,0,0
"AGGTGCACGTCCACAT-1_V11L05-333_A1",0.679733196326928,0.320266803673072,0,0,0,0,0,0,0,0,0,0,0,0,0,0,0,0,0,0,0
"AGGTGGTGACCTTCGC-1_V11L05-333_A1",0.0369576539176676,0.159330001400054,0.0497137094431104,0,0,0,0,0,0,0,0,0,0,0,0,0,0,0,0.629675241018345,0,0.124323394220822
"AGGTGTATCGCCATGA-1_V11L05-333_A1",0.687825618581902,0.312174381418098,0,0,0,0,0,0,0,0,0,0,0,0,0,0,0,0,0,0,0
"AGGTGTTGCCGACCAC-1_V11L05-333_A1",0.338039206333302,0.33049493715922,0.331465856507479,0,0,0,0,0,0,0,0,0,0,0,0,0,0,0,0,0,0
"AGGTTACACCATGCCG-1_V11L05-333_A1",0.48119474660655,0.265791117085958,0.253014136307492,0,0,0,0,0,0,0,0,0,0,0,0,0,0,0,0,0,0
"AGGTTCTCCTTTCCGG-1_V11L05-333_A1",0,0.21869287566483,0,0,0,0,0,0,0,0,0,0,0.78130712433517,0,0,0,0,0,0,0,0
"AGGTTGAGGCACGCTT-1_V11L05-333_A1",0.539006408893258,0.323451795626781,0.137541795479962,0,0,0,0,0,0,0,0,0,0,0,0,0,0,0,0,0,0
"AGGTTTCACACACCTT-1_V11L05-333_A1",0.549595018695587,0.242211159893216,0.208193821411196,0,0,0,0,0,0,0,0,0,0,0,0,0,0,0,0,0,0
"AGTAACGTTCATCCTG-1_V11L05-333_A1",0.622401795611819,0.377598204388181,0,0,0,0,0,0,0,0,0,0,0,0,0,0,0,0,0,0,0
"AGTAACTATAGCAGCC-1_V11L05-333_A1",0.695325166949774,0.166179143083579,0,0,0,0,0,0,0,0,0,0,0,0,0,0,0.138495689966648,0,0,0,0
"AGTAAGGGACAGAATC-1_V11L05-333_A1",0.688295829839665,0.311704170160335,0,0,0,0,0,0,0,0,0,0,0,0,0,0,0,0,0,0,0
"AGTAATCTAAGGGTGG-1_V11L05-333_A1",0.117641121392008,0.380878397954048,0.115042884423492,0,0,0,0,0,0,0,0,0,0,0,0,0,0,0,0,0.181774305898293,0.20466329033216
"AGTAATGTCTTGCCGC-1_V11L05-333_A1",0.655955804618617,0.234260971864276,0.109783223517107,0,0,0,0,0,0,0,0,0,0,0,0,0,0,0,0,0,0
"AGTAATTTGCAAGCGT-1_V11L05-333_A1",0.0987062020626743,0.318634345157397,0.113649415246655,0,0,0,0,0,0.204590522883582,0,0,0,0,0,0,0,0,0,0,0,0.264419514649692
"AGTACAGAAGCTTATA-1_V11L05-333_A1",0.110852214406208,0.34317526234737,0.195885683074277,0,0,0,0,0,0,0,0,0,0,0,0,0,0,0,0,0.152693116364656,0.19739372380749
"AGTACATCATTTATCA-1_V11L05-333_A1",0.659323554235095,0.203166643407032,0.137509802357873,0,0,0,0,0,0,0,0,0,0,0,0,0,0,0,0,0,0
"AGTACCTTCGAGTGCT-1_V11L05-333_A1",0.207795354908377,0.238749281502931,0.208010089662336,0,0,0,0,0,0,0,0,0,0,0.345445273926356,0,0,0,0,0,0,0
"AGTACGGCCCGTATCG-1_V11L05-333_A1",0.267515975714477,0.295423635239728,0.107107773863481,0,0,0,0,0,0,0,0,0,0,0,0,0,0,0,0,0.130146071587087,0.199806543595226
"AGTACGGGCACCTGGC-1_V11L05-333_A1",0.725687336794179,0.274312663205821,0,0,0,0,0,0,0,0,0,0,0,0,0,0,0,0,0,0,0
"AGTACGTGGCCTGTCT-1_V11L05-333_A1",0.275188989697801,0.194288313689207,0.152206963756371,0,0,0,0,0,0,0,0,0,0,0.378315732856621,0,0,0,0,0,0,0
"AGTACTCTTATGCCCA-1_V11L05-333_A1",0.494927671895961,0.314652736916033,0.190419591188006,0,0,0,0,0,0,0,0,0,0,0,0,0,0,0,0,0,0
"AGTAGAAGGCGCCTCA-1_V11L05-333_A1",0.0940700678395692,0.251047887023947,0,0,0,0,0,0,0,0,0,0,0,0.413993560233447,0,0,0,0,0,0,0.240888484903037
"AGTAGCGTGAACGAAC-1_V11L05-333_A1",0.251918258407885,0.318765013198041,0.233207842635056,0,0,0,0,0,0,0,0,0,0,0,0,0.196108885759017,0,0,0,0,0
"AGTAGCTAGACGCCGA-1_V11L05-333_A1",0.370453770360722,0.359531348306198,0,0,0,0,0,0,0,0,0,0,0,0,0,0.27001488133308,0,0,0,0,0
"AGTAGGAAGGAAGTTG-1_V11L05-333_A1",0.0750195884684089,0.0973378204120102,0,0,0,0,0,0,0,0,0,0,0,0,0,0.827642591119581,0,0,0,0,0
"AGTAGGTAACATACAT-1_V11L05-333_A1",0.702820681304055,0.297179318695945,0,0,0,0,0,0,0,0,0,0,0,0,0,0,0,0,0,0,0
"AGTATAATACTAGGCA-1_V11L05-333_A1",0.803568111901522,0.196431888098478,0,0,0,0,0,0,0,0,0,0,0,0,0,0,0,0,0,0,0
"AGTATACACAGCGACA-1_V11L05-333_A1",0,0.294879435681965,0,0,0,0,0,0,0,0,0,0,0,0.151492392394413,0,0,0,0,0.339090009132202,0,0.21453816279142
"AGTATCCATAATAACG-1_V11L05-333_A1",0.53311343756334,0.295112664326369,0.171773898110292,0,0,0,0,0,0,0,0,0,0,0,0,0,0,0,0,0,0
"AGTATGCTGGAGACCA-1_V11L05-333_A1",0.103675400857613,0.215126053159059,0,0,0,0,0,0,0,0,0,0,0,0.392139022191055,0,0,0,0,0,0,0.289059523792273
"AGTATTTGGCACGACC-1_V11L05-333_A1",0.0734812363727055,0.160974078289482,0,0,0,0,0,0,0,0,0,0,0,0.306391853331115,0,0,0,0,0.277302146912238,0,0.181850685094459
"AGTCAAATGATGTGAT-1_V11L05-333_A1",0,0.267065907030863,0.11970066034634,0,0,0,0,0,0,0,0,0,0,0.381520157288913,0,0,0,0,0,0,0.231713275333884
"AGTCAACACCACCATC-1_V11L05-333_A1",0.370823453712132,0.40040531195035,0.228771234337518,0,0,0,0,0,0,0,0,0,0,0,0,0,0,0,0,0,0
"AGTCAAGATGACACTT-1_V11L05-333_A1",0.425929985632455,0.332678677029845,0.241391337337701,0,0,0,0,0,0,0,0,0,0,0,0,0,0,0,0,0,0
"AGTCACTAGCTCTCGA-1_V11L05-333_A1",0.88159095055401,0.11840904944599,0,0,0,0,0,0,0,0,0,0,0,0,0,0,0,0,0,0,0
"AGTCACTCCGCCTCAT-1_V11L05-333_A1",0.792078760864772,0.207921239135228,0,0,0,0,0,0,0,0,0,0,0,0,0,0,0,0,0,0,0
"AGTCAGCCACCGCCTG-1_V11L05-333_A1",0.685785967463662,0.314214032536338,0,0,0,0,0,0,0,0,0,0,0,0,0,0,0,0,0,0,0
"AGTCCAGCGGGTACGT-1_V11L05-333_A1",0.823894255061434,0.176105744938566,0,0,0,0,0,0,0,0,0,0,0,0,0,0,0,0,0,0,0
"AGTCCATTGGCTGATG-1_V11L05-333_A1",0.479534509053278,0.297084911391992,0,0,0,0,0,0,0,0,0,0,0,0,0,0,0,0.22338057955473,0,0,0
"AGTCCCGCCTTTAATT-1_V11L05-333_A1",0.716347492612059,0.283652507387941,0,0,0,0,0,0,0,0,0,0,0,0,0,0,0,0,0,0,0
"AGTCCCTCGCAGAAAG-1_V11L05-333_A1",0.150063600500054,0.263323276715801,0.332258382991447,0,0,0,0,0,0,0,0,0,0,0,0,0.254354739792698,0,0,0,0,0
"AGTCGAAACGATTCAG-1_V11L05-333_A1",0.189358132824285,0.520373229229814,0,0,0,0,0,0,0,0,0,0,0,0,0,0,0,0,0,0,0.290268637945901
"AGTCGAATTAGCGTAA-1_V11L05-333_A1",0.617742002100696,0.382257997899304,0,0,0,0,0,0,0,0,0,0,0,0,0,0,0,0,0,0,0
"AGTCGACGGTCTCAAG-1_V11L05-333_A1",0.624051856932249,0.200244057374232,0.175704085693519,0,0,0,0,0,0,0,0,0,0,0,0,0,0,0,0,0,0
"AGTCGGCCCAAACGAC-1_V11L05-333_A1",0.42223161084393,0.365551713895665,0.212216675260404,0,0,0,0,0,0,0,0,0,0,0,0,0,0,0,0,0,0
"AGTCGGCTCAACTTTA-1_V11L05-333_A1",0.0835236311595082,0.290824006391069,0.0615971845775709,0,0,0,0,0,0,0,0,0,0,0,0,0,0,0,0,0.32349311687728,0.240562060994572
"AGTCGGTTGCGTGAGA-1_V11L05-333_A1",0.730747734366715,0.269252265633285,0,0,0,0,0,0,0,0,0,0,0,0,0,0,0,0,0,0,0
"AGTCGTATAAAGCAGA-1_V11L05-333_A1",0.557820488205519,0.442179511794481,0,0,0,0,0,0,0,0,0,0,0,0,0,0,0,0,0,0,0
"AGTCGTCGACCACCAA-1_V11L05-333_A1",0.789172853541549,0.210827146458451,0,0,0,0,0,0,0,0,0,0,0,0,0,0,0,0,0,0,0
"AGTCGTGGGCATTACG-1_V11L05-333_A1",0.103860258342318,0.411163057575228,0,0,0,0,0,0,0,0,0,0,0,0,0,0,0,0,0,0.484976684082453,0
"AGTCTAAAGTATACTC-1_V11L05-333_A1",0.695817689125428,0.304182310874572,0,0,0,0,0,0,0,0,0,0,0,0,0,0,0,0,0,0,0
"AGTCTCACAAGACTAC-1_V11L05-333_A1",0.103061455965621,0.29574292467394,0,0,0,0,0,0,0,0,0,0,0,0.269271623984662,0,0,0,0,0,0,0.331923995375777
"AGTCTGGACATCCTTG-1_V11L05-333_A1",0.618659374104028,0.381340625895972,0,0,0,0,0,0,0,0,0,0,0,0,0,0,0,0,0,0,0
"AGTCTTCTCCTCAAAT-1_V11L05-333_A1",0.57158871441241,0.253290273550535,0.175121012037056,0,0,0,0,0,0,0,0,0,0,0,0,0,0,0,0,0,0
"AGTCTTTAAAGTGTCC-1_V11L05-333_A1",0.140118008788551,0.303160356419928,0.0918903625719278,0,0,0,0,0,0,0,0,0,0,0,0,0,0,0,0,0.464831272219593,0
"AGTGAACAAACTTCTC-1_V11L05-333_A1",0.481065654842969,0.263854855128529,0.146657352961428,0,0,0,0,0,0,0,0,0,0,0,0,0,0.108422137067073,0,0,0,0
"AGTGAAGATGGTGTCC-1_V11L05-333_A1",0.33606195159011,0.234758060282035,0,0,0,0,0,0,0,0,0,0,0,0.429179988127855,0,0,0,0,0,0,0
"AGTGACCTACTTTACG-1_V11L05-333_A1",0.671647873568216,0.328352126431784,0,0,0,0,0,0,0,0,0,0,0,0,0,0,0,0,0,0,0
"AGTGACTGTGACACAA-1_V11L05-333_A1",0,0.236192737683949,0,0,0,0,0,0,0,0,0,0,0,0,0.587824502656487,0,0,0,0,0,0.175982759659564
"AGTGAGACTTCCAGTA-1_V11L05-333_A1",0.859967163003959,0.140032836996041,0,0,0,0,0,0,0,0,0,0,0,0,0,0,0,0,0,0,0
"AGTGAGCCTCGCCGCC-1_V11L05-333_A1",0.744168511511542,0.255831488488458,0,0,0,0,0,0,0,0,0,0,0,0,0,0,0,0,0,0,0
"AGTGAGGGTTTCTGAC-1_V11L05-333_A1",0.617795468363532,0.206113156635792,0.176091375000676,0,0,0,0,0,0,0,0,0,0,0,0,0,0,0,0,0,0
"AGTGAGTCGAATTAAC-1_V11L05-333_A1",0.586668902460363,0.266807806335764,0.146523291203873,0,0,0,0,0,0,0,0,0,0,0,0,0,0,0,0,0,0
"AGTGATAACCTGCGCG-1_V11L05-333_A1",0.750781914433194,0.249218085566806,0,0,0,0,0,0,0,0,0,0,0,0,0,0,0,0,0,0,0
"AGTGATATGAGTAGTT-1_V11L05-333_A1",0.598838114695898,0.401161885304102,0,0,0,0,0,0,0,0,0,0,0,0,0,0,0,0,0,0,0
"AGTGATTCAAGCAGGA-1_V11L05-333_A1",0.617644589785211,0.250812748509637,0.131542661705152,0,0,0,0,0,0,0,0,0,0,0,0,0,0,0,0,0,0
"AGTGCACGCTTAAGAA-1_V11L05-333_A1",0.515454365446698,0.256311812701548,0.228233821851754,0,0,0,0,0,0,0,0,0,0,0,0,0,0,0,0,0,0
"AGTGCGTAGCTCGTAA-1_V11L05-333_A1",0.161117500449772,0.354947329625445,0.111025976627077,0,0,0,0,0,0,0,0,0,0,0,0,0,0,0,0,0.152490049224422,0.220419144073284
"AGTGCTAAACACAGCA-1_V11L05-333_A1",0.702100401742301,0.297899598257699,0,0,0,0,0,0,0,0,0,0,0,0,0,0,0,0,0,0,0
"AGTGCTTGCACGAATA-1_V11L05-333_A1",0.558681455246382,0.198161133283987,0.243157411469631,0,0,0,0,0,0,0,0,0,0,0,0,0,0,0,0,0,0
"AGTGGCCCGCAAATGG-1_V11L05-333_A1",0.529231158363537,0.31271402893506,0.158054812701403,0,0,0,0,0,0,0,0,0,0,0,0,0,0,0,0,0,0
"AGTGGCGGCAATTTGA-1_V11L05-333_A1",0.692081941336414,0.307918058663586,0,0,0,0,0,0,0,0,0,0,0,0,0,0,0,0,0,0,0
"AGTGGCGTCTGAAGGT-1_V11L05-333_A1",0.780398828936209,0.219601171063791,0,0,0,0,0,0,0,0,0,0,0,0,0,0,0,0,0,0,0
"AGTGGCTCCGTCGGCC-1_V11L05-333_A1",0.229840980782557,0.175256418746556,0,0,0,0,0,0,0,0,0,0,0,0,0,0,0,0,0,0.594902600470887,0
"AGTGGGAGTATACACG-1_V11L05-333_A1",0.725855071568162,0.274144928431838,0,0,0,0,0,0,0,0,0,0,0,0,0,0,0,0,0,0,0
"AGTGGTGTTACCCGTG-1_V11L05-333_A1",0.0780667159927259,0.261200229772336,0.0705010188393256,0,0,0,0,0,0,0,0,0,0,0,0,0,0,0,0,0.590232035395613,0
"AGTGGTTGCGTATAGG-1_V11L05-333_A1",0.341193146295661,0.30838653032898,0,0,0,0,0,0,0,0,0,0,0,0.350420323375358,0,0,0,0,0,0,0
"AGTGTATTGCGCATTG-1_V11L05-333_A1",0.571086723550938,0.263519957423666,0.165393319025396,0,0,0,0,0,0,0,0,0,0,0,0,0,0,0,0,0,0
"AGTGTGCTAAGATCGC-1_V11L05-333_A1",0.694997002613236,0.305002997386764,0,0,0,0,0,0,0,0,0,0,0,0,0,0,0,0,0,0,0
"AGTGTGGTCTATTGTG-1_V11L05-333_A1",0.737312747317348,0.262687252682652,0,0,0,0,0,0,0,0,0,0,0,0,0,0,0,0,0,0,0
"AGTTAAACACTTGCGA-1_V11L05-333_A1",0.739850174393333,0.260149825606667,0,0,0,0,0,0,0,0,0,0,0,0,0,0,0,0,0,0,0
"AGTTAAGCGGTCCCGG-1_V11L05-333_A1",0.461665544561772,0.204269229339198,0,0,0,0,0,0,0,0,0,0,0,0.334065226099029,0,0,0,0,0,0,0
"AGTTAAGTCAACCGCT-1_V11L05-333_A1",0.0785865287218932,0.171769094220065,0.0765373376242177,0,0,0,0,0,0,0,0,0,0,0.239692123878666,0,0,0,0,0,0.433414915555158,0
"AGTTACCCTTAAGACT-1_V11L05-333_A1",0.592281462450172,0.407718537549828,0,0,0,0,0,0,0,0,0,0,0,0,0,0,0,0,0,0,0
"AGTTACCGCACATGGT-1_V11L05-333_A1",0.631062588280563,0.368937411719437,0,0,0,0,0,0,0,0,0,0,0,0,0,0,0,0,0,0,0
"AGTTACTCTATCGTGG-1_V11L05-333_A1",0.696453409915578,0.303546590084422,0,0,0,0,0,0,0,0,0,0,0,0,0,0,0,0,0,0,0
"AGTTATTCAGACTGTG-1_V11L05-333_A1",0.679911218846967,0.320088781153033,0,0,0,0,0,0,0,0,0,0,0,0,0,0,0,0,0,0,0
"AGTTATTGAAAGGTAA-1_V11L05-333_A1",0.593086014503301,0.406913985496699,0,0,0,0,0,0,0,0,0,0,0,0,0,0,0,0,0,0,0
"AGTTCACCGGTTGGAC-1_V11L05-333_A1",0.717840650309639,0.282159349690361,0,0,0,0,0,0,0,0,0,0,0,0,0,0,0,0,0,0,0
"AGTTCCTACAGAATTA-1_V11L05-333_A1",0.764549719018042,0.235450280981958,0,0,0,0,0,0,0,0,0,0,0,0,0,0,0,0,0,0,0
"AGTTCCTATTTATGTT-1_V11L05-333_A1",0.64099428502337,0.35900571497663,0,0,0,0,0,0,0,0,0,0,0,0,0,0,0,0,0,0,0
"AGTTCTGCGTTGTATC-1_V11L05-333_A1",0.723355521851284,0.276644478148716,0,0,0,0,0,0,0,0,0,0,0,0,0,0,0,0,0,0,0
"AGTTGACATCGGCTGG-1_V11L05-333_A1",0,0,0,0,0,0,0,0,0,0,0,0,0,0,0,0,0,0,0,0,0
"AGTTGACGGTCCTTGC-1_V11L05-333_A1",0,0.108955529896686,0,0,0,0,0,0,0,0,0,0,0,0.294495558240986,0,0,0,0,0.596548911862328,0,0
"AGTTGCGGTCCTCAAC-1_V11L05-333_A1",0.112641810603741,0.421115279354054,0,0,0,0,0,0,0,0,0,0,0.466242910042206,0,0,0,0,0,0,0,0
"AGTTGCTGACTGATAT-1_V11L05-333_A1",0.710513810004425,0.289486189995575,0,0,0,0,0,0,0,0,0,0,0,0,0,0,0,0,0,0,0
"AGTTGGCAAGGCTAGA-1_V11L05-333_A1",0.499832820493196,0.500167179506804,0,0,0,0,0,0,0,0,0,0,0,0,0,0,0,0,0,0,0
"AGTTTATGTAAAGACA-1_V11L05-333_A1",0.331615282676006,0.212556908219584,0,0,0,0,0,0,0,0.45582780910441,0,0,0,0,0,0,0,0,0,0,0
"AGTTTCGCAGGTCGGA-1_V11L05-333_A1",0.741542880589374,0.258457119410626,0,0,0,0,0,0,0,0,0,0,0,0,0,0,0,0,0,0,0
"AGTTTGCACCTGCCTC-1_V11L05-333_A1",0.613046536913318,0.386953463086682,0,0,0,0,0,0,0,0,0,0,0,0,0,0,0,0,0,0,0
"AGTTTGGCACGGGTTG-1_V11L05-333_A1",0.592338615267216,0.407661384732784,0,0,0,0,0,0,0,0,0,0,0,0,0,0,0,0,0,0,0
"AGTTTGGCCAGACCTA-1_V11L05-333_A1",0.158837269631941,0.146331544460051,0.0535693391849783,0,0,0,0,0,0,0,0,0,0,0,0,0,0,0,0,0.53038202815945,0.11087981856358
"ATAAACCATTGGACGG-1_V11L05-333_A1",0.729474287527111,0.27052571247289,0,0,0,0,0,0,0,0,0,0,0,0,0,0,0,0,0,0,0
"ATAAACGGACCCGTAA-1_V11L05-333_A1",0.783497465568678,0.216502534431322,0,0,0,0,0,0,0,0,0,0,0,0,0,0,0,0,0,0,0
"ATAAACGTTGCACCAC-1_V11L05-333_A1",0.822478248563725,0.177521751436275,0,0,0,0,0,0,0,0,0,0,0,0,0,0,0,0,0,0,0
"ATAAAGGCTCGGTCGT-1_V11L05-333_A1",0.697161216967432,0.213567717339272,0.0892710656932959,0,0,0,0,0,0,0,0,0,0,0,0,0,0,0,0,0,0
"ATAAAGGTCAAGTACG-1_V11L05-333_A1",0.264495837185182,0.136914386690957,0,0,0,0,0,0,0,0,0,0,0,0.314040077944649,0,0,0,0,0,0.284549698179212,0
"ATAAATATTAGCAGCT-1_V11L05-333_A1",0.638723262283661,0.361276737716339,0,0,0,0,0,0,0,0,0,0,0,0,0,0,0,0,0,0,0
"ATAACGCCGGAGGGTC-1_V11L05-333_A1",0.713143363965537,0.172613703786005,0.114242932248458,0,0,0,0,0,0,0,0,0,0,0,0,0,0,0,0,0,0
"ATAACGGAGTCCAACG-1_V11L05-333_A1",0.677150971630599,0.191031003867307,0.131818024502094,0,0,0,0,0,0,0,0,0,0,0,0,0,0,0,0,0,0
"ATAACGTTACCTCCAC-1_V11L05-333_A1",0.176578627727932,0.389360105233411,0.247179196006863,0,0,0,0,0,0,0,0,0,0,0,0,0,0,0,0,0,0.186882071031794
"ATAAGCAAACACCGAG-1_V11L05-333_A1",0,0.14103690165373,0,0,0,0,0,0,0.104262206367093,0,0,0,0,0.600162033803504,0,0,0,0,0,0,0.154538858175673
"ATAAGGTGGAGAACAT-1_V11L05-333_A1",0.770275538188024,0.229724461811976,0,0,0,0,0,0,0,0,0,0,0,0,0,0,0,0,0,0,0
"ATAAGTACCCGATTGT-1_V11L05-333_A1",0.088985814384812,0.259721906554392,0.116234984666144,0,0,0,0,0,0,0,0,0,0,0.535057294394652,0,0,0,0,0,0,0
"ATAAGTAGGATTCAGA-1_V11L05-333_A1",0.216644545200743,0.12905651934219,0.0987130073123607,0,0,0,0,0,0,0,0,0,0,0,0,0.555585928144706,0,0,0,0,0
"ATAAGTAGGGCGACTC-1_V11L05-333_A1",0.729134123728865,0.270865876271135,0,0,0,0,0,0,0,0,0,0,0,0,0,0,0,0,0,0,0
"ATAAGTTACCGCGACG-1_V11L05-333_A1",0.468731294239332,0.290479505582014,0,0,0,0,0,0,0,0.240789200178654,0,0,0,0,0,0,0,0,0,0,0
"ATAATACCGTTAGCCG-1_V11L05-333_A1",0.78056244588311,0.21943755411689,0,0,0,0,0,0,0,0,0,0,0,0,0,0,0,0,0,0,0
"ATAATAGCTGTTGAAT-1_V11L05-333_A1",0.757922344842271,0.242077655157729,0,0,0,0,0,0,0,0,0,0,0,0,0,0,0,0,0,0,0
"ATAATAGTGTAGGGAC-1_V11L05-333_A1",0.754405507864362,0.245594492135638,0,0,0,0,0,0,0,0,0,0,0,0,0,0,0,0,0,0,0
"ATAATCTTGGAGAACC-1_V11L05-333_A1",0.784849875975622,0.215150124024378,0,0,0,0,0,0,0,0,0,0,0,0,0,0,0,0,0,0,0
"ATAATTAGCTAAGTAG-1_V11L05-333_A1",0.0684790089403113,0.176613191397225,0.055549979487844,0,0,0,0,0,0,0,0,0,0,0,0,0,0,0,0,0.69935782017462,0
"ATACAGCGTCCACTGA-1_V11L05-333_A1",0.237373643691471,0.439151366577257,0.323474989731272,0,0,0,0,0,0,0,0,0,0,0,0,0,0,0,0,0,0
"ATACAGGCCCTCCAAT-1_V11L05-333_A1",0.591928314562339,0.408071685437661,0,0,0,0,0,0,0,0,0,0,0,0,0,0,0,0,0,0,0
"ATACCACGGGCAACTT-1_V11L05-333_A1",0.515819939675973,0.234537582908837,0,0,0,0,0,0,0,0,0,0,0,0,0.249642477415189,0,0,0,0,0,0
"ATACCAGCAAATTGCT-1_V11L05-333_A1",0.730054423706427,0.269945576293573,0,0,0,0,0,0,0,0,0,0,0,0,0,0,0,0,0,0,0
"ATACCAGGCTAATAGA-1_V11L05-333_A1",0.792022243712914,0.207977756287086,0,0,0,0,0,0,0,0,0,0,0,0,0,0,0,0,0,0,0
"ATACCAGGTGAGCGAT-1_V11L05-333_A1",0.503322879698067,0.366487587187141,0.130189533114792,0,0,0,0,0,0,0,0,0,0,0,0,0,0,0,0,0,0
"ATACCCTCCCGGCCAA-1_V11L05-333_A1",0.245846659539561,0.384515643558086,0,0,0,0,0,0,0,0.369637696902353,0,0,0,0,0,0,0,0,0,0,0
"ATACCCTGGCTCAAAT-1_V11L05-333_A1",0.635879417240476,0.364120582759524,0,0,0,0,0,0,0,0,0,0,0,0,0,0,0,0,0,0,0
"ATACCGTCATCCATAA-1_V11L05-333_A1",0.045551405173438,0.101069391318106,0,0,0,0,0,0,0,0,0,0,0,0,0,0.853379203508456,0,0,0,0,0
"ATACCTAACCAAGAAA-1_V11L05-333_A1",0.382975106975873,0.336408724451481,0.11853577751614,0,0,0,0,0,0,0,0,0,0,0,0,0,0,0,0,0.162080391056506,0
"ATACGAAGGCTTTCCA-1_V11L05-333_A1",0.712904775949389,0.287095224050611,0,0,0,0,0,0,0,0,0,0,0,0,0,0,0,0,0,0,0
"ATACGACAGATGGGTA-1_V11L05-333_A1",0.0880489375448158,0.25102991532955,0,0,0,0,0,0,0,0,0,0,0,0.391897295386199,0,0,0,0,0,0,0.269023851739435
"ATACGAGGTTTGTAAG-1_V11L05-333_A1",0,0.181036888968177,0.0841539627911269,0,0,0,0,0,0,0,0,0,0,0.555757853635315,0,0,0,0,0,0,0.179051294605381
"ATACGCCGATCTACCG-1_V11L05-333_A1",0.645509482350681,0.354490517649319,0,0,0,0,0,0,0,0,0,0,0,0,0,0,0,0,0,0,0
"ATACGCCGGCGAAACC-1_V11L05-333_A1",0.727761368818602,0.272238631181398,0,0,0,0,0,0,0,0,0,0,0,0,0,0,0,0,0,0,0
"ATACGGAACGTCGTTT-1_V11L05-333_A1",0,0.0938110643954244,0,0,0,0,0,0,0,0,0,0,0.486105540242974,0,0,0,0,0,0.29189971380586,0,0.128183681555742
"ATACGGGTTTCGATTG-1_V11L05-333_A1",0.539301104743676,0.283993843167878,0.176705052088447,0,0,0,0,0,0,0,0,0,0,0,0,0,0,0,0,0,0
"ATACGGTGAAGATGCA-1_V11L05-333_A1",0.343493111775132,0.321869706531008,0,0,0,0,0,0,0,0,0,0,0,0,0,0.334637181693859,0,0,0,0,0
"ATACGTACTTAGCCAC-1_V11L05-333_A1",0.524422714326015,0.155197146190047,0.320380139483938,0,0,0,0,0,0,0,0,0,0,0,0,0,0,0,0,0,0
"ATACGTCCACTCCTGT-1_V11L05-333_A1",0.800468416901382,0.199531583098618,0,0,0,0,0,0,0,0,0,0,0,0,0,0,0,0,0,0,0
"ATACGTTATGCACGGA-1_V11L05-333_A1",0.109124728292168,0.379207003082007,0.173316658628544,0,0,0,0,0,0,0,0,0,0,0,0,0,0,0,0,0.144051185396157,0.194300424601125
"ATACTACCCGTACCAC-1_V11L05-333_A1",0.801828439411747,0.198171560588253,0,0,0,0,0,0,0,0,0,0,0,0,0,0,0,0,0,0,0
"ATACTAGCATGACCCT-1_V11L05-333_A1",0.425633231627019,0.266105447356154,0.173188318974608,0,0,0,0,0,0,0,0,0,0,0,0,0,0.135073002042219,0,0,0,0
"ATACTCTCGCCACTCT-1_V11L05-333_A1",0.673310446957001,0.326689553042999,0,0,0,0,0,0,0,0,0,0,0,0,0,0,0,0,0,0,0
"ATACTGCCTTACACCG-1_V11L05-333_A1",0.699786963976989,0.300213036023011,0,0,0,0,0,0,0,0,0,0,0,0,0,0,0,0,0,0,0
"ATACTTGTTCTCGAGC-1_V11L05-333_A1",0.689267067484006,0.310732932515994,0,0,0,0,0,0,0,0,0,0,0,0,0,0,0,0,0,0,0
"ATAGACAACGGGACCT-1_V11L05-333_A1",0.154210999949584,0.0922961351345291,0,0,0,0,0,0,0,0,0,0,0,0,0,0.753492864915887,0,0,0,0,0
"ATAGACGAAGAGAAAG-1_V11L05-333_A1",0.598212829948982,0.300053531734149,0.101733638316868,0,0,0,0,0,0,0,0,0,0,0,0,0,0,0,0,0,0
"ATAGAGTACTGGGACA-1_V11L05-333_A1",0.614854377704472,0.283504108001544,0.101641514293985,0,0,0,0,0,0,0,0,0,0,0,0,0,0,0,0,0,0
"ATAGAGTTATCAACTT-1_V11L05-333_A1",0.517423773829497,0.251644441508317,0,0,0,0,0,0,0,0,0,0,0,0,0,0.230931784662186,0,0,0,0,0
"ATAGATTTGCAGTCGG-1_V11L05-333_A1",0.217860907212887,0.271847911408968,0.142811638398591,0,0,0,0,0,0,0,0,0,0,0,0,0.367479542979554,0,0,0,0,0
"ATAGCAACTAGGGAAG-1_V11L05-333_A1",0,0,0,0,0,0,0,0,0,0,0,0,0,0,0,0,0,0,0,0,0
"ATAGCCATAACAGTCA-1_V11L05-333_A1",0.760045140871712,0.149862140475421,0.0900927186528672,0,0,0,0,0,0,0,0,0,0,0,0,0,0,0,0,0,0
"ATAGCCTCAGTACCCA-1_V11L05-333_A1",0.745819699266944,0.254180300733056,0,0,0,0,0,0,0,0,0,0,0,0,0,0,0,0,0,0,0
"ATAGCTGCTCTTGTTA-1_V11L05-333_A1",0.661250248451505,0.338749751548495,0,0,0,0,0,0,0,0,0,0,0,0,0,0,0,0,0,0,0
"ATAGGAATCTAAGCTT-1_V11L05-333_A1",0.219610612970001,0.298221512167364,0,0,0,0,0,0,0,0,0,0,0,0.482167874862635,0,0,0,0,0,0,0
"ATAGGCGGCTATAGAA-1_V11L05-333_A1",0.110837748360916,0.376140046430298,0.296969673941801,0,0,0,0,0,0,0,0,0,0,0,0,0,0,0,0,0.216052531266985,0
"ATAGGCTAGCTTCGCA-1_V11L05-333_A1",0.503663768887996,0.298271037880425,0.198065193231579,0,0,0,0,0,0,0,0,0,0,0,0,0,0,0,0,0,0
"ATAGGGATATCCTTGA-1_V11L05-333_A1",0.536179581837283,0.309948945664426,0.153871472498291,0,0,0,0,0,0,0,0,0,0,0,0,0,0,0,0,0,0
"ATAGGTTGGGCAGATG-1_V11L05-333_A1",0.284111029325506,0.276804697849902,0,0,0,0,0,0,0,0,0.439084272824592,0,0,0,0,0,0,0,0,0,0
"ATAGTCTTTGACGTGC-1_V11L05-333_A1",0.469188337955834,0.381646256835752,0.149165405208414,0,0,0,0,0,0,0,0,0,0,0,0,0,0,0,0,0,0
"ATAGTGAAGCGTTCTC-1_V11L05-333_A1",0.728903140054312,0.271096859945688,0,0,0,0,0,0,0,0,0,0,0,0,0,0,0,0,0,0,0
"ATAGTTCCACCCACTC-1_V11L05-333_A1",0.593073798282448,0.270320706720866,0.136605494996686,0,0,0,0,0,0,0,0,0,0,0,0,0,0,0,0,0,0
"ATATAAAGCGCTCGTG-1_V11L05-333_A1",0.485593519813432,0.514406480186568,0,0,0,0,0,0,0,0,0,0,0,0,0,0,0,0,0,0,0
"ATATAAATGTAGCTGC-1_V11L05-333_A1",0.780570248944699,0.12821937472309,0.0912103763322111,0,0,0,0,0,0,0,0,0,0,0,0,0,0,0,0,0,0
"ATATAACACGGGCGCA-1_V11L05-333_A1",0.683981116786911,0.316018883213089,0,0,0,0,0,0,0,0,0,0,0,0,0,0,0,0,0,0,0
"ATATACATGTATGGTA-1_V11L05-333_A1",0.0980140644273894,0.248286608421128,0,0,0,0,0,0,0,0,0,0,0,0,0,0,0,0,0,0.446557610437864,0.207141716713619
"ATATACGCTCGTGACG-1_V11L05-333_A1",0.834311604414834,0.165688395585166,0,0,0,0,0,0,0,0,0,0,0,0,0,0,0,0,0,0,0
"ATATAGAGTATTGGTC-1_V11L05-333_A1",0,0.127603527792416,0.0720964687580721,0.390138773413851,0,0,0,0,0,0,0,0,0,0,0.256743266989354,0,0,0,0,0,0.153417963046308
"ATATCAACCTACAGAG-1_V11L05-333_A1",0.619666664277284,0.265046106672971,0.115287229049745,0,0,0,0,0,0,0,0,0,0,0,0,0,0,0,0,0,0
"ATATCAATTCCAGCCT-1_V11L05-333_A1",0.111358974475679,0.314445654538897,0.179440989588725,0,0,0,0,0,0,0,0,0,0,0,0,0,0,0,0,0.185792952770121,0.208961428626578
"ATATCGGTAGGGAGAT-1_V11L05-333_A1",0.667433091336115,0.201425927976651,0,0,0,0,0,0,0,0,0,0,0,0,0,0.131140980687234,0,0,0,0,0
"ATATCGTGCCAGACCC-1_V11L05-333_A1",0.236476379143282,0.151108496979904,0.105687626028035,0,0,0,0,0,0,0,0.506727497848779,0,0,0,0,0,0,0,0,0,0
"ATATCGTTCCTCGAAC-1_V11L05-333_A1",0.600830486561058,0.399169513438942,0,0,0,0,0,0,0,0,0,0,0,0,0,0,0,0,0,0,0
"ATATCTCCCTCGTTAA-1_V11L05-333_A1",0.26972522074755,0.18256496720783,0.233292677453692,0,0,0,0,0,0,0,0,0,0,0.314417134590928,0,0,0,0,0,0,0
"ATATCTTAGGGCCTTC-1_V11L05-333_A1",0.78427098480926,0.21572901519074,0,0,0,0,0,0,0,0,0,0,0,0,0,0,0,0,0,0,0
"ATATGGGATAGCAACT-1_V11L05-333_A1",0.0815002271396526,0.248712885043571,0.102503505932641,0,0,0,0,0,0,0,0,0,0.567283381884135,0,0,0,0,0,0,0,0
"ATATGTCTAGAGCGTG-1_V11L05-333_A1",0.0757406688968131,0.189694432008017,0.0910632328775064,0,0,0,0,0,0,0,0,0,0.470397046937449,0,0,0,0,0,0,0,0.173104619280214
"ATATGTCTCCCTAGCC-1_V11L05-333_A1",0.450923657744435,0.25332729410806,0,0,0,0,0,0,0,0,0,0,0,0,0,0.295749048147505,0,0,0,0,0
"ATATGTGCACAAACCA-1_V11L05-333_A1",0.0562759929323044,0.195106062895105,0,0,0,0,0,0,0,0,0,0,0,0,0.348783590056422,0.399834354116169,0,0,0,0,0
"ATATTATCCCGTATTT-1_V11L05-333_A1",0.710071425991412,0.289928574008588,0,0,0,0,0,0,0,0,0,0,0,0,0,0,0,0,0,0,0
"ATATTCAGTTAAACCT-1_V11L05-333_A1",0.340104554800217,0.335937696397748,0.0812345917775856,0,0,0,0,0,0,0,0,0,0,0,0,0,0,0,0,0,0.242723157024449
"ATATTCCACATAGTGA-1_V11L05-333_A1",0.654001019619239,0.229188908630826,0.116810071749934,0,0,0,0,0,0,0,0,0,0,0,0,0,0,0,0,0,0
"ATATTCCCACAGGTCA-1_V11L05-333_A1",0.659122281977694,0.340877718022306,0,0,0,0,0,0,0,0,0,0,0,0,0,0,0,0,0,0,0
"ATATTGCTGTCAAAGT-1_V11L05-333_A1",0.550415661033691,0.449584338966309,0,0,0,0,0,0,0,0,0,0,0,0,0,0,0,0,0,0,0
"ATATTGGAGAGGCCTT-1_V11L05-333_A1",0.579455978639447,0,0,0,0,0,0,0,0,0,0,0,0,0.420544021360553,0,0,0,0,0,0,0
"ATATTTAACCCTCAAG-1_V11L05-333_A1",0.672509362644516,0.327490637355485,0,0,0,0,0,0,0,0,0,0,0,0,0,0,0,0,0,0,0
"ATCAAACACTGTTCCA-1_V11L05-333_A1",0.445291124512637,0.554708875487363,0,0,0,0,0,0,0,0,0,0,0,0,0,0,0,0,0,0,0
"ATCAAACGAAGGTTTG-1_V11L05-333_A1",0.0938958229056034,0.20001318716479,0.133604772367389,0,0,0,0,0,0,0,0,0,0,0.31973980078888,0,0,0,0,0,0,0.252746416773337
"ATCAAAGAGCCGTGGT-1_V11L05-333_A1",0,0.192259210249671,0,0,0.434617456462528,0,0,0,0,0,0,0,0,0.373123333287801,0,0,0,0,0,0,0
"ATCAAGATCCCAGGAC-1_V11L05-333_A1",0.112896370752014,0.216391435239806,0,0.380913333571089,0,0,0,0,0,0,0,0,0,0.289798860437091,0,0,0,0,0,0,0
"ATCAATCTGGGCTGCA-1_V11L05-333_A1",0.632078879987586,0.24379337536938,0.124127744643034,0,0,0,0,0,0,0,0,0,0,0,0,0,0,0,0,0,0
"ATCAATGCCGTGGCTG-1_V11L05-333_A1",0.0446816794035671,0.171724303153678,0,0,0,0,0,0,0,0,0,0,0,0.601888036535493,0,0,0,0,0,0,0.181705980907262
"ATCACATTAGAATATC-1_V11L05-333_A1",0.594234469070162,0.279034167620226,0.126731363309612,0,0,0,0,0,0,0,0,0,0,0,0,0,0,0,0,0,0
"ATCACGTGCTAATTAA-1_V11L05-333_A1",0.233550308116054,0.478567566177475,0,0,0,0,0,0,0,0,0,0,0,0,0,0,0,0,0,0.287882125706471,0
"ATCACTTCATCCTCGC-1_V11L05-333_A1",0.630562130897311,0.162419958109324,0.207017910993365,0,0,0,0,0,0,0,0,0,0,0,0,0,0,0,0,0,0
"ATCAGAAGCTGGTTGC-1_V11L05-333_A1",0.523573038426176,0.291340197547605,0.185086764026219,0,0,0,0,0,0,0,0,0,0,0,0,0,0,0,0,0,0
"ATCAGACGGCACGCCG-1_V11L05-333_A1",0.341272706243948,0.375486119886015,0.0896873988987181,0,0,0,0,0,0,0,0,0,0,0,0,0,0,0,0,0.193553774971319,0
"ATCAGCCTCATGCTGC-1_V11L05-333_A1",0.718430564920102,0.281569435079898,0,0,0,0,0,0,0,0,0,0,0,0,0,0,0,0,0,0,0
"ATCAGCTCGTCCACTA-1_V11L05-333_A1",0.10021159969161,0.271603695268646,0,0,0,0,0,0,0,0,0,0,0,0,0,0,0,0,0,0.445660752039994,0.182523952999749
"ATCAGGTAGCTGACAG-1_V11L05-333_A1",0.589497903329621,0.294865680800037,0.115636415870342,0,0,0,0,0,0,0,0,0,0,0,0,0,0,0,0,0,0
"ATCAGGTCGCCATTGC-1_V11L05-333_A1",0.528267235971063,0.306136056849738,0.165596707179199,0,0,0,0,0,0,0,0,0,0,0,0,0,0,0,0,0,0
"ATCAGTAGGCAGGGAT-1_V11L05-333_A1",0.274154324419659,0.3380306085948,0.387815066985541,0,0,0,0,0,0,0,0,0,0,0,0,0,0,0,0,0,0
"ATCATAGATCGACGAG-1_V11L05-333_A1",0,0.165858272068182,0.147749426424064,0,0,0,0,0,0,0,0,0,0.557509912734225,0,0,0,0,0,0,0,0.12888238877353
"ATCATAGCCCTATGTA-1_V11L05-333_A1",0.725009780667115,0.274990219332885,0,0,0,0,0,0,0,0,0,0,0,0,0,0,0,0,0,0,0
"ATCATCCAATATTTGT-1_V11L05-333_A1",0.603006990103363,0.239052938140588,0.157940071756049,0,0,0,0,0,0,0,0,0,0,0,0,0,0,0,0,0,0
"ATCATCTGCCCAGTGT-1_V11L05-333_A1",0.240755678588947,0.237202674681158,0,0,0,0,0,0,0,0,0,0,0,0.522041646729895,0,0,0,0,0,0,0
"ATCATGGACTACCGAC-1_V11L05-333_A1",0.532731099375132,0.467268900624868,0,0,0,0,0,0,0,0,0,0,0,0,0,0,0,0,0,0,0
"ATCATTGTACCGCATT-1_V11L05-333_A1",0,0.312169392119347,0.0788904538946875,0,0,0,0,0,0.416212099726976,0,0,0,0,0,0,0,0,0,0,0,0.192728054258989
"ATCCAACGCAGTCATA-1_V11L05-333_A1",0.664481427914293,0.335518572085707,0,0,0,0,0,0,0,0,0,0,0,0,0,0,0,0,0,0,0
"ATCCAATGGAGGGTCC-1_V11L05-333_A1",0.196557596876653,0.372272095159734,0,0,0,0,0,0,0,0,0,0,0,0,0,0,0,0,0,0,0.431170307963613
"ATCCAATGGTACCGAA-1_V11L05-333_A1",0.35649832462596,0.383452324518858,0,0,0,0,0,0,0,0,0,0,0,0.260049350855182,0,0,0,0,0,0,0
"ATCCACATCGACAGAA-1_V11L05-333_A1",0.0401410978110297,0.113491627685255,0,0,0,0,0,0,0,0,0.531200428397498,0,0,0,0,0,0,0,0,0,0.315166846106217
"ATCCACGCTAAATGTT-1_V11L05-333_A1",0.331150154055077,0.360903960478202,0,0,0,0,0,0,0,0,0,0,0,0,0.307945885466721,0,0,0,0,0,0
"ATCCACTTTCAGACTA-1_V11L05-333_A1",0,0.405736892836682,0,0,0,0,0,0,0,0,0.336018980427449,0,0,0,0,0,0,0,0,0,0.258244126735869
"ATCCAGAGCAACAACC-1_V11L05-333_A1",0.25089223471825,0.345351355423551,0,0,0,0,0,0,0,0,0.164235890974493,0,0,0,0,0,0,0,0,0.239520518883705,0
"ATCCAGGATTCGTGAA-1_V11L05-333_A1",0.607099493087462,0.213182002931089,0.17971850398145,0,0,0,0,0,0,0,0,0,0,0,0,0,0,0,0,0,0
"ATCCCATCCACAGCGC-1_V11L05-333_A1",0,0.157842166476759,0,0,0,0,0,0,0.456445909244346,0,0,0,0,0.385711924278895,0,0,0,0,0,0,0
"ATCCCATTTCCGTGGG-1_V11L05-333_A1",0,0.253068664228027,0.1991705500503,0,0,0,0,0,0,0,0,0,0,0,0.547760785721673,0,0,0,0,0,0
"ATCCGGACCAGCCTGA-1_V11L05-333_A1",0.532521314158931,0.467478685841069,0,0,0,0,0,0,0,0,0,0,0,0,0,0,0,0,0,0,0
"ATCCTACCTAAGCTCT-1_V11L05-333_A1",0.403989528303639,0.445526144436416,0.150484327259945,0,0,0,0,0,0,0,0,0,0,0,0,0,0,0,0,0,0
"ATCCTGAATCGCTGCG-1_V11L05-333_A1",0.508799244471473,0.364992115303331,0.126208640225197,0,0,0,0,0,0,0,0,0,0,0,0,0,0,0,0,0,0
"ATCCTGCGTGGAATGG-1_V11L05-333_A1",0.777242904265099,0.222757095734901,0,0,0,0,0,0,0,0,0,0,0,0,0,0,0,0,0,0,0
"ATCCTGCTGCAGATAG-1_V11L05-333_A1",0.487680965851944,0.512319034148055,0,0,0,0,0,0,0,0,0,0,0,0,0,0,0,0,0,0,0
"ATCCTTCTGAAAGAAC-1_V11L05-333_A1",0.274034651966552,0.335276154954922,0,0,0,0,0,0,0,0,0,0,0,0,0,0.390689193078526,0,0,0,0,0
"ATCGACCCAATACAGA-1_V11L05-333_A1",0.453687002868079,0.546312997131921,0,0,0,0,0,0,0,0,0,0,0,0,0,0,0,0,0,0,0
"ATCGACTCTTTCCGTT-1_V11L05-333_A1",0.802123227743443,0.197876772256557,0,0,0,0,0,0,0,0,0,0,0,0,0,0,0,0,0,0,0
"ATCGCACGATTGTTCA-1_V11L05-333_A1",0.389911370264044,0.324663517618234,0.285425112117722,0,0,0,0,0,0,0,0,0,0,0,0,0,0,0,0,0,0
"ATCGCACGCCGGGAGA-1_V11L05-333_A1",0.511242332675277,0.302496258836188,0.186261408488535,0,0,0,0,0,0,0,0,0,0,0,0,0,0,0,0,0,0
"ATCGCCAGTCAACATT-1_V11L05-333_A1",0.435881179269373,0.267494671449498,0.296624149281128,0,0,0,0,0,0,0,0,0,0,0,0,0,0,0,0,0,0
"ATCGCCGTGGTTCATG-1_V11L05-333_A1",0.794917505553121,0.205082494446879,0,0,0,0,0,0,0,0,0,0,0,0,0,0,0,0,0,0,0
"ATCGCTGCGTGCAGCA-1_V11L05-333_A1",0.542952801770658,0.308788382580042,0.1482588156493,0,0,0,0,0,0,0,0,0,0,0,0,0,0,0,0,0,0
"ATCGCTTTACGTCTCA-1_V11L05-333_A1",0.574901558640955,0.110518387444567,0.101302317597804,0,0,0,0,0,0,0,0,0,0,0,0,0.213277736316674,0,0,0,0,0
"ATCGGAGACAGACGGC-1_V11L05-333_A1",0.751405895601811,0.248594104398189,0,0,0,0,0,0,0,0,0,0,0,0,0,0,0,0,0,0,0
"ATCGGCAAGCAGTCCA-1_V11L05-333_A1",0.293054464975182,0.107593003101103,0,0,0,0,0,0,0.0552358348886923,0,0.544116697035023,0,0,0,0,0,0,0,0,0,0
"ATCGGTTACCTAGTAA-1_V11L05-333_A1",0.48180069291061,0.355129464147744,0,0,0,0,0,0,0,0,0,0,0,0,0,0.163069842941646,0,0,0,0,0
"ATCGTATTCCGAGAAC-1_V11L05-333_A1",0.623463034636451,0.376536965363549,0,0,0,0,0,0,0,0,0,0,0,0,0,0,0,0,0,0,0
"ATCGTCCAATCGAGTC-1_V11L05-333_A1",0.756836828042176,0.243163171957824,0,0,0,0,0,0,0,0,0,0,0,0,0,0,0,0,0,0,0
"ATCGTGGAAAGTCTGG-1_V11L05-333_A1",0,0.277567883272871,0,0,0,0,0,0,0,0,0,0,0,0.493928849542107,0,0,0,0,0,0,0.228503267185022
"ATCGTTAGCTAGCGGA-1_V11L05-333_A1",0.663778855105992,0.336221144894008,0,0,0,0,0,0,0,0,0,0,0,0,0,0,0,0,0,0,0
"ATCGTTCACTTTCGCC-1_V11L05-333_A1",0.427467528682871,0.337105554199185,0.235426917117944,0,0,0,0,0,0,0,0,0,0,0,0,0,0,0,0,0,0
"ATCTAACGTCCCTATG-1_V11L05-333_A1",0.572137553207846,0.283165812289417,0.144696634502738,0,0,0,0,0,0,0,0,0,0,0,0,0,0,0,0,0,0
"ATCTAATATCCTACGG-1_V11L05-333_A1",0.668897242710891,0.331102757289109,0,0,0,0,0,0,0,0,0,0,0,0,0,0,0,0,0,0,0
"ATCTACCATCTGCTCC-1_V11L05-333_A1",0.709308284174365,0.290691715825635,0,0,0,0,0,0,0,0,0,0,0,0,0,0,0,0,0,0,0
"ATCTAGCTTGTGAGGG-1_V11L05-333_A1",0.0494735940953414,0.227991786925881,0,0,0,0,0,0,0,0,0.170027278711714,0,0,0,0,0,0,0,0.284751138009228,0.267756202257835,0
"ATCTATCGATGATCAA-1_V11L05-333_A1",0.38523543438378,0.415556082427244,0,0,0,0,0,0,0,0,0,0,0,0,0,0,0.199208483188976,0,0,0,0
"ATCTCATAAACCTACC-1_V11L05-333_A1",0.110832475419047,0.210714092152845,0,0,0,0,0,0,0,0,0,0,0,0,0.678453432428108,0,0,0,0,0,0
"ATCTCCCACGGAATAT-1_V11L05-333_A1",0.563272977011059,0.436727022988941,0,0,0,0,0,0,0,0,0,0,0,0,0,0,0,0,0,0,0
"ATCTCCCTGCAATCTA-1_V11L05-333_A1",0.698476455252553,0.193076247088983,0.108447297658464,0,0,0,0,0,0,0,0,0,0,0,0,0,0,0,0,0,0
"ATCTCGTGAGCGAAAC-1_V11L05-333_A1",0.69763375094157,0.30236624905843,0,0,0,0,0,0,0,0,0,0,0,0,0,0,0,0,0,0,0
"ATCTGACATGGAAGGA-1_V11L05-333_A1",0.182610206565801,0.367911412919101,0.0966725981137386,0,0,0,0,0,0,0,0,0,0,0,0,0,0,0,0,0.185695680715105,0.167110101686254
"ATCTGATAGTGTCTTA-1_V11L05-333_A1",0.628399328482442,0.371600671517558,0,0,0,0,0,0,0,0,0,0,0,0,0,0,0,0,0,0,0
"ATCTGCACCTCTGCGA-1_V11L05-333_A1",0.818787967236993,0.181212032763007,0,0,0,0,0,0,0,0,0,0,0,0,0,0,0,0,0,0,0
"ATCTGCTGTTATCGCC-1_V11L05-333_A1",0.111909435229319,0.361515465489864,0,0,0,0,0,0,0,0,0,0,0,0.279953183183663,0,0,0,0,0,0,0.246621916097154
"ATCTGGGCTGTTCTTG-1_V11L05-333_A1",0.144910913339319,0.243543131027324,0.237870265277574,0,0,0,0,0,0,0,0,0,0,0.166025731962869,0,0,0,0,0,0,0.207649958392913
"ATCTGGTTAAGACTGT-1_V11L05-333_A1",0.567320866238772,0.432679133761228,0,0,0,0,0,0,0,0,0,0,0,0,0,0,0,0,0,0,0
"ATCTGTAATTGTACCC-1_V11L05-333_A1",0.419441268610108,0.341805208510731,0.238753522879161,0,0,0,0,0,0,0,0,0,0,0,0,0,0,0,0,0,0
"ATCTTAGGGCATTAAT-1_V11L05-333_A1",0.138456193358761,0.399934068327789,0,0,0.259975057124159,0,0,0,0,0,0,0,0,0,0,0,0,0,0,0,0.201634681189291
"ATCTTATCGCACACCC-1_V11L05-333_A1",0.785686463740355,0.214313536259645,0,0,0,0,0,0,0,0,0,0,0,0,0,0,0,0,0,0,0
"ATCTTGACCTGCAACG-1_V11L05-333_A1",0.624597146273918,0.375402853726082,0,0,0,0,0,0,0,0,0,0,0,0,0,0,0,0,0,0,0
"ATCTTGACTTGTCCAA-1_V11L05-333_A1",0.785205600193671,0.214794399806329,0,0,0,0,0,0,0,0,0,0,0,0,0,0,0,0,0,0,0
"ATCTTTCGTATAACCA-1_V11L05-333_A1",0.373759466971351,0.135828231929493,0,0,0,0,0,0,0,0,0,0,0,0,0,0.490412301099156,0,0,0,0,0
"ATGAAGCCAAGGAGCC-1_V11L05-333_A1",0.527110497018294,0.472889502981706,0,0,0,0,0,0,0,0,0,0,0,0,0,0,0,0,0,0,0
"ATGAAGTGGACCCAGC-1_V11L05-333_A1",0.511120942100997,0.219300328503335,0,0,0,0,0,0,0,0,0,0,0,0.269578729395668,0,0,0,0,0,0,0
"ATGACGCCGGCTCTAA-1_V11L05-333_A1",0.394808247468267,0.457810086533244,0.147381665998489,0,0,0,0,0,0,0,0,0,0,0,0,0,0,0,0,0,0
"ATGACGCGTTCTATCC-1_V11L05-333_A1",0.117129682795995,0.307880822882473,0,0,0,0,0,0,0,0,0,0,0,0.289546668532899,0,0,0,0,0,0,0.285442825788632
"ATGACTATCAGCTGTG-1_V11L05-333_A1",0.0886893138906087,0.313161963981966,0,0,0,0,0,0,0,0,0,0,0,0.247900561261379,0,0,0,0,0.197235740415147,0,0.153012420450899
"ATGACTATGCGACATT-1_V11L05-333_A1",0.867496972317841,0.132503027682159,0,0,0,0,0,0,0,0,0,0,0,0,0,0,0,0,0,0,0
"ATGAGGAGTGTTAATC-1_V11L05-333_A1",0.758985519176645,0.241014480823354,0,0,0,0,0,0,0,0,0,0,0,0,0,0,0,0,0,0,0
"ATGAGGGCAGCGGCTA-1_V11L05-333_A1",0.344102519222447,0.361754304654931,0,0,0,0,0,0,0,0,0,0,0,0,0,0,0,0.294143176122623,0,0,0
"ATGATCGGGAATAGAC-1_V11L05-333_A1",0.390321399161653,0.609678600838347,0,0,0,0,0,0,0,0,0,0,0,0,0,0,0,0,0,0,0
"ATGATGCAATGGTACA-1_V11L05-333_A1",0.687950553925931,0.312049446074069,0,0,0,0,0,0,0,0,0,0,0,0,0,0,0,0,0,0,0
"ATGCACCTTCCTTAAT-1_V11L05-333_A1",0.519981693874355,0.359033316606117,0.120984989519527,0,0,0,0,0,0,0,0,0,0,0,0,0,0,0,0,0,0
"ATGCACGCGCTGTTCA-1_V11L05-333_A1",0.0730484852986797,0.232286530072167,0,0,0,0,0,0,0,0,0,0,0,0,0,0,0,0,0,0.444598547173423,0.25006643745573
"ATGCACTACCGCATTG-1_V11L05-333_A1",0.693931169665217,0.306068830334783,0,0,0,0,0,0,0,0,0,0,0,0,0,0,0,0,0,0,0
"ATGCATGATCCAGGAT-1_V11L05-333_A1",0.83571162298583,0.16428837701417,0,0,0,0,0,0,0,0,0,0,0,0,0,0,0,0,0,0,0
"ATGCATTCCGTGATGG-1_V11L05-333_A1",0.63102703566704,0.36897296433296,0,0,0,0,0,0,0,0,0,0,0,0,0,0,0,0,0,0,0
"ATGCCAATCGCTCTGC-1_V11L05-333_A1",0.399362381501958,0.36750305964749,0.233134558850552,0,0,0,0,0,0,0,0,0,0,0,0,0,0,0,0,0,0
"ATGCCATTTGCGACCA-1_V11L05-333_A1",0.775210127778227,0.224789872221774,0,0,0,0,0,0,0,0,0,0,0,0,0,0,0,0,0,0,0
"ATGCCGGTCTTGCATA-1_V11L05-333_A1",0.655582298199474,0.204674739893102,0.139742961907424,0,0,0,0,0,0,0,0,0,0,0,0,0,0,0,0,0,0
"ATGCCGGTTGATGGGA-1_V11L05-333_A1",0.315842617299384,0.508339941193829,0.175817441506787,0,0,0,0,0,0,0,0,0,0,0,0,0,0,0,0,0,0
"ATGCGACAATTGGTCC-1_V11L05-333_A1",0.223594349381777,0.244879851767548,0.116339269970822,0,0,0,0,0,0,0,0.415186528879854,0,0,0,0,0,0,0,0,0,0
"ATGCGACAGTCCCATT-1_V11L05-333_A1",0.624268576003804,0.375731423996196,0,0,0,0,0,0,0,0,0,0,0,0,0,0,0,0,0,0,0
"ATGCGAGTCCCACCAC-1_V11L05-333_A1",0.243375524851684,0.35360350001628,0.403020975132036,0,0,0,0,0,0,0,0,0,0,0,0,0,0,0,0,0,0
"ATGCTCAGTGTTGCAT-1_V11L05-333_A1",0.426043215712102,0.573956784287899,0,0,0,0,0,0,0,0,0,0,0,0,0,0,0,0,0,0,0
"ATGCTCTGGCGCGGTA-1_V11L05-333_A1",0.482107307006306,0.215880980789791,0,0,0,0,0,0,0,0,0.302011712203903,0,0,0,0,0,0,0,0,0,0
"ATGCTTAGGAGTTGAT-1_V11L05-333_A1",0.658281437657863,0.341718562342137,0,0,0,0,0,0,0,0,0,0,0,0,0,0,0,0,0,0,0
"ATGGAAATTTAAGGAG-1_V11L05-333_A1",0.174190819830055,0.430868206408705,0,0,0,0,0,0,0,0,0,0,0,0,0,0,0,0,0,0.39494097376124,0
"ATGGAACAGAATAAAC-1_V11L05-333_A1",0.0389127866974093,0.172897643301447,0,0,0,0,0,0,0,0,0,0,0,0.367504079013988,0,0,0,0,0,0.420685490987156,0
"ATGGAACCTTTGCACA-1_V11L05-333_A1",0.626871504785335,0.224177709712614,0.148950785502051,0,0,0,0,0,0,0,0,0,0,0,0,0,0,0,0,0,0
"ATGGACTGCTTAGTTG-1_V11L05-333_A1",0,0.390519791816286,0,0,0.609480208183714,0,0,0,0,0,0,0,0,0,0,0,0,0,0,0,0
"ATGGAGCAGGCCGTGA-1_V11L05-333_A1",0.86924624228919,0.13075375771081,0,0,0,0,0,0,0,0,0,0,0,0,0,0,0,0,0,0,0
"ATGGATCCGGCGTCCG-1_V11L05-333_A1",0.0936022107786877,0.19324719581564,0.0589302303861334,0,0,0,0,0,0,0,0,0,0,0,0,0.654220363019539,0,0,0,0,0
"ATGGATTGACCAAACG-1_V11L05-333_A1",0.339491046186083,0.282424281884416,0.378084671929501,0,0,0,0,0,0,0,0,0,0,0,0,0,0,0,0,0,0
"ATGGCAGCATTACGAT-1_V11L05-333_A1",0,0.197452741064142,0,0,0.398965824685879,0,0,0,0,0,0,0,0,0,0.403581434249978,0,0,0,0,0,0
"ATGGCAGCCGAGAAAC-1_V11L05-333_A1",0.214755915438895,0.24662212069963,0,0,0,0,0,0,0,0,0,0,0,0,0.267558055401722,0,0,0,0,0.271063908459753,0
"ATGGCCCGAAAGGTTA-1_V11L05-333_A1",0.722470410728669,0.277529589271331,0,0,0,0,0,0,0,0,0,0,0,0,0,0,0,0,0,0,0
"ATGGCGGAATAGTCGC-1_V11L05-333_A1",0.209770750695356,0.109457122449128,0,0,0,0,0,0,0,0,0,0,0,0,0,0.680772126855516,0,0,0,0,0
"ATGGCTGGAAATGGCC-1_V11L05-333_A1",0.416413828145743,0.346142334458867,0,0,0,0,0,0,0,0,0,0,0,0.23744383739539,0,0,0,0,0,0,0
"ATGGGAACGGAAGCGG-1_V11L05-333_A1",0.257814597654296,0.742185402345705,0,0,0,0,0,0,0,0,0,0,0,0,0,0,0,0,0,0,0
"ATGGGACCTGCTGAAC-1_V11L05-333_A1",0.0603308714176144,0.198933663499566,0,0,0,0,0,0,0,0,0,0,0,0.244569818602896,0,0,0,0,0,0.262870853187162,0.233294793292762
"ATGGGCCTCGGCCTCT-1_V11L05-333_A1",0.723837349955284,0.276162650044716,0,0,0,0,0,0,0,0,0,0,0,0,0,0,0,0,0,0,0
"ATGGGTGTATACCTCC-1_V11L05-333_A1",0,0.19029192110234,0,0,0,0,0,0,0,0,0,0,0,0.333373764504935,0.476334314392725,0,0,0,0,0,0
"ATGGTATTGGGAACCG-1_V11L05-333_A1",0.0523551017499002,0.16551228177983,0,0,0,0,0,0,0,0,0,0,0.782132616470269,0,0,0,0,0,0,0,0
"ATGGTATTTACTGATT-1_V11L05-333_A1",0,0.40760249189246,0.138835159026674,0,0,0,0,0,0,0,0,0,0,0,0,0,0,0,0,0.235388545904435,0.218173803176431
"ATGGTCGCGTGGTTTC-1_V11L05-333_A1",0.817415997327611,0.182584002672389,0,0,0,0,0,0,0,0,0,0,0,0,0,0,0,0,0,0,0
"ATGGTGCTCAAAGCCA-1_V11L05-333_A1",0.681519495325596,0.318480504674405,0,0,0,0,0,0,0,0,0,0,0,0,0,0,0,0,0,0,0
"ATGGTTACGAAACATG-1_V11L05-333_A1",0,0.26007034126765,0.227531908160969,0,0,0,0,0,0,0,0,0,0,0.51239775057138,0,0,0,0,0,0,0
"ATGTAAGGCTGCTCTT-1_V11L05-333_A1",0.67507971019741,0.196818886341808,0,0,0,0,0,0,0,0,0,0,0,0,0,0.128101403460782,0,0,0,0,0
"ATGTACATGCGGTGAG-1_V11L05-333_A1",0.39752275155125,0.393274558807554,0,0,0,0,0,0,0,0,0,0,0,0,0,0,0.209202689641197,0,0,0,0
"ATGTACGATGACGTCG-1_V11L05-333_A1",0,0.388657235175688,0,0,0,0,0,0,0,0,0,0,0,0.611342764824312,0,0,0,0,0,0,0
"ATGTAGCGCGCGTAGG-1_V11L05-333_A1",0.152091669542436,0.323982613349138,0.288386345699748,0,0,0,0,0,0,0,0,0,0,0,0,0,0,0,0,0.235539371408678,0
"ATGTCATAATAAACGA-1_V11L05-333_A1",0.0646230921780772,0.235665431536615,0,0,0,0,0,0,0,0,0,0,0,0.510001510851965,0,0,0,0,0,0,0.189709965433343
"ATGTCATTTCCCATTG-1_V11L05-333_A1",0.579906572712781,0.420093427287219,0,0,0,0,0,0,0,0,0,0,0,0,0,0,0,0,0,0,0
"ATGTCTTGTTTGACTC-1_V11L05-333_A1",0.0952902585402078,0.280401154018221,0,0,0,0,0,0,0.359719109735267,0,0,0,0,0,0,0,0,0,0,0,0.264589477706304
"ATGTGAAAGCCTAATG-1_V11L05-333_A1",0.245070153554038,0.3975777240725,0,0,0,0,0,0,0,0,0,0,0,0,0,0,0,0,0,0.357352122373462,0
"ATGTGCATCCGACGCA-1_V11L05-333_A1",0.365096283898216,0.308011822249952,0.326891893851832,0,0,0,0,0,0,0,0,0,0,0,0,0,0,0,0,0,0
"ATGTGGACATCTTGAT-1_V11L05-333_A1",0.791564625490188,0.208435374509812,0,0,0,0,0,0,0,0,0,0,0,0,0,0,0,0,0,0,0
"ATGTGTAGTTTAGTCA-1_V11L05-333_A1",0.661241912542452,0.229060769863778,0.109697317593769,0,0,0,0,0,0,0,0,0,0,0,0,0,0,0,0,0,0
"ATGTTACGAGCAATAC-1_V11L05-333_A1",0.640390191419407,0.359609808580593,0,0,0,0,0,0,0,0,0,0,0,0,0,0,0,0,0,0,0
"ATGTTCCTGCCCACCT-1_V11L05-333_A1",0.567973958029836,0.432026041970164,0,0,0,0,0,0,0,0,0,0,0,0,0,0,0,0,0,0,0
"ATGTTCGTCGACCCAC-1_V11L05-333_A1",0.300499565899653,0.502030873969809,0,0,0,0,0,0,0,0,0,0,0,0.197469560130538,0,0,0,0,0,0,0
"ATGTTGATTAGAGACT-1_V11L05-333_A1",0.866552619035369,0.133447380964631,0,0,0,0,0,0,0,0,0,0,0,0,0,0,0,0,0,0,0
"ATGTTGTAGTCTGTTT-1_V11L05-333_A1",0.0618946556054625,0.135710988824899,0,0,0,0,0,0,0,0,0,0,0,0,0,0,0,0,0.681189215847947,0,0.121205139721691
"ATGTTTCGGCCCGGAG-1_V11L05-333_A1",0.388690975153982,0.414591222475941,0,0,0,0,0,0,0,0,0,0,0,0,0,0,0,0,0,0.196717802370077,0
"ATGTTTGTAAGATCAT-1_V11L05-333_A1",0,0.222828819404212,0.128597801003751,0,0,0,0,0,0,0,0,0,0,0,0.648573379592038,0,0,0,0,0,0
"ATTAAACATGCGGACC-1_V11L05-333_A1",0.819951505558471,0.180048494441529,0,0,0,0,0,0,0,0,0,0,0,0,0,0,0,0,0,0,0
"ATTAAAGCGGACGAGC-1_V11L05-333_A1",0.721010938296533,0.278989061703467,0,0,0,0,0,0,0,0,0,0,0,0,0,0,0,0,0,0,0
"ATTAACACCTGAGATA-1_V11L05-333_A1",0.466417406017227,0.533582593982773,0,0,0,0,0,0,0,0,0,0,0,0,0,0,0,0,0,0,0
"ATTAATACTACGCGGG-1_V11L05-333_A1",0.797710695558223,0.202289304441777,0,0,0,0,0,0,0,0,0,0,0,0,0,0,0,0,0,0,0
"ATTAATGAACCAGTCG-1_V11L05-333_A1",0.638918943304271,0.249579138852118,0.111501917843611,0,0,0,0,0,0,0,0,0,0,0,0,0,0,0,0,0,0
"ATTAATTCGGTCACTC-1_V11L05-333_A1",0.70562578748226,0.29437421251774,0,0,0,0,0,0,0,0,0,0,0,0,0,0,0,0,0,0,0
"ATTACAACTACCGGCC-1_V11L05-333_A1",0.311882904615811,0.333831447553834,0.156914657034127,0,0,0,0,0,0,0,0,0,0,0,0,0.197370990796229,0,0,0,0,0
"ATTACATGTCAGTCTT-1_V11L05-333_A1",0.439932587843635,0.334275465207232,0.225791946949133,0,0,0,0,0,0,0,0,0,0,0,0,0,0,0,0,0,0
"ATTACCACACTGCCTG-1_V11L05-333_A1",0.456769479619541,0.260694228253914,0.282536292126545,0,0,0,0,0,0,0,0,0,0,0,0,0,0,0,0,0,0
"ATTACGACTCCACAGT-1_V11L05-333_A1",0.233489593756495,0.22832006553487,0,0,0,0,0,0,0.144611117693295,0,0,0,0,0,0,0.39357922301534,0,0,0,0,0
"ATTACGCGCTGGCAGG-1_V11L05-333_A1",0.489053184670558,0.510946815329442,0,0,0,0,0,0,0,0,0,0,0,0,0,0,0,0,0,0,0
"ATTACGGGCTACGGTT-1_V11L05-333_A1",0.183000542483351,0.428716289420532,0,0,0,0,0,0,0,0,0,0,0,0,0,0,0,0,0,0,0.388283168096117
"ATTACTAGCCTCTTGC-1_V11L05-333_A1",0.747081335977191,0.252918664022809,0,0,0,0,0,0,0,0,0,0,0,0,0,0,0,0,0,0,0
"ATTACTTACTGGGCAT-1_V11L05-333_A1",0.260579758631803,0.211225936287231,0.176945397065398,0,0,0,0,0,0,0,0,0,0,0,0,0.300646482662663,0,0.0506024253529058,0,0,0
"ATTAGATTCCTCAGCA-1_V11L05-333_A1",0.546606426314039,0.261570027318685,0.191823546367276,0,0,0,0,0,0,0,0,0,0,0,0,0,0,0,0,0,0
"ATTAGATTGATAGCGG-1_V11L05-333_A1",0.830967732202323,0.169032267797677,0,0,0,0,0,0,0,0,0,0,0,0,0,0,0,0,0,0,0
"ATTAGGCGATGCTTTC-1_V11L05-333_A1",0.798548983155365,0.201451016844635,0,0,0,0,0,0,0,0,0,0,0,0,0,0,0,0,0,0,0
"ATTATACTTTGCTCGT-1_V11L05-333_A1",0.248125360164637,0.140153984586694,0,0,0,0,0,0,0,0,0,0,0,0,0,0.61172065524867,0,0,0,0,0
"ATTATAGCTACTTTAC-1_V11L05-333_A1",0.312856234002527,0.160286160866003,0,0,0,0,0,0,0,0,0,0,0,0.209993966361249,0,0.316863638770222,0,0,0,0,0
"ATTATCGGAATGTACG-1_V11L05-333_A1",0.0638951823253423,0.190801445021275,0,0.425798467635181,0,0,0,0,0,0,0,0,0,0.319504905018202,0,0,0,0,0,0,0
"ATTATCTCGACAGATC-1_V11L05-333_A1",0.707127813957234,0.292872186042766,0,0,0,0,0,0,0,0,0,0,0,0,0,0,0,0,0,0,0
"ATTATGAGACCCAATT-1_V11L05-333_A1",0,0.219306850123634,0,0,0,0,0,0,0,0,0,0,0.780693149876366,0,0,0,0,0,0,0,0
"ATTATGCCATAGGGAG-1_V11L05-333_A1",0.35950126152348,0.3926115684113,0.24788717006522,0,0,0,0,0,0,0,0,0,0,0,0,0,0,0,0,0,0
"ATTATGCTCAGTATTG-1_V11L05-333_A1",0.0727078922615534,0.210612721139754,0,0,0,0,0,0,0,0,0,0,0.489582599014402,0,0,0,0,0,0,0,0.22709678758429
"ATTATTATGTCCGTCA-1_V11L05-333_A1",0.11278480528037,0.230186711602427,0,0,0,0,0,0,0,0,0,0,0,0.402776084064053,0,0,0,0,0,0,0.25425239905315
"ATTCAAAGTACCTGTT-1_V11L05-333_A1",0.622874122601816,0.377125877398184,0,0,0,0,0,0,0,0,0,0,0,0,0,0,0,0,0,0,0
"ATTCAACCATTTAAGG-1_V11L05-333_A1",0.561685131616029,0.438314868383971,0,0,0,0,0,0,0,0,0,0,0,0,0,0,0,0,0,0,0
"ATTCACTGATGTTGGA-1_V11L05-333_A1",0.578282560725331,0.421717439274669,0,0,0,0,0,0,0,0,0,0,0,0,0,0,0,0,0,0,0
"ATTCAGATGAATCCCT-1_V11L05-333_A1",0.122835621519117,0.159958495946558,0.144396548602245,0,0,0,0,0,0,0,0,0,0.57280933393208,0,0,0,0,0,0,0,0
"ATTCAGGACCTATTTC-1_V11L05-333_A1",0.52932975861167,0.187527036944447,0.120353484829161,0,0,0,0,0,0,0.162789719614723,0,0,0,0,0,0,0,0,0,0,0
"ATTCAGGATCGCCTCT-1_V11L05-333_A1",0.205624091045283,0.25425130642157,0,0,0,0,0,0,0.540124602533147,0,0,0,0,0,0,0,0,0,0,0,0
"ATTCAGTAGCAGGGTC-1_V11L05-333_A1",0.757226306500583,0.242773693499417,0,0,0,0,0,0,0,0,0,0,0,0,0,0,0,0,0,0,0
"ATTCATATACTGTCCA-1_V11L05-333_A1",0.785667766436923,0.214332233563077,0,0,0,0,0,0,0,0,0,0,0,0,0,0,0,0,0,0,0
"ATTCATCGTTGAGGCA-1_V11L05-333_A1",0.450591996896729,0.549408003103271,0,0,0,0,0,0,0,0,0,0,0,0,0,0,0,0,0,0,0
"ATTCCCACATAAACAA-1_V11L05-333_A1",0.675243853949306,0.324756146050694,0,0,0,0,0,0,0,0,0,0,0,0,0,0,0,0,0,0,0
"ATTCCCGAAGGTACAG-1_V11L05-333_A1",0,0.251150317910308,0,0,0,0,0,0,0,0,0,0,0,0.359625282139647,0,0,0,0,0.233595270124654,0,0.15562912982539
"ATTCCTAAGACGTGGA-1_V11L05-333_A1",0.431801785845918,0.257419377642718,0.152208914260703,0,0,0,0,0,0,0,0,0,0,0,0,0,0,0,0,0.158569922250662,0
"ATTCCTCCGCCAGTGC-1_V11L05-333_A1",0.540265618833662,0.459734381166338,0,0,0,0,0,0,0,0,0,0,0,0,0,0,0,0,0,0,0
"ATTCCTTCCAGGCGGT-1_V11L05-333_A1",0.64776550322223,0.35223449677777,0,0,0,0,0,0,0,0,0,0,0,0,0,0,0,0,0,0,0
"ATTCGACGCCGGGCCT-1_V11L05-333_A1",0.409106149275194,0.378402199138159,0.212491651586647,0,0,0,0,0,0,0,0,0,0,0,0,0,0,0,0,0,0
"ATTCGCAGAGGACACT-1_V11L05-333_A1",0.074224418791702,0.329004823264744,0.217853894272749,0,0,0,0,0,0,0,0,0,0,0,0.378916863670805,0,0,0,0,0,0
"ATTCGCGCCTTGAGAG-1_V11L05-333_A1",0.696856872647527,0.185088204108629,0,0,0,0,0,0,0,0,0,0,0,0,0,0,0.118054923243844,0,0,0,0
"ATTCGTCCCGAGGTTA-1_V11L05-333_A1",0.6141343756748,0.3858656243252,0,0,0,0,0,0,0,0,0,0,0,0,0,0,0,0,0,0,0
"ATTCGTGCTATCTCTT-1_V11L05-333_A1",0.546255430657099,0.290960637979562,0.162783931363339,0,0,0,0,0,0,0,0,0,0,0,0,0,0,0,0,0,0
"ATTCGTGTACCCATTC-1_V11L05-333_A1",0.3717334560553,0.6282665439447,0,0,0,0,0,0,0,0,0,0,0,0,0,0,0,0,0,0,0
"ATTCGTTTATCGTATT-1_V11L05-333_A1",0.634178590853969,0.365821409146031,0,0,0,0,0,0,0,0,0,0,0,0,0,0,0,0,0,0,0
"ATTCTCGTCTCTTTAG-1_V11L05-333_A1",0.647377239922436,0.352622760077564,0,0,0,0,0,0,0,0,0,0,0,0,0,0,0,0,0,0,0
"ATTCTGAGTATGAACT-1_V11L05-333_A1",0.621852672244764,0.378147327755236,0,0,0,0,0,0,0,0,0,0,0,0,0,0,0,0,0,0,0
"ATTCTTCGTACTTATG-1_V11L05-333_A1",0.489992198050124,0.268012572692699,0.241995229257177,0,0,0,0,0,0,0,0,0,0,0,0,0,0,0,0,0,0
"ATTGAAGATCTTAGTG-1_V11L05-333_A1",0.761993776085356,0.238006223914644,0,0,0,0,0,0,0,0,0,0,0,0,0,0,0,0,0,0,0
"ATTGAATTCCCTGTAG-1_V11L05-333_A1",0.299182349243872,0.392832475294568,0.307985175461559,0,0,0,0,0,0,0,0,0,0,0,0,0,0,0,0,0,0
"ATTGACCGGCGATGAC-1_V11L05-333_A1",0.20605724539176,0.147813170259402,0,0,0,0,0,0,0,0,0,0,0,0,0,0.646129584348838,0,0,0,0,0
"ATTGACGTAACTCGGT-1_V11L05-333_A1",0.620208397210078,0.250627222197312,0.12916438059261,0,0,0,0,0,0,0,0,0,0,0,0,0,0,0,0,0,0
"ATTGATAGCAACGAGA-1_V11L05-333_A1",0.704520938265784,0.295479061734216,0,0,0,0,0,0,0,0,0,0,0,0,0,0,0,0,0,0,0
"ATTGATCACCACATTT-1_V11L05-333_A1",0.154356332381542,0.264014868645609,0,0,0,0,0,0,0,0,0,0,0,0.332996917866573,0,0,0,0,0,0,0.248631881106276
"ATTGATGAGTCCTAAC-1_V11L05-333_A1",0.688047805868057,0.17459832034044,0.137353873791502,0,0,0,0,0,0,0,0,0,0,0,0,0,0,0,0,0,0
"ATTGCCTATTAGACCG-1_V11L05-333_A1",0,0.126373755635416,0,0.873626244364584,0,0,0,0,0,0,0,0,0,0,0,0,0,0,0,0,0
"ATTGCCTTTATGTTTG-1_V11L05-333_A1",0.741082158931596,0.258917841068404,0,0,0,0,0,0,0,0,0,0,0,0,0,0,0,0,0,0,0
"ATTGCGATCAGTAACT-1_V11L05-333_A1",0.685386527664853,0.183472869137875,0.131140603197272,0,0,0,0,0,0,0,0,0,0,0,0,0,0,0,0,0,0
"ATTGCTGCTCCTCCAT-1_V11L05-333_A1",0.780014526546407,0.219985473453593,0,0,0,0,0,0,0,0,0,0,0,0,0,0,0,0,0,0,0
"ATTGGATTACAGCGTA-1_V11L05-333_A1",0.534938664633895,0.215383287637113,0.249678047728992,0,0,0,0,0,0,0,0,0,0,0,0,0,0,0,0,0,0
"ATTGGGAATATCTTGG-1_V11L05-333_A1",0.545042234055496,0.286615107978982,0.168342657965522,0,0,0,0,0,0,0,0,0,0,0,0,0,0,0,0,0,0
"ATTGGGAGTTCTGTAA-1_V11L05-333_A1",0.118652700864222,0.380907134550064,0.21899401143186,0,0,0,0,0,0,0,0,0,0,0,0.281446153153854,0,0,0,0,0,0
"ATTGGTAGGATCCGCT-1_V11L05-333_A1",0.679996789459181,0.320003210540819,0,0,0,0,0,0,0,0,0,0,0,0,0,0,0,0,0,0,0
"ATTGGTTGTGCATTAC-1_V11L05-333_A1",0.659238662040623,0.340761337959377,0,0,0,0,0,0,0,0,0,0,0,0,0,0,0,0,0,0,0
"ATTGTACAACTCGGCT-1_V11L05-333_A1",0.546655367519081,0.220196835762209,0.13449518639781,0,0,0,0,0,0,0.0986526103209003,0,0,0,0,0,0,0,0,0,0,0
"ATTGTCGCAATACCTT-1_V11L05-333_A1",0.181468696397559,0.210983223911636,0,0,0,0,0,0,0,0,0,0,0,0.421093845120559,0,0,0,0.186454234570245,0,0,0
"ATTGTCTGTTTCATGT-1_V11L05-333_A1",0.0545563875468236,0.165183957415043,0,0,0,0,0,0,0,0,0,0,0,0.649351937110984,0,0,0,0,0,0,0.130907717927149
"ATTGTGACTTCGCTGC-1_V11L05-333_A1",0.134069298752711,0.231940585247338,0.320206787739138,0,0,0,0,0,0,0,0,0,0,0,0.313783328260813,0,0,0,0,0,0
"ATTGTTCAACGATCCG-1_V11L05-333_A1",0.65644652106277,0.20254852871002,0.14100495022721,0,0,0,0,0,0,0,0,0,0,0,0,0,0,0,0,0,0
"ATTTAACTCGTATTAC-1_V11L05-333_A1",0.530777455628953,0.314418260116884,0.154804284254164,0,0,0,0,0,0,0,0,0,0,0,0,0,0,0,0,0,0
"ATTTACAGTTTACTGG-1_V11L05-333_A1",0.354374288867913,0.378403007586315,0.267222703545772,0,0,0,0,0,0,0,0,0,0,0,0,0,0,0,0,0,0
"ATTTACTAAGTCCATT-1_V11L05-333_A1",0.720082496485912,0.156884202780515,0.123033300733573,0,0,0,0,0,0,0,0,0,0,0,0,0,0,0,0,0,0
"ATTTATACTGGTAAAG-1_V11L05-333_A1",0.22025158751894,0.263954097143768,0,0,0,0,0,0,0,0,0,0,0.441891748788078,0,0,0,0,0.0739025665492147,0,0,0
"ATTTCATTATTTCGCG-1_V11L05-333_A1",0.539020580740067,0.328966109251604,0.13201331000833,0,0,0,0,0,0,0,0,0,0,0,0,0,0,0,0,0,0
"ATTTCCGGGTTCTGCG-1_V11L05-333_A1",0.0364784199010066,0.16890221067957,0,0,0,0,0,0,0,0,0,0,0,0,0,0,0,0,0.227880814563538,0.36619755352372,0.200541001332166
"ATTTGCCTAGTTACGA-1_V11L05-333_A1",0.356219722474095,0.312274442154271,0,0,0,0,0,0,0,0,0,0,0,0,0,0,0,0,0,0.331505835371633,0
"ATTTGCGCGAGTAGCT-1_V11L05-333_A1",0,0.270853003452458,0.132239265334935,0,0,0,0,0,0,0,0,0,0,0.35490885930849,0,0,0,0,0,0,0.241998871904117
"ATTTGGAGATTGCGGT-1_V11L05-333_A1",0.0862821004284251,0.394254902972159,0,0,0,0,0,0,0,0,0,0,0,0.233933844819459,0,0,0,0,0,0,0.285529151779957
"ATTTGTCTTGGGAGCT-1_V11L05-333_A1",0.607986925353677,0.392013074646323,0,0,0,0,0,0,0,0,0,0,0,0,0,0,0,0,0,0,0
"ATTTGTTCCAGGGCTC-1_V11L05-333_A1",0.744059958719051,0.255940041280949,0,0,0,0,0,0,0,0,0,0,0,0,0,0,0,0,0,0,0
"CAAACCAGGTCTGCAT-1_V11L05-333_A1",0.162316914836079,0.165720674680022,0,0,0,0,0,0,0,0,0,0,0,0.301286358272942,0,0.370676052210957,0,0,0,0,0
"CAAACCATAAGCGTAT-1_V11L05-333_A1",0.147864610443792,0.325065328624118,0,0,0,0,0,0,0,0.123234282133957,0,0,0,0,0,0,0,0,0,0.403835778798134,0
"CAAACCCTCCGGCGGG-1_V11L05-333_A1",0.156929900657826,0.33567554255108,0,0,0,0,0,0,0,0,0,0,0,0,0,0,0,0,0,0.274167815420155,0.233226741370938
"CAAACGAGTATCGCAG-1_V11L05-333_A1",0.305746179026243,0.442672392628308,0,0,0,0,0,0,0,0,0,0,0,0,0,0,0,0,0,0,0.251581428345449
"CAAACGGTCGCACTTT-1_V11L05-333_A1",0.617285904374147,0.187753775125491,0.194960320500361,0,0,0,0,0,0,0,0,0,0,0,0,0,0,0,0,0,0
"CAAACGTGGTCTTGCG-1_V11L05-333_A1",0.228288974198546,0.308265650598839,0.152499555195113,0,0,0,0,0,0,0.310945820007503,0,0,0,0,0,0,0,0,0,0,0
"CAAACTACGATAGAGA-1_V11L05-333_A1",0.583221229662951,0.229255385477999,0.18752338485905,0,0,0,0,0,0,0,0,0,0,0,0,0,0,0,0,0,0
"CAAACTATTGAGCTTC-1_V11L05-333_A1",0.530151257674022,0.273755821105127,0,0,0,0,0,0,0,0,0,0,0,0,0,0.196092921220851,0,0,0,0,0
"CAAACTCGCGACGCCG-1_V11L05-333_A1",0.404954939597133,0.286939422522015,0.308105637880852,0,0,0,0,0,0,0,0,0,0,0,0,0,0,0,0,0,0
"CAAAGATTATTGGGCC-1_V11L05-333_A1",0.0453113461861602,0.120486067518643,0,0,0,0,0,0,0,0,0,0,0,0.210386968952796,0,0,0,0,0.411698394984183,0,0.212117222358217
"CAAAGGTCATCTGAAA-1_V11L05-333_A1",0.6336952437105,0.3663047562895,0,0,0,0,0,0,0,0,0,0,0,0,0,0,0,0,0,0,0
"CAAAGGTTAAATTCAG-1_V11L05-333_A1",0,0.294877463448685,0,0,0,0,0,0,0,0,0,0,0,0.336438287662832,0,0,0,0,0,0.368684248888484,0
"CAAAGTCAGGTTAGCT-1_V11L05-333_A1",0.6188554758664,0.3811445241336,0,0,0,0,0,0,0,0,0,0,0,0,0,0,0,0,0,0,0
"CAAATCTCTCACAAGG-1_V11L05-333_A1",0.16209591661361,0.339855641290689,0,0,0,0,0,0,0,0,0,0,0,0,0,0,0,0,0,0.27242426149671,0.225624180598991
"CAAATGCGGAGTGTTC-1_V11L05-333_A1",0.659986034133534,0.340013965866466,0,0,0,0,0,0,0,0,0,0,0,0,0,0,0,0,0,0,0
"CAAATGTCCTTCCGTG-1_V11L05-333_A1",0.739271319494205,0.186933789768009,0.0737948907377863,0,0,0,0,0,0,0,0,0,0,0,0,0,0,0,0,0,0
"CAAATTGGATTATGCC-1_V11L05-333_A1",0.536822673549457,0.240976474513229,0,0,0,0,0,0,0,0,0,0,0,0,0,0.222200851937314,0,0,0,0,0
"CAAATTGTCAGCAAGC-1_V11L05-333_A1",0.48304335463204,0.25837020435144,0.25858644101652,0,0,0,0,0,0,0,0,0,0,0,0,0,0,0,0,0,0
"CAACACATCTCCTGCC-1_V11L05-333_A1",0.423998513648083,0.576001486351917,0,0,0,0,0,0,0,0,0,0,0,0,0,0,0,0,0,0,0
"CAACAGAATAACGCTA-1_V11L05-333_A1",0.332429468277823,0.340872156371108,0.136166870353671,0,0,0,0,0,0,0,0,0,0,0,0,0.190531504997398,0,0,0,0,0
"CAACAGTGCCAAACGG-1_V11L05-333_A1",0.299689125977329,0.280472179540337,0.121779141279243,0,0,0,0,0,0,0,0,0,0,0,0,0,0,0,0,0.298059553203092,0
"CAACATGGCCTGATAA-1_V11L05-333_A1",0.543399725375777,0.456600274624223,0,0,0,0,0,0,0,0,0,0,0,0,0,0,0,0,0,0,0
"CAACCAGTGGCCTACC-1_V11L05-333_A1",0.591672050666169,0.408327949333831,0,0,0,0,0,0,0,0,0,0,0,0,0,0,0,0,0,0,0
"CAACCGCACCTAGACA-1_V11L05-333_A1",0.58665481634639,0.41334518365361,0,0,0,0,0,0,0,0,0,0,0,0,0,0,0,0,0,0,0
"CAACCTACCGAGCAGT-1_V11L05-333_A1",0.602076107747128,0.397923892252871,0,0,0,0,0,0,0,0,0,0,0,0,0,0,0,0,0,0,0
"CAACCTGAACCTGCCA-1_V11L05-333_A1",0.2458457394352,0.218452605523823,0.156728954253257,0,0,0,0,0,0,0,0,0,0,0,0,0.33001353836047,0,0.0489591624272499,0,0,0
"CAACGACCCGTTTACA-1_V11L05-333_A1",0.635730992167456,0.253847061277048,0.110421946555495,0,0,0,0,0,0,0,0,0,0,0,0,0,0,0,0,0,0
"CAACGAGCTTATTATG-1_V11L05-333_A1",0.183107691817302,0.392454524502289,0,0,0,0,0,0,0,0.293800035672865,0,0,0,0,0,0,0.130637748007544,0,0,0,0
"CAACGATCGATCCAAT-1_V11L05-333_A1",0.823055551382339,0.176944448617661,0,0,0,0,0,0,0,0,0,0,0,0,0,0,0,0,0,0,0
"CAACGCGATGAGCCAA-1_V11L05-333_A1",0.109510923560411,0.262464951749352,0.123574673967897,0,0.252523518482969,0,0,0,0,0,0,0,0,0,0,0,0,0,0,0,0.251925932239371
"CAACGGTTCTTGATAC-1_V11L05-333_A1",0.717564941871829,0.282435058128171,0,0,0,0,0,0,0,0,0,0,0,0,0,0,0,0,0,0,0
"CAACGTGGTGGAGTCT-1_V11L05-333_A1",0.283956999310222,0.440826162074279,0.275216838615499,0,0,0,0,0,0,0,0,0,0,0,0,0,0,0,0,0,0
"CAACTATATCGAATGC-1_V11L05-333_A1",0.400194518315294,0.374092035607247,0,0,0,0,0,0,0,0,0,0,0,0,0,0.225713446077459,0,0,0,0,0
"CAACTCCAACGTTTAG-1_V11L05-333_A1",0.427776804129798,0.368988238499736,0,0,0,0,0,0,0,0,0,0,0,0.203234957370466,0,0,0,0,0,0,0
"CAACTCCGTAACTTGC-1_V11L05-333_A1",0.256379218387211,0.440402902857327,0.303217878755462,0,0,0,0,0,0,0,0,0,0,0,0,0,0,0,0,0,0
"CAACTCCTTGATCCCG-1_V11L05-333_A1",0.680851415415509,0.319148584584491,0,0,0,0,0,0,0,0,0,0,0,0,0,0,0,0,0,0,0
"CAACTGAGGGTATGAC-1_V11L05-333_A1",0,0.24963620247501,0,0,0,0,0,0,0,0,0,0,0,0.234464150135556,0,0,0,0,0,0.515899647389435,0
"CAACTGCTCATCCGAT-1_V11L05-333_A1",0.067258542455051,0.179632702779232,0,0,0,0,0,0,0,0,0,0,0,0,0,0,0,0,0,0.753108754765717,0
"CAACTTGTAGTGGGCA-1_V11L05-333_A1",0.61282149699194,0.38717850300806,0,0,0,0,0,0,0,0,0,0,0,0,0,0,0,0,0,0,0
"CAAGAAACCCTAAACT-1_V11L05-333_A1",0.126341923769069,0.373992900920573,0.0986532452746186,0,0,0,0,0,0,0,0,0,0,0,0.401011930035739,0,0,0,0,0,0
"CAAGACTCAGAAGCGC-1_V11L05-333_A1",0.770916308356472,0.229083691643528,0,0,0,0,0,0,0,0,0,0,0,0,0,0,0,0,0,0,0
"CAAGAGGGCGGAGTAC-1_V11L05-333_A1",0.806840971992819,0.193159028007181,0,0,0,0,0,0,0,0,0,0,0,0,0,0,0,0,0,0,0
"CAAGATATTATAACGT-1_V11L05-333_A1",0.790958444090808,0.209041555909192,0,0,0,0,0,0,0,0,0,0,0,0,0,0,0,0,0,0,0
"CAAGCAACGTCGGAGT-1_V11L05-333_A1",0.699646877614552,0.300353122385448,0,0,0,0,0,0,0,0,0,0,0,0,0,0,0,0,0,0,0
"CAAGCACCAAATGCCT-1_V11L05-333_A1",0.648737481434265,0.257681488478978,0,0,0,0,0,0,0,0,0,0,0,0,0,0,0.0935810300867569,0,0,0,0
"CAAGCGGCACATAATT-1_V11L05-333_A1",0.784900030063872,0.215099969936128,0,0,0,0,0,0,0,0,0,0,0,0,0,0,0,0,0,0,0
"CAAGGATCGCATGTTC-1_V11L05-333_A1",0.674972760347795,0.17083872587719,0,0,0,0,0,0,0,0,0,0,0,0,0,0,0.154188513775015,0,0,0,0
"CAAGGGAGTGTATTTG-1_V11L05-333_A1",0.463358422631164,0.328937104901199,0.207704472467637,0,0,0,0,0,0,0,0,0,0,0,0,0,0,0,0,0,0
"CAAGGTCCTATAGGCT-1_V11L05-333_A1",0.477981284657313,0.522018715342687,0,0,0,0,0,0,0,0,0,0,0,0,0,0,0,0,0,0,0
"CAAGTAAGTGATAGAC-1_V11L05-333_A1",0,0.314950975224335,0,0,0,0,0,0,0,0,0,0,0,0.445503543663524,0,0,0,0,0,0,0.239545481112141
"CAAGTCGTTGAAATCT-1_V11L05-333_A1",0,0.138278666507907,0,0.515867427283778,0,0,0,0,0,0,0,0,0,0.345853906208315,0,0,0,0,0,0,0
"CAAGTGAACTTTGGTT-1_V11L05-333_A1",0.625167258996434,0.374832741003566,0,0,0,0,0,0,0,0,0,0,0,0,0,0,0,0,0,0,0
"CAAGTGTGGTTGCAAA-1_V11L05-333_A1",0.687031347682652,0.312968652317348,0,0,0,0,0,0,0,0,0,0,0,0,0,0,0,0,0,0,0
"CAATAAACCTTGGCCC-1_V11L05-333_A1",0.731594268978821,0.268405731021179,0,0,0,0,0,0,0,0,0,0,0,0,0,0,0,0,0,0,0
"CAATACGAGAGTCTGA-1_V11L05-333_A1",0.568011894580209,0.431988105419791,0,0,0,0,0,0,0,0,0,0,0,0,0,0,0,0,0,0,0
"CAATACGCTCTGAGGC-1_V11L05-333_A1",0.21910705564569,0.471803230482327,0,0,0,0,0,0,0,0,0,0,0,0,0,0,0,0,0,0.309089713871983,0
"CAATATGTAGATTTAC-1_V11L05-333_A1",0.303542470983778,0.240158390559114,0,0,0,0,0,0,0,0,0,0,0,0.10277397451449,0,0.353525163942619,0,0,0,0,0
"CAATATTCTTGACCTA-1_V11L05-333_A1",0.0686090165673901,0.273202930855992,0.109572887340712,0,0,0,0,0,0,0,0,0,0,0.203480332802714,0,0,0,0,0,0,0.345134832433192
"CAATATTGGACTAGTG-1_V11L05-333_A1",0.744307762812958,0.255692237187042,0,0,0,0,0,0,0,0,0,0,0,0,0,0,0,0,0,0,0
"CAATCCATTATCCGTT-1_V11L05-333_A1",0.170942585757881,0.388363435993162,0,0,0,0,0,0,0,0,0,0,0.440693978248957,0,0,0,0,0,0,0,0
"CAATCCCTATACCAGC-1_V11L05-333_A1",0.558445130149743,0.323575852612235,0.117979017238022,0,0,0,0,0,0,0,0,0,0,0,0,0,0,0,0,0,0
"CAATCCTGCCGTGGAG-1_V11L05-333_A1",0.670774292807815,0.329225707192185,0,0,0,0,0,0,0,0,0,0,0,0,0,0,0,0,0,0,0
"CAATGACCCTTAATTT-1_V11L05-333_A1",0.070647467985574,0.112884053390059,0,0.709389227108941,0,0,0,0,0,0,0,0,0,0,0,0,0,0,0,0,0.107079251515426
"CAATGAGGTTCGACTA-1_V11L05-333_A1",0.33864067927673,0.191991616218845,0.10060568618096,0,0,0,0,0,0,0,0,0,0,0.368762018323466,0,0,0,0,0,0,0
"CAATGCGAGAAGTATC-1_V11L05-333_A1",0.659137455429093,0.340862544570907,0,0,0,0,0,0,0,0,0,0,0,0,0,0,0,0,0,0,0
"CAATGGAATCTACATA-1_V11L05-333_A1",0.219996821088579,0.308379215306579,0,0,0,0,0,0,0,0,0,0,0,0,0,0.394470335714488,0,0.0771536278903542,0,0,0
"CAATGGATCTCTACCA-1_V11L05-333_A1",0.794450402040376,0.205549597959624,0,0,0,0,0,0,0,0,0,0,0,0,0,0,0,0,0,0,0
"CAATGGTCGGCCTGGG-1_V11L05-333_A1",0.567095868805182,0.432904131194818,0,0,0,0,0,0,0,0,0,0,0,0,0,0,0,0,0,0,0
"CAATGTGCCAACCCTT-1_V11L05-333_A1",0.408202700088437,0.287011351508607,0.143952311163301,0,0,0,0,0,0,0,0,0,0,0,0,0,0,0,0,0.160833637239655,0
"CAATTAAGGGTGATGA-1_V11L05-333_A1",0.501124768979886,0.341320484875256,0.157554746144858,0,0,0,0,0,0,0,0,0,0,0,0,0,0,0,0,0,0
"CAATTGGGCCGCACTC-1_V11L05-333_A1",0.129325939096688,0.194334044571814,0,0,0,0,0,0,0,0,0,0,0,0.453800573855526,0,0,0,0,0,0,0.222539442475972
"CAATTTCGTATAAGGG-1_V11L05-333_A1",0.775326925782831,0.224673074217169,0,0,0,0,0,0,0,0,0,0,0,0,0,0,0,0,0,0,0
"CAATTTGACCGGGAAG-1_V11L05-333_A1",0.628127071937039,0.371872928062961,0,0,0,0,0,0,0,0,0,0,0,0,0,0,0,0,0,0,0
"CACAAACCGCAGAACT-1_V11L05-333_A1",0.797671492469444,0.202328507530556,0,0,0,0,0,0,0,0,0,0,0,0,0,0,0,0,0,0,0
"CACAAGAAAGATATTA-1_V11L05-333_A1",0.275482152809737,0.435445108043498,0,0,0,0,0,0,0,0,0,0,0,0,0,0.289072739146765,0,0,0,0,0
"CACAAGCTAAGAAAGG-1_V11L05-333_A1",0,0.286240950729962,0.0992708859750254,0,0,0,0,0,0,0,0,0,0.614488163295013,0,0,0,0,0,0,0,0
"CACAATGAGCTGCTAT-1_V11L05-333_A1",0.615997418082163,0.26268099528018,0.121321586637656,0,0,0,0,0,0,0,0,0,0,0,0,0,0,0,0,0,0
"CACACACGCTAACGAG-1_V11L05-333_A1",0,0,0,0,0,0,0,0,0,0,0,0,0,0,0,0,0,0,0,0,0
"CACACAGCTTGCGCTC-1_V11L05-333_A1",0.775709444676064,0.224290555323936,0,0,0,0,0,0,0,0,0,0,0,0,0,0,0,0,0,0,0
"CACACAGGGATAGATT-1_V11L05-333_A1",0.486573024774222,0.513426975225778,0,0,0,0,0,0,0,0,0,0,0,0,0,0,0,0,0,0,0
"CACACGCGCTGTCTTA-1_V11L05-333_A1",0.716931724427375,0.283068275572625,0,0,0,0,0,0,0,0,0,0,0,0,0,0,0,0,0,0,0
"CACACGTTTCAATGGG-1_V11L05-333_A1",0.47729720806407,0.192588571459285,0,0,0,0,0,0,0,0,0,0,0,0.330114220476646,0,0,0,0,0,0,0
"CACACTTGTATTGCGA-1_V11L05-333_A1",0.240676531031131,0.395662305816403,0,0,0,0,0,0,0,0,0,0,0,0.363661163152466,0,0,0,0,0,0,0
"CACAGAGACGAGGACG-1_V11L05-333_A1",0,0.289358329731506,0,0,0,0,0,0,0,0,0,0,0.524047833577832,0,0,0,0,0,0,0,0.186593836690662
"CACAGCACCCACGGCA-1_V11L05-333_A1",0.877361151726055,0.122638848273945,0,0,0,0,0,0,0,0,0,0,0,0,0,0,0,0,0,0,0
"CACAGCTAGGGAGTGA-1_V11L05-333_A1",0.527694057413201,0.311605333433746,0.160700609153054,0,0,0,0,0,0,0,0,0,0,0,0,0,0,0,0,0,0
"CACAGGGCCATATAGT-1_V11L05-333_A1",0.704096012637861,0.295903987362139,0,0,0,0,0,0,0,0,0,0,0,0,0,0,0,0,0,0,0
"CACAGGGCCGTTGTCA-1_V11L05-333_A1",0.0664236559621948,0.290019247559925,0,0,0,0,0,0,0,0,0,0,0,0.105397945025997,0,0,0,0,0,0.538159151451884,0
"CACAGTCCCGCTTCGC-1_V11L05-333_A1",0.628106020721782,0.371893979278218,0,0,0,0,0,0,0,0,0,0,0,0,0,0,0,0,0,0,0
"CACAGTTCGCTTCCCA-1_V11L05-333_A1",0.642552409795035,0.357447590204965,0,0,0,0,0,0,0,0,0,0,0,0,0,0,0,0,0,0,0
"CACATAAGGCGACCGT-1_V11L05-333_A1",0.58715225962325,0.41284774037675,0,0,0,0,0,0,0,0,0,0,0,0,0,0,0,0,0,0,0
"CACATATTAGCAGGAT-1_V11L05-333_A1",0.768207394026617,0.231792605973383,0,0,0,0,0,0,0,0,0,0,0,0,0,0,0,0,0,0,0
"CACATCGTGCACGCGC-1_V11L05-333_A1",0.261043125290171,0.234877731769279,0.129530040834578,0,0,0,0,0,0,0,0,0,0,0.206940451701452,0,0,0,0,0,0,0.16760865040452
"CACATCTCACCGACGA-1_V11L05-333_A1",0.798795686271475,0.201204313728525,0,0,0,0,0,0,0,0,0,0,0,0,0,0,0,0,0,0,0
"CACATGATTCAGCAAC-1_V11L05-333_A1",0.87630330202115,0.12369669797885,0,0,0,0,0,0,0,0,0,0,0,0,0,0,0,0,0,0,0
"CACATGTTTGGACATG-1_V11L05-333_A1",0.693892229741019,0.306107770258981,0,0,0,0,0,0,0,0,0,0,0,0,0,0,0,0,0,0,0
"CACATTCTTTCGATGG-1_V11L05-333_A1",0.691635844884175,0.308364155115825,0,0,0,0,0,0,0,0,0,0,0,0,0,0,0,0,0,0,0
"CACATTTCTTGTCAGA-1_V11L05-333_A1",0.691573361852063,0.308426638147937,0,0,0,0,0,0,0,0,0,0,0,0,0,0,0,0,0,0,0
"CACCAATCATCCGTCT-1_V11L05-333_A1",0.16370231797747,0.309733783686875,0,0,0,0,0,0,0,0.188732237054451,0,0,0,0,0,0,0,0,0,0,0.337831661281204
"CACCACGCCACACAGA-1_V11L05-333_A1",0.171058388338901,0.117141644571068,0,0,0,0,0,0,0,0.388194064360004,0,0,0,0,0,0,0,0,0,0.323605902730027,0
"CACCAGTCAGCATGCA-1_V11L05-333_A1",0,0.247643427173758,0.0909835922448063,0,0,0,0,0,0,0,0,0,0,0.16986482660374,0,0,0,0,0.252339481032539,0,0.239168672945157
"CACCATCGGAGGAGAC-1_V11L05-333_A1",0.710857265797488,0.289142734202512,0,0,0,0,0,0,0,0,0,0,0,0,0,0,0,0,0,0,0
"CACCATGATCGCAAAG-1_V11L05-333_A1",0.306141287634809,0.440743667644172,0,0,0,0,0,0,0,0,0,0,0,0,0,0.253115044721019,0,0,0,0,0
"CACCCAAATCTTATGT-1_V11L05-333_A1",0.507316502765229,0.271328642905811,0.22135485432896,0,0,0,0,0,0,0,0,0,0,0,0,0,0,0,0,0,0
"CACCCACACGTCACCC-1_V11L05-333_A1",0.474640519060127,0.257966313062657,0.267393167877216,0,0,0,0,0,0,0,0,0,0,0,0,0,0,0,0,0,0
"CACCCACGAGGCAATT-1_V11L05-333_A1",0.332782406394039,0.263716687759521,0.265794782499396,0,0,0,0,0,0,0,0,0,0,0,0,0,0,0,0,0,0.137706123347044
"CACCCGCGTTTGACAC-1_V11L05-333_A1",0.746930065796803,0.253069934203197,0,0,0,0,0,0,0,0,0,0,0,0,0,0,0,0,0,0,0
"CACCCGGTTTGTGACT-1_V11L05-333_A1",0.03475625283204,0.153855278133953,0.198589476620085,0,0,0,0,0,0,0,0,0,0,0,0,0,0,0,0,0.482998860409212,0.12980013200471
"CACCCTAACAAGATCT-1_V11L05-333_A1",0.785607149539556,0.214392850460444,0,0,0,0,0,0,0,0,0,0,0,0,0,0,0,0,0,0,0
"CACCCTTGGTGAGACC-1_V11L05-333_A1",0.0750370975775182,0.231303510118658,0,0,0,0,0,0,0,0,0.280675208951729,0,0,0,0,0,0,0,0,0.165680654308801,0.247303529043293
"CACCCTTTCCTCGCTC-1_V11L05-333_A1",0.721337434939908,0.278662565060092,0,0,0,0,0,0,0,0,0,0,0,0,0,0,0,0,0,0,0
"CACCGATACACCGAGC-1_V11L05-333_A1",0.326939734814887,0.256476312910018,0.245314846914975,0,0,0,0,0,0,0.17126910536012,0,0,0,0,0,0,0,0,0,0,0
"CACCGATGATGGGTAC-1_V11L05-333_A1",0.670612225505898,0.206687741100159,0.122700033393943,0,0,0,0,0,0,0,0,0,0,0,0,0,0,0,0,0,0
"CACCGCCAGAAGGTTT-1_V11L05-333_A1",0.848728920599785,0.151271079400215,0,0,0,0,0,0,0,0,0,0,0,0,0,0,0,0,0,0,0
"CACCGCCGACCAGCGA-1_V11L05-333_A1",0.682291600075308,0.317708399924692,0,0,0,0,0,0,0,0,0,0,0,0,0,0,0,0,0,0,0
"CACCGCGTCCACTCTA-1_V11L05-333_A1",0.377571035113444,0.266599259231446,0.175693304951582,0,0,0,0,0,0.180136400703528,0,0,0,0,0,0,0,0,0,0,0,0
"CACCGGAGATATCTCC-1_V11L05-333_A1",0.639431743759842,0.224237150328841,0.136331105911317,0,0,0,0,0,0,0,0,0,0,0,0,0,0,0,0,0,0
"CACCGGGCATCACAAG-1_V11L05-333_A1",0.699888104044493,0.300111895955507,0,0,0,0,0,0,0,0,0,0,0,0,0,0,0,0,0,0,0
"CACCGGTAGAGACATT-1_V11L05-333_A1",0,0.245005773575725,0,0,0,0,0,0,0,0,0,0,0.549172196245665,0,0,0,0,0,0,0,0.20582203017861
"CACCGTATCCCATCCG-1_V11L05-333_A1",0.676513808140745,0.323486191859255,0,0,0,0,0,0,0,0,0,0,0,0,0,0,0,0,0,0,0
"CACCGTTAGGGATCAC-1_V11L05-333_A1",0.328220980867391,0.198494288024022,0,0,0,0,0,0,0,0,0,0,0,0.252871006638777,0,0,0,0,0,0,0.22041372446981
"CACCGTTGCGCGATAT-1_V11L05-333_A1",0.064203235686652,0.124797031043675,0,0,0,0,0,0,0,0,0,0,0,0,0,0,0,0,0,0.810999733269673,0
"CACCTAATAGAGTCGT-1_V11L05-333_A1",0.499886249796085,0.376896597392401,0.123217152811514,0,0,0,0,0,0,0,0,0,0,0,0,0,0,0,0,0,0
"CACCTAATCAGTTTAC-1_V11L05-333_A1",0.826081624288954,0.173918375711046,0,0,0,0,0,0,0,0,0,0,0,0,0,0,0,0,0,0,0
"CACCTCGATGGTGGAC-1_V11L05-333_A1",0.863313533377311,0.136686466622689,0,0,0,0,0,0,0,0,0,0,0,0,0,0,0,0,0,0,0
"CACCTCTACGAGTGTG-1_V11L05-333_A1",0.103478241048654,0.328088743864132,0,0,0,0,0,0,0,0,0,0,0,0,0.268017361540847,0,0,0,0,0,0.300415653546367
"CACCTTGCGAAACTCG-1_V11L05-333_A1",0.637499905886457,0.205338680591703,0,0,0,0,0,0,0,0,0,0,0,0,0,0.15716141352184,0,0,0,0,0
"CACCTTGGCGCCTTTG-1_V11L05-333_A1",0.564002019439773,0.169300139680917,0,0,0,0,0,0,0,0,0,0,0,0.26669784087931,0,0,0,0,0,0,0
"CACGAAAGTTAGTCCC-1_V11L05-333_A1",0.571455077623219,0.428544922376781,0,0,0,0,0,0,0,0,0,0,0,0,0,0,0,0,0,0,0
"CACGACCACAGACTTT-1_V11L05-333_A1",0,0.602383034821496,0,0,0,0,0,0,0,0,0,0,0,0,0.397616965178504,0,0,0,0,0,0
"CACGACGTAATAGTAA-1_V11L05-333_A1",0.0924323246599017,0.248229523503152,0.147826956491546,0,0,0,0,0,0.154383168425544,0,0,0,0,0,0,0.357128026919857,0,0,0,0,0
"CACGACTAAAGTTCTG-1_V11L05-333_A1",0.290686481412473,0.547926671054303,0.161386847533224,0,0,0,0,0,0,0,0,0,0,0,0,0,0,0,0,0,0
"CACGAGCAAACCAGAC-1_V11L05-333_A1",0.354220365912209,0.365826056484627,0.117369741978757,0,0,0,0,0,0,0,0,0,0,0,0,0,0,0,0,0,0.162583835624407
"CACGATTGGTCGTTAA-1_V11L05-333_A1",0.812881768229707,0.187118231770293,0,0,0,0,0,0,0,0,0,0,0,0,0,0,0,0,0,0,0
"CACGCACAGCGCAGCT-1_V11L05-333_A1",0.799815418560032,0.200184581439968,0,0,0,0,0,0,0,0,0,0,0,0,0,0,0,0,0,0,0
"CACGCAGCGAGGCTTT-1_V11L05-333_A1",0.740242086157461,0.259757913842539,0,0,0,0,0,0,0,0,0,0,0,0,0,0,0,0,0,0,0
"CACGCGGAACTGTTGC-1_V11L05-333_A1",0.696372456917367,0.303627543082633,0,0,0,0,0,0,0,0,0,0,0,0,0,0,0,0,0,0,0
"CACGGACGTGGATGGC-1_V11L05-333_A1",0.1763850935038,0.265467466745713,0.0996105252899411,0,0,0,0,0,0,0,0,0,0,0,0,0.440609271616444,0,0.0179276428441014,0,0,0
"CACGGCGCGCCAAAGG-1_V11L05-333_A1",0.450147940518938,0.376919863788454,0,0,0,0,0,0,0,0,0,0,0,0,0,0,0,0.172932195692608,0,0,0
"CACGGGATTGAGGGTT-1_V11L05-333_A1",0.305342963565869,0.244248331542801,0.142861156786185,0,0,0,0,0,0,0,0,0,0,0,0,0,0,0,0,0.307547548105144,0
"CACGTCAATCAATGGA-1_V11L05-333_A1",0.489154819353304,0.35758808866737,0.153257091979325,0,0,0,0,0,0,0,0,0,0,0,0,0,0,0,0,0,0
"CACGTCGGCAACCTCT-1_V11L05-333_A1",0.0804340401956668,0.198900942167129,0,0,0,0,0,0,0,0,0,0,0,0,0,0,0,0,0,0.720665017637204,0
"CACGTCGGGTTCTAGA-1_V11L05-333_A1",0.603964751556624,0.396035248443376,0,0,0,0,0,0,0,0,0,0,0,0,0,0,0,0,0,0,0
"CACGTCTATGATGTGG-1_V11L05-333_A1",0.487191980366649,0.312811884179289,0.199996135454062,0,0,0,0,0,0,0,0,0,0,0,0,0,0,0,0,0,0
"CACGTTCGTGCTCTAG-1_V11L05-333_A1",0.595900650396033,0.269955518436478,0.134143831167489,0,0,0,0,0,0,0,0,0,0,0,0,0,0,0,0,0,0
"CACGTTTCGTACACAC-1_V11L05-333_A1",0.817655141492962,0.182344858507038,0,0,0,0,0,0,0,0,0,0,0,0,0,0,0,0,0,0,0
"CACTAAAGTTGCCTAT-1_V11L05-333_A1",0.689480088459857,0.310519911540143,0,0,0,0,0,0,0,0,0,0,0,0,0,0,0,0,0,0,0
"CACTACGGGAGCTGCC-1_V11L05-333_A1",0.506873246573297,0.493126753426703,0,0,0,0,0,0,0,0,0,0,0,0,0,0,0,0,0,0,0
"CACTACTCAGTTCTGT-1_V11L05-333_A1",0.502782271220172,0.341846360407557,0,0,0,0,0,0,0,0,0,0,0,0,0,0,0,0,0,0.155371368372271,0
"CACTCAAGAGCTATGG-1_V11L05-333_A1",0.621142717521409,0.254625350252421,0.124231932226169,0,0,0,0,0,0,0,0,0,0,0,0,0,0,0,0,0,0
"CACTCAGCTCTTGAGG-1_V11L05-333_A1",0.385891470673501,0.327704484704771,0.286404044621728,0,0,0,0,0,0,0,0,0,0,0,0,0,0,0,0,0,0
"CACTCCTATGTAAGAT-1_V11L05-333_A1",0.0331653827676212,0.142186901341883,0,0,0,0,0,0,0,0,0,0,0,0,0,0,0,0,0,0.824647715890496,0
"CACTCCTCTCGGTCGG-1_V11L05-333_A1",0.079016439608209,0.0857113399538644,0,0,0,0,0,0,0,0,0,0,0,0,0,0.835272220437927,0,0,0,0,0
"CACTCGAGCTGAACAA-1_V11L05-333_A1",0.818693639639748,0.181306360360253,0,0,0,0,0,0,0,0,0,0,0,0,0,0,0,0,0,0,0
"CACTCGGTTAGGAGGA-1_V11L05-333_A1",0.259764692122164,0.242079478795353,0,0,0,0,0,0,0,0,0,0,0,0.229560880238382,0,0,0,0,0,0.268594948844101,0
"CACTCTCAAGCATCGA-1_V11L05-333_A1",0,0.253197501633349,0.0790841207463541,0,0,0,0,0,0,0,0,0,0.667718377620297,0,0,0,0,0,0,0,0
"CACTCTTCTGCTAGCC-1_V11L05-333_A1",0.682215645102416,0.317784354897584,0,0,0,0,0,0,0,0,0,0,0,0,0,0,0,0,0,0,0
"CACTGACGATTGTGGA-1_V11L05-333_A1",0.106699153352408,0.282625344002427,0.11213166731054,0,0,0,0,0,0,0,0.145803504701445,0,0,0,0,0,0,0,0,0,0.352740330633181
"CACTGTCCAAGTGAGA-1_V11L05-333_A1",0.803866075666683,0.196133924333317,0,0,0,0,0,0,0,0,0,0,0,0,0,0,0,0,0,0,0
"CACTTAATCAGACGGA-1_V11L05-333_A1",0.591529485182111,0.235632318986901,0.172838195830988,0,0,0,0,0,0,0,0,0,0,0,0,0,0,0,0,0,0
"CACTTCGCCACAGGCT-1_V11L05-333_A1",0.632196738923584,0.367803261076416,0,0,0,0,0,0,0,0,0,0,0,0,0,0,0,0,0,0,0
"CACTTCGTCTTATCTC-1_V11L05-333_A1",0.670773545833275,0.329226454166725,0,0,0,0,0,0,0,0,0,0,0,0,0,0,0,0,0,0,0
"CAGAACTTAGCCCTCT-1_V11L05-333_A1",0.644442612576394,0.355557387423606,0,0,0,0,0,0,0,0,0,0,0,0,0,0,0,0,0,0,0
"CAGAATAACACACGGA-1_V11L05-333_A1",0.655062604417443,0.211267980985354,0,0,0,0,0,0,0,0,0,0,0,0,0,0.133669414597203,0,0,0,0,0
"CAGAATATTCGTTATC-1_V11L05-333_A1",0.397054943594877,0.602945056405123,0,0,0,0,0,0,0,0,0,0,0,0,0,0,0,0,0,0,0
"CAGACACCGATCGCTG-1_V11L05-333_A1",0.343794153908512,0.395881040605586,0,0,0,0,0,0,0,0,0,0,0,0,0,0,0.113981005820675,0,0,0,0.146343799665227
"CAGACCTGTAAGTGTT-1_V11L05-333_A1",0.339684611420949,0.260049263352872,0.153125160255097,0,0,0,0,0,0,0,0,0,0,0,0,0.247140964971082,0,0,0,0,0
"CAGACGAACCTGATAC-1_V11L05-333_A1",0.187831742155251,0.467216711926502,0.111827550438012,0,0,0,0,0,0,0,0,0,0,0,0,0,0,0,0,0,0.233123995480235
"CAGAGACGGTCACCCA-1_V11L05-333_A1",0,0,0,0,0,0,0,0,0,0,0,0,0,0,0,0,0,0,0,0,0
"CAGAGCATGAGCTTGC-1_V11L05-333_A1",0.679435843393761,0.320564156606239,0,0,0,0,0,0,0,0,0,0,0,0,0,0,0,0,0,0,0
"CAGAGCGATGGATGCT-1_V11L05-333_A1",0.721552730746412,0.278447269253588,0,0,0,0,0,0,0,0,0,0,0,0,0,0,0,0,0,0,0
"CAGAGGCGATGCATGA-1_V11L05-333_A1",0.0489157167372394,0.146624422699956,0,0,0,0,0,0,0,0,0,0,0,0,0,0,0,0,0,0.804459860562805,0
"CAGAGTGATTTAACGT-1_V11L05-333_A1",0.642462548321276,0.357537451678724,0,0,0,0,0,0,0,0,0,0,0,0,0,0,0,0,0,0,0
"CAGATAATGGGCGGGT-1_V11L05-333_A1",0.496768872356214,0.503231127643786,0,0,0,0,0,0,0,0,0,0,0,0,0,0,0,0,0,0,0
"CAGATACTAACATAGT-1_V11L05-333_A1",0.751445390095469,0.248554609904531,0,0,0,0,0,0,0,0,0,0,0,0,0,0,0,0,0,0,0
"CAGATATGAAGATGAC-1_V11L05-333_A1",0,0.224301960508148,0,0,0,0,0,0,0,0,0,0,0.775698039491852,0,0,0,0,0,0,0,0
"CAGATCATTTAAAGTC-1_V11L05-333_A1",0.729522827841526,0.270477172158474,0,0,0,0,0,0,0,0,0,0,0,0,0,0,0,0,0,0,0
"CAGATCCTGGTTTGAA-1_V11L05-333_A1",0.113650202132059,0.252739764733594,0,0,0,0,0,0,0,0,0,0,0,0,0,0,0,0,0,0.441086089719628,0.192523943414719
"CAGCAGCCCGTTCCTT-1_V11L05-333_A1",0.78376029870312,0.21623970129688,0,0,0,0,0,0,0,0,0,0,0,0,0,0,0,0,0,0,0
"CAGCAGTCCAGACTAT-1_V11L05-333_A1",0.738349591174219,0.261650408825781,0,0,0,0,0,0,0,0,0,0,0,0,0,0,0,0,0,0,0
"CAGCAGTCTGTGCTGC-1_V11L05-333_A1",0.388388826285302,0.397464188399696,0,0,0,0,0,0,0,0,0,0,0,0,0,0,0,0,0,0,0.214146985315001
"CAGCCCTCACAGGCAG-1_V11L05-333_A1",0.508704605894823,0.491295394105177,0,0,0,0,0,0,0,0,0,0,0,0,0,0,0,0,0,0,0
"CAGCCGGGCCCTCTAT-1_V11L05-333_A1",0.0818048524214094,0.120056281794977,0.142797304549146,0,0,0,0,0,0,0,0,0,0,0,0,0.655341561234468,0,0,0,0,0
"CAGCCTCCTGCAGAGG-1_V11L05-333_A1",0.698584819298505,0.301415180701495,0,0,0,0,0,0,0,0,0,0,0,0,0,0,0,0,0,0,0
"CAGCCTCGATAGCGGT-1_V11L05-333_A1",0.452056023765612,0.289551321345313,0.258392654889075,0,0,0,0,0,0,0,0,0,0,0,0,0,0,0,0,0,0
"CAGCCTCTCCTCAAGA-1_V11L05-333_A1",0.408758238962575,0.239620236758712,0.147706429839421,0,0,0,0,0,0,0,0,0,0,0,0,0.203915094439293,0,0,0,0,0
"CAGCGATTCCCTTCAA-1_V11L05-333_A1",0.105599054980164,0.317727360905057,0,0,0,0,0,0,0,0,0,0,0,0.351624072608106,0,0,0,0,0,0,0.225049511506673
"CAGCGCCAACACGATA-1_V11L05-333_A1",0.469755694227817,0.318471785182671,0,0,0,0.211772520589512,0,0,0,0,0,0,0,0,0,0,0,0,0,0,0
"CAGCTCACTGAGACAT-1_V11L05-333_A1",0.744965322939284,0.255034677060716,0,0,0,0,0,0,0,0,0,0,0,0,0,0,0,0,0,0,0
"CAGCTCGACAAGTTAA-1_V11L05-333_A1",0.321880776474542,0.170868365410929,0,0,0,0,0,0,0,0,0,0,0,0,0,0.507250858114528,0,0,0,0,0
"CAGCTCGTGCTTGTGT-1_V11L05-333_A1",0.635945844841227,0.364054155158773,0,0,0,0,0,0,0,0,0,0,0,0,0,0,0,0,0,0,0
"CAGCTCTGGGCTCACT-1_V11L05-333_A1",0.0681917647302726,0.358358316239881,0.0815756347742533,0,0,0,0,0,0.293705019157229,0,0,0,0,0,0,0,0,0,0,0,0.198169265098364
"CAGCTGGCGTAACCGT-1_V11L05-333_A1",0.110891387936434,0.227143966277345,0,0,0,0,0,0,0,0,0.260680983121785,0,0,0,0,0,0,0,0,0.208756289591873,0.192527373072563
"CAGCTTAGTAGGTAGC-1_V11L05-333_A1",0.730144461027193,0.269855538972807,0,0,0,0,0,0,0,0,0,0,0,0,0,0,0,0,0,0,0
"CAGGAAGACTTTATAT-1_V11L05-333_A1",0.179031605032484,0.139313478252597,0,0,0,0,0,0,0,0,0,0,0,0,0,0.681654916714919,0,0,0,0,0
"CAGGACAGCTGCCCTT-1_V11L05-333_A1",0.560824130697482,0.215984985573871,0,0,0,0,0,0,0,0,0,0,0,0,0,0.223190883728647,0,0,0,0,0
"CAGGATATATCGTTGT-1_V11L05-333_A1",0.746223154398905,0.253776845601095,0,0,0,0,0,0,0,0,0,0,0,0,0,0,0,0,0,0,0
"CAGGATCCGCCCGACC-1_V11L05-333_A1",0.410398885183187,0.589601114816814,0,0,0,0,0,0,0,0,0,0,0,0,0,0,0,0,0,0,0
"CAGGCAGTCTTACCAG-1_V11L05-333_A1",0.780456501292157,0.219543498707843,0,0,0,0,0,0,0,0,0,0,0,0,0,0,0,0,0,0,0
"CAGGCCAGTACCACCT-1_V11L05-333_A1",0,0.484685406145551,0.197798390492316,0,0,0,0,0,0,0,0,0,0,0,0.317516203362133,0,0,0,0,0,0
"CAGGCCGTTTGGGTGT-1_V11L05-333_A1",0.524298685084411,0.231624994109995,0.244076320805593,0,0,0,0,0,0,0,0,0,0,0,0,0,0,0,0,0,0
"CAGGCGCACGGTGGTC-1_V11L05-333_A1",0.0734026279464215,0.135956443376075,0,0,0,0,0,0,0,0,0,0,0,0.164411472538123,0,0,0,0,0.475978534015171,0,0.150250922124209
"CAGGCGCCATGCTAGG-1_V11L05-333_A1",0.659523337119656,0.340476662880344,0,0,0,0,0,0,0,0,0,0,0,0,0,0,0,0,0,0,0
"CAGGGAGATAGGCCAG-1_V11L05-333_A1",0.120497679501069,0.39669812912065,0.273572629119178,0,0,0,0,0,0,0,0,0,0,0,0,0,0,0,0,0,0.209231562259103
"CAGGGCTAACGAAACC-1_V11L05-333_A1",0.563440131609208,0.312659452410303,0.123900415980489,0,0,0,0,0,0,0,0,0,0,0,0,0,0,0,0,0,0
"CAGGTTTAGTACTACA-1_V11L05-333_A1",0.101937859074592,0.24375719683803,0,0,0,0,0,0,0,0,0,0,0,0.654304944087378,0,0,0,0,0,0,0
"CAGTAACTATTTATTG-1_V11L05-333_A1",0.555496970953848,0.308231192103441,0,0,0,0,0,0,0,0,0,0,0,0,0,0,0.136271836942711,0,0,0,0
"CAGTAAGGGACGTCTC-1_V11L05-333_A1",0.151928465802079,0.242936392080121,0.103273929785795,0,0,0,0,0,0.0495906658134458,0,0,0,0.452270546518559,0,0,0,0,0,0,0,0
"CAGTAATCCCTCCCAG-1_V11L05-333_A1",0.775476064349616,0.224523935650384,0,0,0,0,0,0,0,0,0,0,0,0,0,0,0,0,0,0,0
"CAGTACATTCTCTAAA-1_V11L05-333_A1",0.392590722081264,0.40649917386728,0,0,0,0,0,0,0,0,0,0,0,0,0,0,0.200910104051456,0,0,0,0
"CAGTACCAGTTTACGT-1_V11L05-333_A1",0.0594091548442308,0.218598447292298,0,0,0,0,0,0,0,0,0,0,0,0,0,0,0,0,0,0.721992397863472,0
"CAGTAGATGATGTCCG-1_V11L05-333_A1",0.342216198324663,0.264025471772684,0,0,0,0,0,0,0,0,0,0,0,0,0,0.393758329902653,0,0,0,0,0
"CAGTAGCCCACGCGGT-1_V11L05-333_A1",0.797230853147201,0.202769146852799,0,0,0,0,0,0,0,0,0,0,0,0,0,0,0,0,0,0,0
"CAGTAGCGAGGTAGTA-1_V11L05-333_A1",0.559157907539336,0.440842092460664,0,0,0,0,0,0,0,0,0,0,0,0,0,0,0,0,0,0,0
"CAGTCCAACGCCTTCT-1_V11L05-333_A1",0,0.308357894141515,0,0,0,0,0,0,0,0,0,0,0,0.189832166026068,0,0.501809939832418,0,0,0,0,0
"CAGTCGAGGATGCAAT-1_V11L05-333_A1",0.578544337102224,0.249762269401187,0.171693393496589,0,0,0,0,0,0,0,0,0,0,0,0,0,0,0,0,0,0
"CAGTCGGCCTAGATAT-1_V11L05-333_A1",0.17344942521541,0.219702703404616,0,0,0,0,0,0,0,0,0,0,0,0,0,0,0,0,0,0.606847871379973,0
"CAGTCTCTCGGCTAAT-1_V11L05-333_A1",0.626473950075134,0.373526049924866,0,0,0,0,0,0,0,0,0,0,0,0,0,0,0,0,0,0,0
"CAGTCTGTATACTGGG-1_V11L05-333_A1",0.737266164292393,0.262733835707608,0,0,0,0,0,0,0,0,0,0,0,0,0,0,0,0,0,0,0
"CAGTGAATAAATGACT-1_V11L05-333_A1",0.500737182513542,0.292324079430958,0.2069387380555,0,0,0,0,0,0,0,0,0,0,0,0,0,0,0,0,0,0
"CAGTGGTTGCACATGA-1_V11L05-333_A1",0.484087628332483,0.515912371667517,0,0,0,0,0,0,0,0,0,0,0,0,0,0,0,0,0,0,0
"CAGTGTCCGCAGAATG-1_V11L05-333_A1",0.772806692831913,0.227193307168088,0,0,0,0,0,0,0,0,0,0,0,0,0,0,0,0,0,0,0
"CAGTGTCGGCTGGCCC-1_V11L05-333_A1",0.835277244576274,0.164722755423726,0,0,0,0,0,0,0,0,0,0,0,0,0,0,0,0,0,0,0
"CAGTGTTAATCTCTCA-1_V11L05-333_A1",0,0.481835394992856,0,0,0.518164605007144,0,0,0,0,0,0,0,0,0,0,0,0,0,0,0,0
"CAGTTCAAATTGACAC-1_V11L05-333_A1",0.805866504354083,0.194133495645917,0,0,0,0,0,0,0,0,0,0,0,0,0,0,0,0,0,0,0
"CAGTTCCGCGGGTCGA-1_V11L05-333_A1",0.411573551537562,0.588426448462438,0,0,0,0,0,0,0,0,0,0,0,0,0,0,0,0,0,0,0
"CAGTTCGAGGACCCGA-1_V11L05-333_A1",0,0.265277310319387,0,0,0,0,0,0,0,0,0,0,0,0.472807249289707,0,0,0,0,0,0,0.261915440390905
"CATAACGGACAGTCGT-1_V11L05-333_A1",0.726879709019531,0.273120290980469,0,0,0,0,0,0,0,0,0,0,0,0,0,0,0,0,0,0,0
"CATAAGAAGCTTGGCT-1_V11L05-333_A1",0.520872057477038,0.479127942522962,0,0,0,0,0,0,0,0,0,0,0,0,0,0,0,0,0,0,0
"CATAAGCTCTCCGTCT-1_V11L05-333_A1",0.0988934101537597,0.101378731178208,0,0,0,0,0,0,0,0,0,0,0,0,0,0,0,0,0,0.799727858668032,0
"CATAATGAGCGGGCGA-1_V11L05-333_A1",0.747472666318992,0.252527333681008,0,0,0,0,0,0,0,0,0,0,0,0,0,0,0,0,0,0,0
"CATACAAAGCCGAACC-1_V11L05-333_A1",0.746652741365703,0.253347258634297,0,0,0,0,0,0,0,0,0,0,0,0,0,0,0,0,0,0,0
"CATACACAAAGTCAGC-1_V11L05-333_A1",0,0.39518970519524,0,0,0,0,0,0,0,0,0,0,0,0,0,0,0,0,0,0.322520406053075,0.282289888751685
"CATACACGGTTCCCAC-1_V11L05-333_A1",0.0708003055646587,0.184104343017868,0.306410656865563,0,0,0,0,0,0,0,0,0,0,0.24534893997923,0,0,0,0,0,0,0.19333575457268
"CATACCCGTACCCAGT-1_V11L05-333_A1",0.361010034145949,0.206122959372314,0.120800250126153,0,0,0,0,0,0,0,0,0,0,0.312066756355584,0,0,0,0,0,0,0
"CATACGAACTAGCTGG-1_V11L05-333_A1",0.0727487735888628,0.202717290268224,0,0,0,0,0,0,0,0,0,0,0.534268015952231,0,0,0,0,0,0,0,0.190265920190682
"CATACGGCGTCTGGGC-1_V11L05-333_A1",0.820467283174076,0.179532716825924,0,0,0,0,0,0,0,0,0,0,0,0,0,0,0,0,0,0,0
"CATACGGGTGCATGAT-1_V11L05-333_A1",0.328358138151404,0.343379616317629,0.328262245530968,0,0,0,0,0,0,0,0,0,0,0,0,0,0,0,0,0,0
"CATACTATGTAATTGT-1_V11L05-333_A1",0.715504185079435,0.284495814920565,0,0,0,0,0,0,0,0,0,0,0,0,0,0,0,0,0,0,0
"CATACTTAGGCAATAC-1_V11L05-333_A1",0.777187254773328,0.222812745226672,0,0,0,0,0,0,0,0,0,0,0,0,0,0,0,0,0,0,0
"CATACTTCTTTCTCCG-1_V11L05-333_A1",0.0607580935861682,0.336409923961637,0.101636876228178,0,0,0,0,0,0,0,0,0,0,0,0,0,0,0,0,0.314559292053599,0.186635814170418
"CATAGAGGAGATACTA-1_V11L05-333_A1",0.615827518207045,0.384172481792955,0,0,0,0,0,0,0,0,0,0,0,0,0,0,0,0,0,0,0
"CATAGCCGCCCGGGAT-1_V11L05-333_A1",0.486337742422881,0.513662257577119,0,0,0,0,0,0,0,0,0,0,0,0,0,0,0,0,0,0,0
"CATAGCGTTGCCCACC-1_V11L05-333_A1",0.0701764804052152,0.226684986359889,0.116707875912147,0,0,0,0,0,0,0,0,0,0,0,0,0,0,0,0,0.586430657322749,0
"CATAGGGACACTTGTG-1_V11L05-333_A1",0.203078287660327,0.521307492929071,0.275614219410603,0,0,0,0,0,0,0,0,0,0,0,0,0,0,0,0,0,0
"CATAGTACATTGAGAG-1_V11L05-333_A1",0.303616247759456,0.160189069777612,0,0,0,0,0,0,0,0,0,0,0,0,0,0.536194682462933,0,0,0,0,0
"CATAGTAGCATAGTAG-1_V11L05-333_A1",0.7747236213215,0.2252763786785,0,0,0,0,0,0,0,0,0,0,0,0,0,0,0,0,0,0,0
"CATAGTCAAATACATA-1_V11L05-333_A1",0.670871097365351,0.229116736350094,0.100012166284555,0,0,0,0,0,0,0,0,0,0,0,0,0,0,0,0,0,0
"CATAGTCCACAAGAAC-1_V11L05-333_A1",0.109468914330512,0.242112651174655,0,0,0,0,0,0,0,0,0,0,0,0,0,0,0,0,0,0.648418434494832,0
"CATAGTGGGCACGCCT-1_V11L05-333_A1",0.792347680180304,0.207652319819696,0,0,0,0,0,0,0,0,0,0,0,0,0,0,0,0,0,0,0
"CATATACTACTGATAA-1_V11L05-333_A1",0.512123235440495,0.265144935980233,0.222731828579272,0,0,0,0,0,0,0,0,0,0,0,0,0,0,0,0,0,0
"CATATAGGTACAGTCA-1_V11L05-333_A1",0.549089997945037,0.244400562700987,0.206509439353976,0,0,0,0,0,0,0,0,0,0,0,0,0,0,0,0,0,0
"CATATGTCAGGCTACG-1_V11L05-333_A1",0.0561754299640542,0.124583130710727,0,0,0,0,0,0,0,0,0,0,0,0,0,0,0,0,0.267214995488896,0.411583821513656,0.140442622322667
"CATATTATTTGCCCTA-1_V11L05-333_A1",0.405017701723071,0.401036262492094,0,0,0,0,0,0,0,0,0,0,0,0,0,0.193946035784834,0,0,0,0,0
"CATCAAACTGGCGCCC-1_V11L05-333_A1",0.174447866288017,0.333812168344634,0.276448447308466,0,0,0,0,0,0,0,0,0,0,0,0,0.215291518058883,0,0,0,0,0
"CATCAACACCTACTAA-1_V11L05-333_A1",0.584929895428399,0.415070104571601,0,0,0,0,0,0,0,0,0,0,0,0,0,0,0,0,0,0,0
"CATCATCTACCCGGAC-1_V11L05-333_A1",0,0,0,0,0,0,0,0,0,0,0,0,0,0,0,0,0,0,0,0,0
"CATCATTACCCTGAGG-1_V11L05-333_A1",0.817450686938001,0.182549313061999,0,0,0,0,0,0,0,0,0,0,0,0,0,0,0,0,0,0,0
"CATCCAATATAGTTTG-1_V11L05-333_A1",0,0.214306367788647,0,0,0.37333621722166,0,0,0,0,0,0,0,0,0,0.412357414989693,0,0,0,0,0,0
"CATCCCGAGATTCATA-1_V11L05-333_A1",0.835661547586699,0.164338452413301,0,0,0,0,0,0,0,0,0,0,0,0,0,0,0,0,0,0,0
"CATCCGCAGGCCCGAA-1_V11L05-333_A1",0.727572164843559,0.272427835156441,0,0,0,0,0,0,0,0,0,0,0,0,0,0,0,0,0,0,0
"CATCCTCTCAAAGATC-1_V11L05-333_A1",0.858530395194666,0.141469604805334,0,0,0,0,0,0,0,0,0,0,0,0,0,0,0,0,0,0,0
"CATCGAATGGATCTCT-1_V11L05-333_A1",0.602762487513524,0.397237512486476,0,0,0,0,0,0,0,0,0,0,0,0,0,0,0,0,0,0,0
"CATCGCCCGCGGCCAA-1_V11L05-333_A1",0.428683643414418,0.216141968358186,0.355174388227396,0,0,0,0,0,0,0,0,0,0,0,0,0,0,0,0,0,0
"CATCGGACGGGTTAAT-1_V11L05-333_A1",0.680368948453021,0.319631051546979,0,0,0,0,0,0,0,0,0,0,0,0,0,0,0,0,0,0,0
"CATCGTCCGGTTACTA-1_V11L05-333_A1",0.679574034171986,0.320425965828014,0,0,0,0,0,0,0,0,0,0,0,0,0,0,0,0,0,0,0
"CATCTACCCGAGAACG-1_V11L05-333_A1",0,0.451767656792074,0,0,0,0,0,0,0,0,0,0,0,0,0,0.548232343207926,0,0,0,0,0
"CATCTAGTGAAGGGAA-1_V11L05-333_A1",0.432040712143439,0.413259610368233,0.154699677488328,0,0,0,0,0,0,0,0,0,0,0,0,0,0,0,0,0,0
"CATCTATCCCGTGTCT-1_V11L05-333_A1",0.194472281939561,0.114847669052543,0,0,0,0,0,0,0,0,0,0,0,0,0,0.690680049007897,0,0,0,0,0
"CATCTGCAGGATCATT-1_V11L05-333_A1",0.773455601325081,0.226544398674919,0,0,0,0,0,0,0,0,0,0,0,0,0,0,0,0,0,0,0
"CATCTTACACCACCTC-1_V11L05-333_A1",0.452296480389787,0.547703519610213,0,0,0,0,0,0,0,0,0,0,0,0,0,0,0,0,0,0,0
"CATGAACCGACATTTG-1_V11L05-333_A1",0.693559208169348,0.203105013345977,0.103335778484674,0,0,0,0,0,0,0,0,0,0,0,0,0,0,0,0,0,0
"CATGAACCTCTTATCA-1_V11L05-333_A1",0.129789419025063,0.0975655283673577,0.0802625677516972,0,0,0,0,0,0,0,0,0,0,0,0,0.692382484855882,0,0,0,0,0
"CATGACTTCGCTGAAT-1_V11L05-333_A1",0.417974227395396,0.2641411354784,0.317884637126204,0,0,0,0,0,0,0,0,0,0,0,0,0,0,0,0,0,0
"CATGAGATGCACTCTC-1_V11L05-333_A1",0.623832127313539,0.230830310230046,0,0,0,0,0,0,0,0,0,0,0,0,0,0,0,0.145337562456415,0,0,0
"CATGAGTCCATCACGG-1_V11L05-333_A1",0.152412765450083,0.363841455465147,0,0,0,0,0,0,0,0,0,0,0,0,0,0,0,0,0,0,0.48374577908477
"CATGATACGGTGAAAC-1_V11L05-333_A1",0.104475546730895,0.181696520560135,0,0,0,0,0,0,0.464871986928348,0,0,0,0,0.248955945780622,0,0,0,0,0,0,0
"CATGATCGCTTTGAGA-1_V11L05-333_A1",0.700187698304159,0.299812301695841,0,0,0,0,0,0,0,0,0,0,0,0,0,0,0,0,0,0,0
"CATGATGCACAATTCT-1_V11L05-333_A1",0.401751818942474,0.436839933266664,0.161408247790862,0,0,0,0,0,0,0,0,0,0,0,0,0,0,0,0,0,0
"CATGATGGAAGTTAGC-1_V11L05-333_A1",0.318433144909705,0.427497052641631,0,0,0,0,0,0,0,0,0,0,0,0,0,0.254069802448664,0,0,0,0,0
"CATGCACATGAGAGGC-1_V11L05-333_A1",0,0.414358693950197,0.210015149430814,0,0,0,0,0,0,0,0,0,0,0.375626156618989,0,0,0,0,0,0,0
"CATGCACGTGTTACTG-1_V11L05-333_A1",0.167818550537408,0.2230178044484,0.0995134737167832,0,0,0,0,0,0,0,0,0,0,0.167893284090804,0,0.341756887206605,0,0,0,0,0
"CATGCATGGAGACCCT-1_V11L05-333_A1",0.280241612803953,0.285657454196306,0,0,0,0,0,0,0,0.178751636633678,0,0,0,0,0,0,0,0,0,0.255349296366063,0
"CATGCCAACTCGCAAA-1_V11L05-333_A1",0.300129378209267,0.458440909502842,0,0,0,0,0,0,0,0,0,0,0,0,0,0,0,0,0,0,0.241429712287891
"CATGCGACCAGTTTAA-1_V11L05-333_A1",0.41616737717092,0.58383262282908,0,0,0,0,0,0,0,0,0,0,0,0,0,0,0,0,0,0,0
"CATGCGTTAGACAGAA-1_V11L05-333_A1",0.268430952807822,0.731569047192178,0,0,0,0,0,0,0,0,0,0,0,0,0,0,0,0,0,0,0
"CATGCGTTGAGAGGAG-1_V11L05-333_A1",0,0.113638893332946,0.0535876435665984,0.381869208254593,0,0,0,0,0,0,0,0,0,0.279159132628339,0,0,0,0,0,0,0.171745122217524
"CATGCTGGCTCCAATT-1_V11L05-333_A1",0.711913086095803,0.288086913904197,0,0,0,0,0,0,0,0,0,0,0,0,0,0,0,0,0,0,0
"CATGGAAATGGGACCA-1_V11L05-333_A1",0.147164069451071,0.365408239155606,0.152158023310685,0,0,0,0,0,0,0,0,0,0,0,0,0.335269668082638,0,0,0,0,0
"CATGGATTGTCTTCCG-1_V11L05-333_A1",0.78528744492547,0.21471255507453,0,0,0,0,0,0,0,0,0,0,0,0,0,0,0,0,0,0,0
"CATGGCAGGAAGATCG-1_V11L05-333_A1",0.555121365172344,0.269649542244244,0.175229092583411,0,0,0,0,0,0,0,0,0,0,0,0,0,0,0,0,0,0
"CATGGCTCCCTATGTC-1_V11L05-333_A1",0.596633548305554,0.253336152043732,0,0,0,0,0,0,0,0,0,0,0,0,0.150030299650713,0,0,0,0,0,0
"CATGGGTATGCCTTAT-1_V11L05-333_A1",0.555261239216061,0.309033791672537,0.135704969111402,0,0,0,0,0,0,0,0,0,0,0,0,0,0,0,0,0,0
"CATGGGTCGGGTGTGG-1_V11L05-333_A1",0.586713536459552,0.263128806167598,0.15015765737285,0,0,0,0,0,0,0,0,0,0,0,0,0,0,0,0,0,0
"CATGGTAAGTAGCGTT-1_V11L05-333_A1",0.818587109761891,0.181412890238109,0,0,0,0,0,0,0,0,0,0,0,0,0,0,0,0,0,0,0
"CATGGTATTAGTTTGT-1_V11L05-333_A1",0.0680188610028548,0.301951509268885,0,0,0,0,0,0,0,0,0,0,0,0.350960431700823,0,0,0,0,0,0,0.279069198027437
"CATGGTCTAGATACCG-1_V11L05-333_A1",0.75612407136774,0.24387592863226,0,0,0,0,0,0,0,0,0,0,0,0,0,0,0,0,0,0,0
"CATGGTTTATTAATCA-1_V11L05-333_A1",0.674284267596864,0.325715732403136,0,0,0,0,0,0,0,0,0,0,0,0,0,0,0,0,0,0,0
"CATGTAAGAGACATTT-1_V11L05-333_A1",0.7493990318081,0.147664146629247,0.102936821562654,0,0,0,0,0,0,0,0,0,0,0,0,0,0,0,0,0,0
"CATGTAGGAGCGCCAA-1_V11L05-333_A1",0.36072531503059,0.63927468496941,0,0,0,0,0,0,0,0,0,0,0,0,0,0,0,0,0,0,0
"CATGTCTCATTTATGG-1_V11L05-333_A1",0.512920470610349,0.487079529389651,0,0,0,0,0,0,0,0,0,0,0,0,0,0,0,0,0,0,0
"CATGTGGGCTCATCAC-1_V11L05-333_A1",0.11994952625953,0.316112962255321,0.113267671678101,0,0,0,0,0,0,0,0,0,0,0,0,0,0,0,0,0.233273691962824,0.217396147844223
"CATTACATAGATTGTG-1_V11L05-333_A1",0.258034588923471,0.152187143197409,0.0752669432835291,0,0,0,0,0,0,0,0,0,0,0,0,0.514511324595591,0,0,0,0,0
"CATTACGTCGGCCCGT-1_V11L05-333_A1",0.781674454876306,0.218325545123694,0,0,0,0,0,0,0,0,0,0,0,0,0,0,0,0,0,0,0
"CATTATAACAGGGTCC-1_V11L05-333_A1",0.369544165990385,0.363238600393111,0.267217233616504,0,0,0,0,0,0,0,0,0,0,0,0,0,0,0,0,0,0
"CATTATCCCATTAACG-1_V11L05-333_A1",0,0.109537076024297,0,0.456653804946787,0,0,0,0,0,0,0,0,0.433809119028916,0,0,0,0,0,0,0,0
"CATTATGCTTGTTGTG-1_V11L05-333_A1",0.867254337349368,0.132745662650632,0,0,0,0,0,0,0,0,0,0,0,0,0,0,0,0,0,0,0
"CATTCACTGACAGCTA-1_V11L05-333_A1",0.361053760209277,0.393608125226985,0.245338114563738,0,0,0,0,0,0,0,0,0,0,0,0,0,0,0,0,0,0
"CATTCAGGTCAGTGCG-1_V11L05-333_A1",0.581175584711424,0.268864262117812,0.149960153170764,0,0,0,0,0,0,0,0,0,0,0,0,0,0,0,0,0,0
"CATTCCCATTCCGTCG-1_V11L05-333_A1",0.630855256684714,0.162770891261175,0,0,0,0,0,0,0,0,0,0,0,0.206373852054112,0,0,0,0,0,0,0
"CATTCCCTAAGTACAA-1_V11L05-333_A1",0.636691939270866,0.216851847707506,0.146456213021628,0,0,0,0,0,0,0,0,0,0,0,0,0,0,0,0,0,0
"CATTCGTCGTAGCGGT-1_V11L05-333_A1",0.687826143055059,0.312173856944941,0,0,0,0,0,0,0,0,0,0,0,0,0,0,0,0,0,0,0
"CATTGATGAACACGCC-1_V11L05-333_A1",0.277158248120392,0.230811023151978,0.142563746469027,0,0,0,0,0,0,0,0,0,0,0.239901331983282,0,0,0,0.109565650275323,0,0,0
"CATTGCAAAGCATAAT-1_V11L05-333_A1",0.67068798913132,0.32931201086868,0,0,0,0,0,0,0,0,0,0,0,0,0,0,0,0,0,0,0
"CATTGCGAAATGGGCG-1_V11L05-333_A1",0.33783569226091,0.44534979150283,0,0,0,0,0,0,0,0,0,0,0,0.21681451623626,0,0,0,0,0,0,0
"CATTGCGGGTCAATTC-1_V11L05-333_A1",0.436609016157386,0.390089438268758,0.173301545573856,0,0,0,0,0,0,0,0,0,0,0,0,0,0,0,0,0,0
"CATTGTGTGCTAGATC-1_V11L05-333_A1",0.677267688545324,0.322732311454676,0,0,0,0,0,0,0,0,0,0,0,0,0,0,0,0,0,0,0
"CATTTAGCGGACCATG-1_V11L05-333_A1",0.579883452208455,0.290665703229143,0,0,0,0,0,0,0,0,0,0,0,0,0,0,0,0,0,0.129450844562402,0
"CATTTATCGTTCAAGA-1_V11L05-333_A1",0.116352167229443,0.106599852523944,0,0,0,0,0,0,0,0,0,0,0,0,0,0.777047980246612,0,0,0,0,0
"CATTTCTAGCAGACTA-1_V11L05-333_A1",0.691577213359045,0.308422786640955,0,0,0,0,0,0,0,0,0,0,0,0,0,0,0,0,0,0,0
"CATTTGAGTGGTACGT-1_V11L05-333_A1",0.141611472969552,0.408707317465644,0.118195075260218,0,0,0,0,0,0,0,0,0,0,0,0,0,0,0,0,0,0.331486134304587
"CCAAACAGAACCCTCG-1_V11L05-333_A1",0.482692671267334,0.331934482414725,0.185372846317941,0,0,0,0,0,0,0,0,0,0,0,0,0,0,0,0,0,0
"CCAAAGCAGTTGGTTG-1_V11L05-333_A1",0.598357363423373,0.230950282391612,0.170692354185015,0,0,0,0,0,0,0,0,0,0,0,0,0,0,0,0,0,0
"CCAAAGTCCCGCTAAC-1_V11L05-333_A1",0.553681119533972,0.446318880466028,0,0,0,0,0,0,0,0,0,0,0,0,0,0,0,0,0,0,0
"CCAAATAACAAGATTC-1_V11L05-333_A1",0.390589088547597,0.379729195835988,0.229681715616415,0,0,0,0,0,0,0,0,0,0,0,0,0,0,0,0,0,0
"CCAAATCAAAGGGCAA-1_V11L05-333_A1",0.247145661865009,0.33449659196442,0.102754921633377,0,0.315602824537194,0,0,0,0,0,0,0,0,0,0,0,0,0,0,0,0
"CCAACCTTATGTAACT-1_V11L05-333_A1",0.0854982692301736,0.162122081397162,0,0.329638552071763,0,0,0,0,0,0,0,0,0,0.235983783680639,0,0,0,0,0,0,0.186757313620262
"CCAACGATGCACTGAT-1_V11L05-333_A1",0.660365082595325,0.339634917404675,0,0,0,0,0,0,0,0,0,0,0,0,0,0,0,0,0,0,0
"CCAACGCTTGCCAGGG-1_V11L05-333_A1",0.346731920598402,0.211249432325247,0,0,0,0,0,0,0,0,0,0,0,0,0,0.442018647076351,0,0,0,0,0
"CCAACTTGATAGATCC-1_V11L05-333_A1",0.185119271716993,0.26981251414499,0.128745034669309,0,0,0,0,0,0,0,0,0,0,0,0,0.416323179468709,0,0,0,0,0
"CCAAGAAAGTGGGCGA-1_V11L05-333_A1",0.238511947011858,0.400925239064128,0.117701906799518,0,0,0,0,0,0,0,0,0,0,0,0,0,0,0,0,0,0.242860907124495
"CCAAGACTTCTGCGAA-1_V11L05-333_A1",0.776175974881069,0.22382402511893,0,0,0,0,0,0,0,0,0,0,0,0,0,0,0,0,0,0,0
"CCAAGCGTAACTCGTA-1_V11L05-333_A1",0.824441312126986,0.175558687873014,0,0,0,0,0,0,0,0,0,0,0,0,0,0,0,0,0,0,0
"CCAAGCTTGATCTCCT-1_V11L05-333_A1",0.736622660013253,0.263377339986747,0,0,0,0,0,0,0,0,0,0,0,0,0,0,0,0,0,0,0
"CCAAGGAACAGAGAGG-1_V11L05-333_A1",0.633072401022268,0.366927598977732,0,0,0,0,0,0,0,0,0,0,0,0,0,0,0,0,0,0,0
"CCAAGGTTGCCCTTTC-1_V11L05-333_A1",0.844104098177125,0.155895901822875,0,0,0,0,0,0,0,0,0,0,0,0,0,0,0,0,0,0,0
"CCAAGTTTCTACAGAT-1_V11L05-333_A1",0.645911409180021,0.354088590819979,0,0,0,0,0,0,0,0,0,0,0,0,0,0,0,0,0,0,0
"CCAATAGATTTCATCT-1_V11L05-333_A1",0.604487439377225,0.283868214404562,0.111644346218213,0,0,0,0,0,0,0,0,0,0,0,0,0,0,0,0,0,0
"CCAATAGTGCCGTCGA-1_V11L05-333_A1",0.601651712618763,0.398348287381237,0,0,0,0,0,0,0,0,0,0,0,0,0,0,0,0,0,0,0
"CCAATCGGTAGATCGA-1_V11L05-333_A1",0.494245562229244,0.344244956574723,0.161509481196033,0,0,0,0,0,0,0,0,0,0,0,0,0,0,0,0,0,0
"CCAATGTCACAGCAAG-1_V11L05-333_A1",0.737768113370883,0.262231886629117,0,0,0,0,0,0,0,0,0,0,0,0,0,0,0,0,0,0,0
"CCAATTACGGGTCGAG-1_V11L05-333_A1",0.306470718629658,0.202291964922404,0.284894019146222,0,0,0,0,0,0,0,0,0,0,0,0,0.206343297301716,0,0,0,0,0
"CCAATTGAATGTTAAT-1_V11L05-333_A1",0.635589627931574,0.364410372068426,0,0,0,0,0,0,0,0,0,0,0,0,0,0,0,0,0,0,0
"CCACAATGTACGTCTT-1_V11L05-333_A1",0.582224639286507,0.218013777304657,0.199761583408836,0,0,0,0,0,0,0,0,0,0,0,0,0,0,0,0,0,0
"CCACACTGAGATATTA-1_V11L05-333_A1",0.616622664059064,0.383377335940936,0,0,0,0,0,0,0,0,0,0,0,0,0,0,0,0,0,0,0
"CCACAGCTGAAATCAT-1_V11L05-333_A1",0.579000002584037,0.420999997415963,0,0,0,0,0,0,0,0,0,0,0,0,0,0,0,0,0,0,0
"CCACAGTACCCATCCT-1_V11L05-333_A1",0.78971873782048,0.21028126217952,0,0,0,0,0,0,0,0,0,0,0,0,0,0,0,0,0,0,0
"CCACATACTGCACCCA-1_V11L05-333_A1",0.129962157843359,0.20944294717786,0.201315089239025,0,0,0,0,0,0,0,0,0,0,0,0,0.428716063313697,0,0.0305637424260599,0,0,0
"CCACATGGCTCTTTAT-1_V11L05-333_A1",0.311229705243686,0.385776357579253,0,0,0,0,0,0,0,0,0,0,0,0,0,0,0,0,0,0,0.30299393717706
"CCACCAACTTTACTGT-1_V11L05-333_A1",0.089509507141707,0.25067275383105,0.140587393197968,0,0,0,0,0,0,0,0,0,0,0.26609375559985,0,0,0,0,0,0,0.253136590229424
"CCACCCAAGGAAAGTG-1_V11L05-333_A1",0.626877525614105,0.269395917603196,0.1037265567827,0,0,0,0,0,0,0,0,0,0,0,0,0,0,0,0,0,0
"CCACCTGTATGGAATA-1_V11L05-333_A1",0.660552890615976,0.339447109384024,0,0,0,0,0,0,0,0,0,0,0,0,0,0,0,0,0,0,0
"CCACGAATTTAACCTC-1_V11L05-333_A1",0.464503080289668,0.535496919710332,0,0,0,0,0,0,0,0,0,0,0,0,0,0,0,0,0,0,0
"CCACGAGAAGAGAATC-1_V11L05-333_A1",0.503884237888833,0.333354244328918,0.162761517782249,0,0,0,0,0,0,0,0,0,0,0,0,0,0,0,0,0,0
"CCACGGAGCCATAAGA-1_V11L05-333_A1",0.100813941899564,0.368917918185399,0,0,0,0,0,0,0,0,0,0,0,0,0,0,0,0,0,0.239158065770138,0.291110074144899
"CCACGGCAGGTGTAGG-1_V11L05-333_A1",0.154785177870261,0.3104066818567,0.124508181984019,0,0,0,0,0,0,0,0,0,0,0,0,0,0,0,0,0.145951353972033,0.264348604316988
"CCACGGTGCCCGGTAG-1_V11L05-333_A1",0.430750627052537,0.248550542680714,0.133286551097536,0,0,0,0,0,0,0,0,0,0,0,0,0.187412279169214,0,0,0,0,0
"CCACGTAAATTAGACT-1_V11L05-333_A1",0.659860600026166,0.340139399973834,0,0,0,0,0,0,0,0,0,0,0,0,0,0,0,0,0,0,0
"CCACTAAACTGAATCG-1_V11L05-333_A1",0.663053418254588,0.336946581745412,0,0,0,0,0,0,0,0,0,0,0,0,0,0,0,0,0,0,0
"CCACTATCCGGGTCAC-1_V11L05-333_A1",0.799869069844601,0.200130930155399,0,0,0,0,0,0,0,0,0,0,0,0,0,0,0,0,0,0,0
"CCACTCAGATCCGCAA-1_V11L05-333_A1",0.124821020014892,0.224131587207605,0.106063982123737,0,0,0,0,0,0,0,0,0,0,0.333314101997476,0,0,0,0,0,0,0.21166930865629
"CCACTGGTGGCTGGTT-1_V11L05-333_A1",0.282395503904702,0.45778092345936,0,0,0,0,0,0,0,0,0,0,0,0,0,0,0,0,0,0,0.259823572635938
"CCACTGTTTGGATTAA-1_V11L05-333_A1",0.608509886338659,0.391490113661341,0,0,0,0,0,0,0,0,0,0,0,0,0,0,0,0,0,0,0
"CCACTTTCCTTCTAGG-1_V11L05-333_A1",0.761196992167209,0.238803007832791,0,0,0,0,0,0,0,0,0,0,0,0,0,0,0,0,0,0,0
"CCAGAAACTGATGCGA-1_V11L05-333_A1",0.580187708936106,0.283466858785605,0.136345432278289,0,0,0,0,0,0,0,0,0,0,0,0,0,0,0,0,0,0
"CCAGAAAGCAACTCAT-1_V11L05-333_A1",0.0448454356629188,0.170790137460458,0.0812062513931755,0,0,0,0,0,0,0,0,0,0,0,0,0,0,0,0,0.57380785961038,0.129350315873067
"CCAGAGACAAAGCCGG-1_V11L05-333_A1",0.638282333220582,0.361717666779417,0,0,0,0,0,0,0,0,0,0,0,0,0,0,0,0,0,0,0
"CCAGATAGTTGAGTGA-1_V11L05-333_A1",0.594711168632228,0.405288831367772,0,0,0,0,0,0,0,0,0,0,0,0,0,0,0,0,0,0,0
"CCAGATGTAAATGGGT-1_V11L05-333_A1",0.090239673573186,0.205188362985036,0,0,0,0,0,0,0,0,0,0,0,0,0.704571963441778,0,0,0,0,0,0
"CCAGCCTGGACCAATA-1_V11L05-333_A1",0.835251302897825,0.164748697102175,0,0,0,0,0,0,0,0,0,0,0,0,0,0,0,0,0,0,0
"CCAGCGGGATCACCAG-1_V11L05-333_A1",0.55190031350019,0.22163567859903,0.22646400790078,0,0,0,0,0,0,0,0,0,0,0,0,0,0,0,0,0,0
"CCAGCTACGCCTCATA-1_V11L05-333_A1",0.527746136643792,0.304657716634777,0.16759614672143,0,0,0,0,0,0,0,0,0,0,0,0,0,0,0,0,0,0
"CCAGCTCGAACGCATT-1_V11L05-333_A1",0.0976449685709782,0.213934243682404,0,0,0,0,0,0,0,0,0,0,0,0.264631637864176,0,0,0,0,0,0.423789149882442,0
"CCAGCTGATGGTACTT-1_V11L05-333_A1",0.104890699904317,0.148810577227433,0,0,0,0,0,0,0,0,0,0,0,0,0.302588043989769,0.378894784140749,0.0648158947377324,0,0,0,0
"CCAGCTTCCGCCCGCA-1_V11L05-333_A1",0.50931566098765,0.285987408535437,0.204696930476913,0,0,0,0,0,0,0,0,0,0,0,0,0,0,0,0,0,0
"CCAGGCGAGATGGTCT-1_V11L05-333_A1",0.21777451688728,0.78222548311272,0,0,0,0,0,0,0,0,0,0,0,0,0,0,0,0,0,0,0
"CCAGGCTGGCGTCTGA-1_V11L05-333_A1",0.824931117858879,0.175068882141121,0,0,0,0,0,0,0,0,0,0,0,0,0,0,0,0,0,0,0
"CCAGGGACGTGGCCTC-1_V11L05-333_A1",0.721089566324752,0.278910433675248,0,0,0,0,0,0,0,0,0,0,0,0,0,0,0,0,0,0,0
"CCAGTAGTCTGATCCA-1_V11L05-333_A1",0.165498904902164,0.155490065860409,0,0,0,0,0,0,0,0,0,0,0,0,0,0.679011029237426,0,0,0,0,0
"CCAGTCAAATCTCTTA-1_V11L05-333_A1",0.24991598036548,0.368543187232991,0.119027228905888,0,0,0,0,0,0,0,0,0,0,0,0,0,0,0,0,0,0.262513603495641
"CCAGTCCATTATTCGA-1_V11L05-333_A1",0.668652706917765,0.331347293082235,0,0,0,0,0,0,0,0,0,0,0,0,0,0,0,0,0,0,0
"CCAGTCTAGACGGCGC-1_V11L05-333_A1",0.460224610878871,0.33059628684135,0,0,0,0,0,0,0,0,0,0,0,0,0,0,0,0.209179102279778,0,0,0
"CCAGTCTTGTCATAGA-1_V11L05-333_A1",0.0312402203853771,0.146035871811334,0,0,0,0,0,0,0,0,0,0,0,0,0,0,0,0,0,0.822723907803289,0
"CCAGTGAGCTCCTTGT-1_V11L05-333_A1",0.560709379984901,0.313091897458646,0.126198722556453,0,0,0,0,0,0,0,0,0,0,0,0,0,0,0,0,0,0
"CCAGTGTACAGACCGA-1_V11L05-333_A1",0.156891319970778,0.460811693574442,0,0,0.38229698645478,0,0,0,0,0,0,0,0,0,0,0,0,0,0,0,0
"CCAGTTCGGTAACTCA-1_V11L05-333_A1",0.21554384715477,0.566048576173679,0,0,0,0,0,0,0,0,0,0,0,0,0,0,0,0,0,0,0.218407576671551
"CCATAAACAACCCGAC-1_V11L05-333_A1",0.586678913989087,0.253381457699428,0,0,0,0,0,0,0,0,0,0,0,0,0,0,0,0.159939628311485,0,0,0
"CCATAACCTGTGCAGT-1_V11L05-333_A1",0.233456776349648,0.343465580517195,0,0,0,0,0,0,0,0,0,0,0,0,0,0,0,0,0,0.423077643133157,0
"CCATACCTTTACTTGT-1_V11L05-333_A1",0.657481835150799,0.118751904373182,0,0,0,0,0,0,0,0.223766260476019,0,0,0,0,0,0,0,0,0,0,0
"CCATACTCGCCTCTCC-1_V11L05-333_A1",0.29413719522544,0.224192613327967,0,0,0,0,0,0,0,0,0,0,0,0.193735632580882,0,0.287934558865711,0,0,0,0,0
"CCATAGAGGCTGCCAG-1_V11L05-333_A1",0.0984369653598175,0.464022618274284,0,0,0,0,0,0,0,0,0,0,0,0,0,0,0,0,0,0,0.437540416365899
"CCATAGGTTGGCGTGG-1_V11L05-333_A1",0.796793040454768,0.203206959545232,0,0,0,0,0,0,0,0,0,0,0,0,0,0,0,0,0,0,0
"CCATAGTCAGTAACCC-1_V11L05-333_A1",0.747615045157423,0.252384954842577,0,0,0,0,0,0,0,0,0,0,0,0,0,0,0,0,0,0,0
"CCATATGGAAACTATA-1_V11L05-333_A1",0.840661563734607,0.159338436265393,0,0,0,0,0,0,0,0,0,0,0,0,0,0,0,0,0,0,0
"CCATATTGGATCATGA-1_V11L05-333_A1",0.670998944817889,0.329001055182111,0,0,0,0,0,0,0,0,0,0,0,0,0,0,0,0,0,0,0
"CCATCATAAGAACAGG-1_V11L05-333_A1",0.178196678924209,0.654558403741531,0.16724491733426,0,0,0,0,0,0,0,0,0,0,0,0,0,0,0,0,0,0
"CCATCCATACCAAGTC-1_V11L05-333_A1",0.497312502184065,0.28597184122626,0.216715656589676,0,0,0,0,0,0,0,0,0,0,0,0,0,0,0,0,0,0
"CCATCGCAGTTAAACT-1_V11L05-333_A1",0.764262368947316,0.235737631052684,0,0,0,0,0,0,0,0,0,0,0,0,0,0,0,0,0,0,0
"CCATCTCACCAGTGAA-1_V11L05-333_A1",0.497734933569375,0.29986419152778,0.202400874902844,0,0,0,0,0,0,0,0,0,0,0,0,0,0,0,0,0,0
"CCATCTTGTTCACAAT-1_V11L05-333_A1",0.645094274184268,0.21324530310735,0.141660422708383,0,0,0,0,0,0,0,0,0,0,0,0,0,0,0,0,0,0
"CCATGCCCTAGATTTC-1_V11L05-333_A1",0.384005752396739,0.309913311453606,0.306080936149655,0,0,0,0,0,0,0,0,0,0,0,0,0,0,0,0,0,0
"CCATGCCTGTTTAGTA-1_V11L05-333_A1",0.762169427015002,0.237830572984998,0,0,0,0,0,0,0,0,0,0,0,0,0,0,0,0,0,0,0
"CCATGCTCTGCAGGAA-1_V11L05-333_A1",0.681498470737504,0.318501529262496,0,0,0,0,0,0,0,0,0,0,0,0,0,0,0,0,0,0,0
"CCATGGCAAACGCTCA-1_V11L05-333_A1",0.0623049985757294,0.16981607146066,0.104182933702008,0,0,0,0,0,0,0,0,0,0.663695996261603,0,0,0,0,0,0,0,0
"CCATGGCCCTTGTACC-1_V11L05-333_A1",0.722485343676313,0.277514656323687,0,0,0,0,0,0,0,0,0,0,0,0,0,0,0,0,0,0,0
"CCATGTTCATCTATAT-1_V11L05-333_A1",0,0.107717345250514,0.0515101456649911,0.406910391675456,0,0,0,0,0,0,0,0,0,0.198854292403381,0,0,0,0,0,0.235007825005658,0
"CCATTAGCGATAATCC-1_V11L05-333_A1",0.549291855509347,0.327005397377919,0.123702747112734,0,0,0,0,0,0,0,0,0,0,0,0,0,0,0,0,0,0
"CCATTCCCTGCCCACA-1_V11L05-333_A1",0.606088571897371,0.280940833633443,0.112970594469187,0,0,0,0,0,0,0,0,0,0,0,0,0,0,0,0,0,0
"CCATTGTTTCCTCCAT-1_V11L05-333_A1",0.194763063800084,0.181912904262745,0,0,0,0,0,0,0,0,0,0,0,0,0,0.623324031937171,0,0,0,0,0
"CCATTTCTACCTATTA-1_V11L05-333_A1",0.470553546577069,0.316583688597486,0.212862764825445,0,0,0,0,0,0,0,0,0,0,0,0,0,0,0,0,0,0
"CCCAAACATGCTGCTC-1_V11L05-333_A1",0.697829219483693,0.302170780516307,0,0,0,0,0,0,0,0,0,0,0,0,0,0,0,0,0,0,0
"CCCAACATACGTCGCG-1_V11L05-333_A1",0.253943660264789,0.46593956476146,0,0,0,0,0,0,0,0,0,0,0,0,0,0,0,0,0,0,0.280116774973751
"CCCAACCACACTAACA-1_V11L05-333_A1",0.355984189695954,0.275567203455064,0.368448606848982,0,0,0,0,0,0,0,0,0,0,0,0,0,0,0,0,0,0
"CCCAAGAATGCACGGT-1_V11L05-333_A1",0.473053069879683,0.314099474263012,0.212847455857305,0,0,0,0,0,0,0,0,0,0,0,0,0,0,0,0,0,0
"CCCAAGACAGAGTATG-1_V11L05-333_A1",0.576435279262997,0.423564720737003,0,0,0,0,0,0,0,0,0,0,0,0,0,0,0,0,0,0,0
"CCCAAGTCATTACACT-1_V11L05-333_A1",0.844258875844628,0.155741124155372,0,0,0,0,0,0,0,0,0,0,0,0,0,0,0,0,0,0,0
"CCCAATGAGATTTGCA-1_V11L05-333_A1",0,0.197842256980004,0,0,0,0,0,0,0,0,0,0,0,0.246642952287271,0,0,0,0,0.374631600061391,0,0.180883190671334
"CCCAATTTCACAACTT-1_V11L05-333_A1",0.629290900804569,0.238118362278371,0,0,0,0,0,0,0,0,0,0,0,0,0,0,0,0.132590736917061,0,0,0
"CCCACTCCACGGTATC-1_V11L05-333_A1",0.0476537517436545,0.155067181998534,0,0,0,0,0,0,0,0,0,0,0,0.328884989543493,0,0,0,0,0,0.314576795839877,0.153817280874442
"CCCAGAGGAGGGCGTA-1_V11L05-333_A1",0.516434939607104,0.176248354944377,0,0,0,0,0,0,0,0,0,0,0,0,0,0.307316705448519,0,0,0,0,0
"CCCAGATTCCCGTGAC-1_V11L05-333_A1",0,0.39145846791706,0.192832807030462,0,0,0,0,0,0,0,0,0,0.415708725052477,0,0,0,0,0,0,0,0
"CCCAGGAAGAATTCGA-1_V11L05-333_A1",0,0.192198278276643,0.0967261803271211,0,0.374933092902851,0,0,0,0,0,0,0,0,0,0.336142448493385,0,0,0,0,0,0
"CCCAGGTCTGAAGGCT-1_V11L05-333_A1",0.484731035275452,0.515268964724548,0,0,0,0,0,0,0,0,0,0,0,0,0,0,0,0,0,0,0
"CCCAGTTAAGGCGCCG-1_V11L05-333_A1",0.422068734266011,0.245305593691821,0.332625672042167,0,0,0,0,0,0,0,0,0,0,0,0,0,0,0,0,0,0
"CCCATATAGGTCGATT-1_V11L05-333_A1",0.700305200241442,0.299694799758558,0,0,0,0,0,0,0,0,0,0,0,0,0,0,0,0,0,0,0
"CCCATTATTGTATCCT-1_V11L05-333_A1",0.77702646644108,0.22297353355892,0,0,0,0,0,0,0,0,0,0,0,0,0,0,0,0,0,0,0
"CCCGAAGTTTCGCGAA-1_V11L05-333_A1",0.0981073550205836,0.109384389914909,0,0,0,0,0,0,0,0,0,0,0,0,0,0,0,0,0,0.792508255064508,0
"CCCGACCATAGTCCGC-1_V11L05-333_A1",0.63748664504307,0.36251335495693,0,0,0,0,0,0,0,0,0,0,0,0,0,0,0,0,0,0,0
"CCCGAGTTTCTCCGTA-1_V11L05-333_A1",0.532590142358979,0.299574589013764,0.167835268627257,0,0,0,0,0,0,0,0,0,0,0,0,0,0,0,0,0,0
"CCCGATAGCCTCGCCT-1_V11L05-333_A1",0.312610567338207,0.282468216170807,0.21907578870038,0,0,0,0,0,0,0,0,0,0,0,0,0,0,0.185845427790606,0,0,0
"CCCGCAAATAATCATC-1_V11L05-333_A1",0,0.272006483829214,0,0.377521415079003,0.139421497294551,0,0,0,0,0,0,0,0,0,0,0,0,0,0,0,0.211050603797232
"CCCGCAGCGCGAACTA-1_V11L05-333_A1",0.775547612282992,0.224452387717008,0,0,0,0,0,0,0,0,0,0,0,0,0,0,0,0,0,0,0
"CCCGCAGGGCCCAAAG-1_V11L05-333_A1",0.458405152897411,0.166765564730232,0.105787936945537,0,0,0,0,0,0,0,0,0,0,0,0,0.269041345426819,0,0,0,0,0
"CCCGCCATGCTCCCGT-1_V11L05-333_A1",0.634019244123601,0.3659807558764,0,0,0,0,0,0,0,0,0,0,0,0,0,0,0,0,0,0,0
"CCCGCGCAATGCACCC-1_V11L05-333_A1",0.668495715990056,0.331504284009944,0,0,0,0,0,0,0,0,0,0,0,0,0,0,0,0,0,0,0
"CCCGCTAGAGGGTTAA-1_V11L05-333_A1",0.187852813668135,0.278900555477605,0.344215985957921,0,0,0,0,0,0,0,0,0,0,0,0,0.189030644896339,0,0,0,0,0
"CCCGCTTGCCCTCGTC-1_V11L05-333_A1",0.807018546818172,0.192981453181828,0,0,0,0,0,0,0,0,0,0,0,0,0,0,0,0,0,0,0
"CCCGGCACGTGTCAGG-1_V11L05-333_A1",0.708552873887026,0.291447126112974,0,0,0,0,0,0,0,0,0,0,0,0,0,0,0,0,0,0,0
"CCCGGCTAGGTGAGAA-1_V11L05-333_A1",0.573948363125093,0.426051636874907,0,0,0,0,0,0,0,0,0,0,0,0,0,0,0,0,0,0,0
"CCCGGGTCGTTCAGGG-1_V11L05-333_A1",0.230147243708834,0.208939112131402,0,0,0,0,0,0,0.176441772663318,0,0,0,0,0.237906648154955,0,0,0,0,0,0,0.14656522334149
"CCCGGTGGAAGAACCT-1_V11L05-333_A1",0.71847766647452,0.28152233352548,0,0,0,0,0,0,0,0,0,0,0,0,0,0,0,0,0,0,0
"CCCGGTGTATCGGAAT-1_V11L05-333_A1",0.173768934502145,0.259650302275531,0,0,0,0,0,0,0,0,0,0,0,0,0,0,0,0,0,0.385028023454217,0.181552739768107
"CCCGTAAGTCTAGGCC-1_V11L05-333_A1",0.405337169769591,0.260646692931639,0,0,0,0,0,0,0,0,0.334016137298769,0,0,0,0,0,0,0,0,0,0
"CCCGTAGCTGGGAAGA-1_V11L05-333_A1",0.0508307848265844,0.198012797108664,0,0,0,0,0,0,0,0,0,0,0,0,0,0,0,0,0,0.577663573275242,0.17349284478951
"CCCGTCAGCGTCTGAC-1_V11L05-333_A1",0.679661731964989,0.320338268035011,0,0,0,0,0,0,0,0,0,0,0,0,0,0,0,0,0,0,0
"CCCGTGACAGTGCCTT-1_V11L05-333_A1",0.236757454966417,0.196909659985821,0,0,0,0,0,0,0,0,0,0,0,0.345127266029165,0,0,0,0,0.221205619018597,0,0
"CCCGTGAGGGCGGTGA-1_V11L05-333_A1",0.0707945637329739,0.184986408403513,0,0,0,0,0,0,0,0.367831421669087,0,0,0,0,0,0,0,0,0,0.227718845327822,0.148668760866603
"CCCGTGGGTTAATTGA-1_V11L05-333_A1",0.642021980260154,0.357978019739846,0,0,0,0,0,0,0,0,0,0,0,0,0,0,0,0,0,0,0
"CCCGTTTCGCAGATGT-1_V11L05-333_A1",0.752950172402132,0.247049827597868,0,0,0,0,0,0,0,0,0,0,0,0,0,0,0,0,0,0,0
"CCCTACCCACACCCAG-1_V11L05-333_A1",0.175632744255679,0.281648949344557,0,0,0,0,0,0,0,0,0,0,0,0.311834598217592,0,0,0,0,0,0,0.230883708182172
"CCCTACTTGAACAATG-1_V11L05-333_A1",0.608702005862171,0.391297994137829,0,0,0,0,0,0,0,0,0,0,0,0,0,0,0,0,0,0,0
"CCCTAGCTCTAAGGTC-1_V11L05-333_A1",0,0.147812637832228,0,0.721137143785596,0,0,0,0,0,0,0,0,0,0,0,0,0,0,0,0,0.131050218382176
"CCCTAGGCAACAAGAG-1_V11L05-333_A1",0.269609742984316,0.310152511220291,0,0,0,0,0,0,0,0,0,0,0,0,0,0,0,0,0,0.420237745795393,0
"CCCTAGTGTCAGGTGT-1_V11L05-333_A1",0.767560066601811,0.232439933398189,0,0,0,0,0,0,0,0,0,0,0,0,0,0,0,0,0,0,0
"CCCTATGTAGAGCAGA-1_V11L05-333_A1",0,0.127678295092476,0,0,0,0,0,0,0,0,0,0,0,0,0,0,0,0,0.66943976079116,0,0.202881944116363
"CCCTCAAGCTCTTAGT-1_V11L05-333_A1",0.655279521180192,0.344720478819808,0,0,0,0,0,0,0,0,0,0,0,0,0,0,0,0,0,0,0
"CCCTCAGATCGAGAAC-1_V11L05-333_A1",0,0.458090844230069,0.171137290233505,0,0.370771865536426,0,0,0,0,0,0,0,0,0,0,0,0,0,0,0,0
"CCCTCATCACAGAGTA-1_V11L05-333_A1",0.200137528516012,0.356071921349271,0.443790550134717,0,0,0,0,0,0,0,0,0,0,0,0,0,0,0,0,0,0
"CCCTCATTCTGGAATT-1_V11L05-333_A1",0.595155586833602,0.261746837522909,0.14309757564349,0,0,0,0,0,0,0,0,0,0,0,0,0,0,0,0,0,0
"CCCTCCTCGCTCGTAT-1_V11L05-333_A1",0.555052242570312,0.233570434616076,0.211377322813612,0,0,0,0,0,0,0,0,0,0,0,0,0,0,0,0,0,0
"CCCTCGATAATACACA-1_V11L05-333_A1",0,0.427178980214127,0,0,0,0,0,0,0,0,0,0,0.572821019785873,0,0,0,0,0,0,0,0
"CCCTCGGGAGCCTTGT-1_V11L05-333_A1",0.497592499530272,0.316477290062925,0,0,0,0,0,0,0,0.185930210406802,0,0,0,0,0,0,0,0,0,0,0
"CCCTGAAATGAGTTGA-1_V11L05-333_A1",0.685006647234919,0.314993352765081,0,0,0,0,0,0,0,0,0,0,0,0,0,0,0,0,0,0,0
"CCCTGACTAACAAATT-1_V11L05-333_A1",0.141453425429588,0.194334201780624,0.123755191506585,0,0,0,0,0,0,0,0,0,0,0,0,0,0,0.0423416474664703,0,0.498115533816733,0
"CCCTGATGTAACTCGT-1_V11L05-333_A1",0.598225060897318,0.401774939102682,0,0,0,0,0,0,0,0,0,0,0,0,0,0,0,0,0,0,0
"CCCTGCCCAATCCGCT-1_V11L05-333_A1",0.298861194168386,0.320444807466057,0,0,0,0,0,0,0,0,0,0,0,0,0,0,0,0,0,0.380693998365557,0
"CCCTGCGCTACGCATA-1_V11L05-333_A1",0.571247393272154,0.428752606727846,0,0,0,0,0,0,0,0,0,0,0,0,0,0,0,0,0,0,0
"CCCTGGCTGTTCCTTC-1_V11L05-333_A1",0.109908180957789,0.115745260465117,0,0,0,0,0,0,0,0,0,0,0,0,0,0,0,0,0,0.618051570572622,0.156294988004472
"CCCTGGGAGGGATCCT-1_V11L05-333_A1",0.1065159267382,0.192510731487902,0,0,0,0,0,0,0,0,0,0,0.700973341773897,0,0,0,0,0,0,0,0
"CCCTGGTATGGGCGGC-1_V11L05-333_A1",0.386515408929755,0.295996039622896,0.317488551447349,0,0,0,0,0,0,0,0,0,0,0,0,0,0,0,0,0,0
"CCCTGTTGGCAAAGAC-1_V11L05-333_A1",0.535248705946521,0.464751294053479,0,0,0,0,0,0,0,0,0,0,0,0,0,0,0,0,0,0,0
"CCCTTCTCGTACGCGA-1_V11L05-333_A1",0.438822289126571,0.561177710873429,0,0,0,0,0,0,0,0,0,0,0,0,0,0,0,0,0,0,0
"CCCTTTAATGGAGTTC-1_V11L05-333_A1",0.708894217673932,0.291105782326068,0,0,0,0,0,0,0,0,0,0,0,0,0,0,0,0,0,0,0
"CCGAAACACGACCTCT-1_V11L05-333_A1",0.224653273682051,0.423023385546502,0.24235078403111,0,0,0,0,0,0,0.109972556740336,0,0,0,0,0,0,0,0,0,0,0
"CCGAAAGTGGTGAGCA-1_V11L05-333_A1",0.515179578015425,0.348824738168094,0.135995683816481,0,0,0,0,0,0,0,0,0,0,0,0,0,0,0,0,0,0
"CCGAACACTGGGCCTC-1_V11L05-333_A1",0.176419230621556,0.298536868397696,0,0,0,0,0,0,0,0,0,0,0,0,0,0,0,0,0,0.525043900980748,0
"CCGAACCTTCCCGGCC-1_V11L05-333_A1",0.732919915066877,0.267080084933123,0,0,0,0,0,0,0,0,0,0,0,0,0,0,0,0,0,0,0
"CCGAAGCATTGACCAA-1_V11L05-333_A1",0,0.236756396295586,0,0,0,0,0,0,0,0,0,0,0.541312471307877,0,0,0,0,0,0,0,0.221931132396537
"CCGAAGGGCGTACCGC-1_V11L05-333_A1",0.318653167300477,0.425111057639953,0,0,0,0,0,0,0,0,0,0,0,0,0,0.25623577505957,0,0,0,0,0
"CCGAAGTATATTGTTC-1_V11L05-333_A1",0.717640981050034,0.282359018949966,0,0,0,0,0,0,0,0,0,0,0,0,0,0,0,0,0,0,0
"CCGACAAACACATGAG-1_V11L05-333_A1",0.779133313181787,0.220866686818213,0,0,0,0,0,0,0,0,0,0,0,0,0,0,0,0,0,0,0
"CCGACAAAGGGAGTGC-1_V11L05-333_A1",0.399064572451088,0.295842191884778,0,0,0,0,0,0,0,0,0,0,0,0,0,0,0,0,0,0.305093235664134,0
"CCGACAATAGGCCGCC-1_V11L05-333_A1",0.694943061494592,0.305056938505408,0,0,0,0,0,0,0,0,0,0,0,0,0,0,0,0,0,0,0
"CCGACGGGCATGAGGT-1_V11L05-333_A1",0.0666294603665328,0.146765865277739,0,0,0,0,0,0,0,0,0,0,0,0,0,0,0,0,0.438232693855891,0.160015353105579,0.188356627394258
"CCGACGTAAACACAAC-1_V11L05-333_A1",0.343396901854561,0.211251154196032,0.279781554726259,0,0,0,0,0,0,0,0,0,0,0,0,0,0,0,0,0.165570389223147,0
"CCGACTCGCATAGTCT-1_V11L05-333_A1",0.269738216829316,0.285086507533868,0.288650837909751,0,0,0,0,0,0,0,0,0,0,0,0,0,0,0,0,0.156524437727065,0
"CCGAGAAGTCGCATAA-1_V11L05-333_A1",0,0,0,0,0,0,0,0,0,0,0,0,0,0,0,0,0,0,0,0,0
"CCGAGCTGTGCTTGTC-1_V11L05-333_A1",0.394898890511204,0.270181281972626,0,0,0,0,0,0,0,0,0,0,0,0,0,0.33491982751617,0,0,0,0,0
"CCGAGGGATGTTAGGC-1_V11L05-333_A1",0.535985587794079,0.312608437831126,0.151405974374795,0,0,0,0,0,0,0,0,0,0,0,0,0,0,0,0,0,0
"CCGATATGACGTAAGG-1_V11L05-333_A1",0.513034467458914,0.486965532541086,0,0,0,0,0,0,0,0,0,0,0,0,0,0,0,0,0,0,0
"CCGATCTCAACCTTAT-1_V11L05-333_A1",0.483850523189108,0.368610551226259,0,0,0,0,0,0,0,0,0,0,0,0,0,0,0.147538925584634,0,0,0,0
"CCGATCTTAAGAGGCT-1_V11L05-333_A1",0.081467937168611,0.163765264230026,0,0,0,0,0,0,0,0,0.219456174737638,0,0,0,0.535310623863725,0,0,0,0,0,0
"CCGATTCGAGGGACCC-1_V11L05-333_A1",0.208151969717852,0.190955222988454,0,0,0,0,0,0,0,0,0,0,0,0.212515488048816,0,0.388377319244877,0,0,0,0,0
"CCGATTGGTCAATGAA-1_V11L05-333_A1",0.441143482450662,0.243760202759647,0,0,0,0,0,0,0,0,0,0,0,0,0,0,0,0.315096314789691,0,0,0
"CCGCACAAAGACCAAC-1_V11L05-333_A1",0.535730152589711,0.24358445831166,0.220685389098629,0,0,0,0,0,0,0,0,0,0,0,0,0,0,0,0,0,0
"CCGCACACGAACGTGT-1_V11L05-333_A1",0.524696003688042,0.262226834987699,0.213077161324258,0,0,0,0,0,0,0,0,0,0,0,0,0,0,0,0,0,0
"CCGCACGTGACCTCGG-1_V11L05-333_A1",0.714002717474292,0.285997282525708,0,0,0,0,0,0,0,0,0,0,0,0,0,0,0,0,0,0,0
"CCGCACTTGCAATGAC-1_V11L05-333_A1",0.492908878338053,0.507091121661947,0,0,0,0,0,0,0,0,0,0,0,0,0,0,0,0,0,0,0
"CCGCATGTGGTACGAT-1_V11L05-333_A1",0.589114386985315,0.410885613014685,0,0,0,0,0,0,0,0,0,0,0,0,0,0,0,0,0,0,0
"CCGCCACCACAATCCA-1_V11L05-333_A1",0.544627396447849,0.455372603552151,0,0,0,0,0,0,0,0,0,0,0,0,0,0,0,0,0,0,0
"CCGCCGGAACTTCTCG-1_V11L05-333_A1",0,0.244396742383188,0,0,0,0,0,0,0,0,0,0,0,0.755603257616812,0,0,0,0,0,0,0
"CCGCCGGTCAACACAC-1_V11L05-333_A1",0.341066297218951,0.329314783089131,0.329618919691918,0,0,0,0,0,0,0,0,0,0,0,0,0,0,0,0,0,0
"CCGCCGTTGAGGATAA-1_V11L05-333_A1",0.75927288767435,0.24072711232565,0,0,0,0,0,0,0,0,0,0,0,0,0,0,0,0,0,0,0
"CCGCCTGCGAATTGGT-1_V11L05-333_A1",0.13310184924978,0.135074843328891,0,0,0,0,0,0,0,0,0,0,0,0,0,0.731823307421329,0,0,0,0,0
"CCGCCTTGCGATGTCG-1_V11L05-333_A1",0.117066524251793,0.268007475635186,0,0,0,0,0,0,0,0,0,0,0,0,0,0,0,0,0,0.441080337011857,0.173845663101163
"CCGCGATTTGGTAGGT-1_V11L05-333_A1",0.719964364591968,0.280035635408032,0,0,0,0,0,0,0,0,0,0,0,0,0,0,0,0,0,0,0
"CCGCGCAAGATACCCA-1_V11L05-333_A1",0,0.332441178438868,0,0,0,0,0,0,0,0,0,0,0,0.373587189824057,0,0,0,0,0,0,0.293971631737074
"CCGCGGAATGCGTCAC-1_V11L05-333_A1",0.0812888403977026,0.118078250293573,0,0,0,0,0,0,0,0,0,0,0,0,0,0,0,0,0,0.800632909308724,0
"CCGCGGGTACGAAGAA-1_V11L05-333_A1",0.641506023917331,0.358493976082669,0,0,0,0,0,0,0,0,0,0,0,0,0,0,0,0,0,0,0
"CCGCGTAGGTAAGGGC-1_V11L05-333_A1",0.496758915983496,0.234444106764599,0,0,0,0,0,0,0,0.268796977251904,0,0,0,0,0,0,0,0,0,0,0
"CCGCTATCAGCACCAG-1_V11L05-333_A1",0.765375054341273,0.234624945658727,0,0,0,0,0,0,0,0,0,0,0,0,0,0,0,0,0,0,0
"CCGCTCCAGGGCGATC-1_V11L05-333_A1",0.145824182398438,0.425447068006603,0,0,0,0,0,0,0,0,0,0,0,0,0,0,0,0,0,0.428728749594959,0
"CCGCTCCGGATAAGCT-1_V11L05-333_A1",0.180420073571815,0.370527530443496,0.169008122165284,0,0,0,0,0,0,0.280044273819405,0,0,0,0,0,0,0,0,0,0,0
"CCGCTCTTCCGAACTA-1_V11L05-333_A1",0.704577701819416,0.295422298180584,0,0,0,0,0,0,0,0,0,0,0,0,0,0,0,0,0,0,0
"CCGCTGGTGCCATTCA-1_V11L05-333_A1",0.527680495747535,0.17924201007727,0.293077494175195,0,0,0,0,0,0,0,0,0,0,0,0,0,0,0,0,0,0
"CCGCTTACCTCACTCT-1_V11L05-333_A1",0.165016409333492,0.446589675540613,0,0,0,0,0,0,0,0,0,0,0,0,0,0,0,0,0,0.180294468354794,0.208099446771101
"CCGCTTCGCGGTTAAC-1_V11L05-333_A1",0.655385830347725,0.344614169652275,0,0,0,0,0,0,0,0,0,0,0,0,0,0,0,0,0,0,0
"CCGCTTGCTGACATGG-1_V11L05-333_A1",0.702364476703267,0.297635523296733,0,0,0,0,0,0,0,0,0,0,0,0,0,0,0,0,0,0,0
"CCGGAAGTGCAATATG-1_V11L05-333_A1",0.608665816071803,0.391334183928197,0,0,0,0,0,0,0,0,0,0,0,0,0,0,0,0,0,0,0
"CCGGAAGTTATCAGTC-1_V11L05-333_A1",0.51684253504178,0.48315746495822,0,0,0,0,0,0,0,0,0,0,0,0,0,0,0,0,0,0,0
"CCGGAATGGTTTCAGT-1_V11L05-333_A1",0.729190812820353,0.270809187179647,0,0,0,0,0,0,0,0,0,0,0,0,0,0,0,0,0,0,0
"CCGGAGCGTACTTTCT-1_V11L05-333_A1",0,0.121862559318624,0,0,0,0,0,0,0,0,0,0,0,0.193624690121009,0,0,0,0,0,0.684512750560366,0
"CCGGAGGTCTTATGGT-1_V11L05-333_A1",0,0.29308417963646,0.335846328192078,0,0,0,0,0,0,0,0,0,0,0.371069492171462,0,0,0,0,0,0,0
"CCGGCACGACCGTTTC-1_V11L05-333_A1",0.357908204100554,0.345195934357743,0,0,0,0,0,0,0,0,0,0,0,0,0,0.296895861541703,0,0,0,0,0
"CCGGCCGCGAGCATAT-1_V11L05-333_A1",0.0634070873771168,0.251906935917818,0,0,0,0,0,0,0,0,0,0,0,0.455179500663491,0,0,0,0,0,0,0.229506476041574
"CCGGCGCATATTGGAT-1_V11L05-333_A1",0.424417574539288,0.332862825498674,0.242719599962038,0,0,0,0,0,0,0,0,0,0,0,0,0,0,0,0,0,0
"CCGGCGTGAGACTCTG-1_V11L05-333_A1",0.0423360754134674,0.207984674312635,0,0,0,0,0,0,0,0,0,0,0,0,0,0,0,0,0,0.749679250273898,0
"CCGGGACCCGCAGAGA-1_V11L05-333_A1",0.634460763672199,0.365539236327801,0,0,0,0,0,0,0,0,0,0,0,0,0,0,0,0,0,0,0
"CCGGGCGGTCTCGTCA-1_V11L05-333_A1",0.640571330806237,0.209528937099144,0.149899732094619,0,0,0,0,0,0,0,0,0,0,0,0,0,0,0,0,0,0
"CCGGGCTAAGAATTTC-1_V11L05-333_A1",0,0.361970971340718,0,0,0,0,0,0,0.39632392120572,0,0,0,0,0,0,0,0,0,0,0,0.241705107453562
"CCGGGCTGCTCCATAC-1_V11L05-333_A1",0.473910798427479,0.228117030459861,0.297972171112659,0,0,0,0,0,0,0,0,0,0,0,0,0,0,0,0,0,0
"CCGGGTTCGAGGTTAC-1_V11L05-333_A1",0.364238871199867,0.227346576621555,0,0,0,0,0,0,0.408414552178578,0,0,0,0,0,0,0,0,0,0,0,0
"CCGGTAATGGCTAGTC-1_V11L05-333_A1",0.318858461435785,0.162861121014076,0,0,0,0,0,0,0,0,0,0,0,0,0,0.51828041755014,0,0,0,0,0
"CCGGTATCTGGCGACT-1_V11L05-333_A1",0.102662964920059,0.317403896993919,0,0,0,0,0,0,0,0,0,0,0.314669483575122,0,0,0,0,0,0,0,0.2652636545109
"CCGGTGCGAGTGATAG-1_V11L05-333_A1",0.461789350568339,0.231498716517201,0,0,0,0,0,0,0,0.30671193291446,0,0,0,0,0,0,0,0,0,0,0
"CCGGTTTGTAATTGTG-1_V11L05-333_A1",0,0.121113666513924,0.0440736200150099,0,0,0,0,0,0,0,0,0,0,0,0,0,0,0,0.667450687758043,0,0.167362025713023
"CCGTAAGTTGGTCCCA-1_V11L05-333_A1",0.815370576610845,0.184629423389155,0,0,0,0,0,0,0,0,0,0,0,0,0,0,0,0,0,0,0
"CCGTACCCAAGCGCCA-1_V11L05-333_A1",0.611450863982801,0.388549136017199,0,0,0,0,0,0,0,0,0,0,0,0,0,0,0,0,0,0,0
"CCGTAGGAAATCCCTG-1_V11L05-333_A1",0.766151754973218,0.233848245026782,0,0,0,0,0,0,0,0,0,0,0,0,0,0,0,0,0,0,0
"CCGTAGGGTTGTTTAC-1_V11L05-333_A1",0.706409730110533,0.293590269889467,0,0,0,0,0,0,0,0,0,0,0,0,0,0,0,0,0,0,0
"CCGTATCTCGTCGTAG-1_V11L05-333_A1",0.0791072785628035,0.186218285918592,0,0,0,0,0,0,0,0,0,0,0,0.142377354003982,0,0,0,0,0.376527679726877,0,0.215769401787745
"CCGTATTAGCGCAGTT-1_V11L05-333_A1",0.388201443777362,0.322151494968337,0,0,0,0,0,0,0,0,0,0,0,0,0,0.289647061254301,0,0,0,0,0
"CCGTCAACCTCTGGCG-1_V11L05-333_A1",0,0.236427840887863,0,0,0,0,0,0,0,0,0,0,0,0.489090679432867,0,0,0,0,0,0,0.27448147967927
"CCGTGAGGCATTCATG-1_V11L05-333_A1",0.316539464641743,0.34256723197429,0,0,0,0,0,0,0,0.340893303383968,0,0,0,0,0,0,0,0,0,0,0
"CCGTGCCCATGACGGC-1_V11L05-333_A1",0.685101760450934,0.314898239549066,0,0,0,0,0,0,0,0,0,0,0,0,0,0,0,0,0,0,0
"CCGTGGAACGATCCAA-1_V11L05-333_A1",0.602355489677655,0.216530873832283,0,0,0,0,0,0,0,0,0,0,0,0,0,0.181113636490062,0,0,0,0,0
"CCGTGTTAAATTCCAT-1_V11L05-333_A1",0.0612558233664439,0.293533981479016,0,0,0,0,0,0,0,0,0,0,0,0,0,0,0,0,0,0.645210195154541,0
"CCGTTACGTTAGAACA-1_V11L05-333_A1",0.450050338953181,0.239468639767933,0.310481021278886,0,0,0,0,0,0,0,0,0,0,0,0,0,0,0,0,0,0
"CCGTTCCGAATCTCGG-1_V11L05-333_A1",0.187690257429975,0.402599074314819,0,0,0,0,0,0,0,0,0,0,0,0,0,0,0,0.213412514163096,0,0,0.19629815409211
"CCGTTTCCTTTCCGTG-1_V11L05-333_A1",0,0.264060089510053,0,0,0,0,0,0,0,0,0,0,0,0.540020974656872,0,0,0,0,0,0,0.195918935833074
"CCTAAACAGGGTCCGT-1_V11L05-333_A1",0.25722583319904,0.13946740838003,0,0,0,0,0,0,0,0,0,0,0,0,0,0,0,0,0,0.60330675842093,0
"CCTAAAGGCTGACGCT-1_V11L05-333_A1",0.455693712344037,0.141399425639021,0,0,0,0,0,0,0,0.402906862016942,0,0,0,0,0,0,0,0,0,0,0
"CCTAAATTAACGGTTC-1_V11L05-333_A1",0.618784681034428,0.255049090637362,0,0,0,0,0,0,0,0,0,0,0,0,0,0,0.12616622832821,0,0,0,0
"CCTAAATTGTATCCTA-1_V11L05-333_A1",0.57931506441159,0.270023375383028,0,0,0,0,0,0,0,0,0,0,0,0,0,0,0,0.150661560205382,0,0,0
"CCTAACCCAAACAAGT-1_V11L05-333_A1",0.73322417777865,0.26677582222135,0,0,0,0,0,0,0,0,0,0,0,0,0,0,0,0,0,0,0
"CCTAACTAAGGCTCTA-1_V11L05-333_A1",0.565390157825403,0.233958109851169,0.200651732323428,0,0,0,0,0,0,0,0,0,0,0,0,0,0,0,0,0,0
"CCTAAGTGTCTAACCG-1_V11L05-333_A1",0.467035091682023,0.158192492212079,0,0,0,0,0,0,0,0,0.374772416105898,0,0,0,0,0,0,0,0,0,0
"CCTACAAGTCCGGAAT-1_V11L05-333_A1",0.43583397008429,0.382192201620822,0.181973828294887,0,0,0,0,0,0,0,0,0,0,0,0,0,0,0,0,0,0
"CCTACAGTTGAGGGAG-1_V11L05-333_A1",0.168416769304827,0.349194945071638,0,0,0.482388285623535,0,0,0,0,0,0,0,0,0,0,0,0,0,0,0,0
"CCTACATTCACAGACG-1_V11L05-333_A1",0.0412008258363077,0.186877497700199,0,0,0,0,0,0,0,0,0,0,0,0,0,0,0,0,0,0.58675110327306,0.185170573190433
"CCTACGCGACCTTACA-1_V11L05-333_A1",0.553993151149733,0.446006848850267,0,0,0,0,0,0,0,0,0,0,0,0,0,0,0,0,0,0,0
"CCTACGGCTCAGTCGA-1_V11L05-333_A1",0.740682967458129,0.259317032541871,0,0,0,0,0,0,0,0,0,0,0,0,0,0,0,0,0,0,0
"CCTACTCAACACGATT-1_V11L05-333_A1",0.459957556753011,0.233094322802387,0,0,0,0,0,0,0,0,0,0,0,0.306948120444603,0,0,0,0,0,0,0
"CCTACTGCGGCGGCCA-1_V11L05-333_A1",0.073575681198057,0.20191666782168,0.133899176617176,0,0,0,0,0,0,0,0,0,0,0.590608474363086,0,0,0,0,0,0,0
"CCTACTGCTTACACTT-1_V11L05-333_A1",0.554793774651041,0.445206225348959,0,0,0,0,0,0,0,0,0,0,0,0,0,0,0,0,0,0,0
"CCTAGGCGTAGCGATC-1_V11L05-333_A1",0.725288118906786,0.274711881093214,0,0,0,0,0,0,0,0,0,0,0,0,0,0,0,0,0,0,0
"CCTAGGTAAAGGTAGC-1_V11L05-333_A1",0.189981158650837,0.238086665959594,0,0,0,0,0,0,0,0,0,0,0,0.394992766036248,0,0,0,0,0,0,0.17693940935332
"CCTAGTTAGTCGCATG-1_V11L05-333_A1",0.737247853723908,0.141035230819376,0.121716915456716,0,0,0,0,0,0,0,0,0,0,0,0,0,0,0,0,0,0
"CCTATAATGAGTGCCC-1_V11L05-333_A1",0.8740042521882,0.1259957478118,0,0,0,0,0,0,0,0,0,0,0,0,0,0,0,0,0,0,0
"CCTATACCGTCCTGTC-1_V11L05-333_A1",0,0.179372066647094,0,0,0,0,0,0,0,0,0,0,0,0,0,0,0,0,0.282998646384417,0.375696760267134,0.161932526701355
"CCTATATCGTGTCACG-1_V11L05-333_A1",0.0604715192386969,0.237952662549702,0,0,0,0,0,0,0,0,0,0,0,0.51383226598984,0,0,0,0,0,0,0.187743552221761
"CCTATATTTGTCCTGG-1_V11L05-333_A1",0,0.148449161520223,0,0,0,0,0,0,0,0,0,0,0,0,0,0,0,0,0.457604083049465,0.236605982548952,0.157340772881359
"CCTATCTATATCGGAA-1_V11L05-333_A1",0.699729258045161,0.300270741954839,0,0,0,0,0,0,0,0,0,0,0,0,0,0,0,0,0,0,0
"CCTATGAAGTGGTGCC-1_V11L05-333_A1",0.440054471932757,0.307856056533731,0,0,0,0,0,0,0,0,0,0,0,0,0,0.252089471533513,0,0,0,0,0
"CCTATGGCTCCTAGTG-1_V11L05-333_A1",0,0.155443484863555,0,0,0,0,0,0,0,0,0,0,0,0,0,0,0,0,0,0.651200331217005,0.19335618391944
"CCTATGGGTTACCGTC-1_V11L05-333_A1",0.405054586345303,0.33485604607616,0.260089367578538,0,0,0,0,0,0,0,0,0,0,0,0,0,0,0,0,0,0
"CCTATGGTCAAAGCTG-1_V11L05-333_A1",0.178180571311755,0.241121903952553,0,0,0,0,0,0,0,0,0,0,0,0.351601162497869,0,0,0,0,0,0,0.229096362237822
"CCTATGTCCACTCCAC-1_V11L05-333_A1",0.8922737243197,0.1077262756803,0,0,0,0,0,0,0,0,0,0,0,0,0,0,0,0,0,0,0
"CCTATTATTCCGGCCG-1_V11L05-333_A1",0,0.317478949813826,0,0,0,0,0,0,0,0,0,0,0,0.415103597586966,0,0,0,0,0,0,0.267417452599208
"CCTCAACGATCGCTGT-1_V11L05-333_A1",0.0898703268988768,0.342209964081876,0,0,0,0,0,0,0,0,0,0,0,0,0,0,0,0,0,0.304152044686571,0.263767664332677
"CCTCACCAATCTTGAC-1_V11L05-333_A1",0.694759869519234,0.305240130480766,0,0,0,0,0,0,0,0,0,0,0,0,0,0,0,0,0,0,0
"CCTCACCTGAGGGAGC-1_V11L05-333_A1",0.353780173858674,0.188193875460668,0,0,0,0,0,0,0,0,0,0,0,0,0,0.458025950680658,0,0,0,0,0
"CCTCACCTTAGCATCG-1_V11L05-333_A1",0.494279929075689,0.347702104573692,0.158017966350619,0,0,0,0,0,0,0,0,0,0,0,0,0,0,0,0,0,0
"CCTCACGTCAGCTAAT-1_V11L05-333_A1",0.612991052531996,0.387008947468004,0,0,0,0,0,0,0,0,0,0,0,0,0,0,0,0,0,0,0
"CCTCATGCAGCTACGA-1_V11L05-333_A1",0.591376744086357,0.408623255913643,0,0,0,0,0,0,0,0,0,0,0,0,0,0,0,0,0,0,0
"CCTCCCGACAATCCCT-1_V11L05-333_A1",0.770728682170627,0.229271317829373,0,0,0,0,0,0,0,0,0,0,0,0,0,0,0,0,0,0,0
"CCTCCGACAATTCAAG-1_V11L05-333_A1",0.775640749300478,0.224359250699522,0,0,0,0,0,0,0,0,0,0,0,0,0,0,0,0,0,0,0
"CCTCCTAGCTAGAGTC-1_V11L05-333_A1",0,0.239163990817687,0,0,0,0,0,0,0,0,0,0,0.529791694526626,0,0,0,0,0,0,0,0.231044314655688
"CCTCCTGAGCCCACAT-1_V11L05-333_A1",0.706014509322612,0.293985490677388,0,0,0,0,0,0,0,0,0,0,0,0,0,0,0,0,0,0,0
"CCTCGAAGTGGACGGG-1_V11L05-333_A1",0.685093405549837,0.220178468873892,0.0947281255762712,0,0,0,0,0,0,0,0,0,0,0,0,0,0,0,0,0,0
"CCTCGACCCACTGCCT-1_V11L05-333_A1",0.510325748629527,0.489674251370473,0,0,0,0,0,0,0,0,0,0,0,0,0,0,0,0,0,0,0
"CCTCGCCAGCAAATTA-1_V11L05-333_A1",0.532620051828532,0.467379948171468,0,0,0,0,0,0,0,0,0,0,0,0,0,0,0,0,0,0,0
"CCTCGCGCGATATAGG-1_V11L05-333_A1",0.610083964290655,0.20008684002142,0,0,0,0,0,0,0,0,0,0,0,0,0,0,0,0.189829195687925,0,0,0
"CCTCGCGCTGTGCGAT-1_V11L05-333_A1",0.281341570197284,0.308306746157076,0,0,0,0,0,0,0,0,0,0,0,0.081169086483928,0,0,0,0,0,0.329182597161713,0
"CCTCGGACCGGGATAG-1_V11L05-333_A1",0.362190657186098,0.294626772714177,0.175994618676998,0,0,0,0,0,0,0,0,0,0,0,0,0,0,0.167187951422727,0,0,0
"CCTCGGATGCTACCTG-1_V11L05-333_A1",0.449516123678409,0.152071515131929,0,0,0,0,0,0,0,0.234637104143293,0,0,0,0,0,0,0,0,0,0.163775257046369,0
"CCTCGGTTTCCTTGCC-1_V11L05-333_A1",0,0.220153347859937,0.0978780767902538,0,0,0,0,0,0,0,0,0,0.457508479943371,0,0,0,0,0,0,0,0.224460095406439
"CCTCGTTACGCCTGTT-1_V11L05-333_A1",0.091549319858147,0.44877271472542,0,0,0,0,0,0,0,0,0,0,0,0,0,0,0,0,0,0.459677965416433,0
"CCTCTAATCTGCCAAG-1_V11L05-333_A1",0.717223172139435,0.282776827860565,0,0,0,0,0,0,0,0,0,0,0,0,0,0,0,0,0,0,0
"CCTCTACAAGGATTGG-1_V11L05-333_A1",0,0.205073023736197,0,0.463613956160735,0,0,0,0,0,0,0,0,0,0.331313020103068,0,0,0,0,0,0,0
"CCTCTATCGATTAGCA-1_V11L05-333_A1",0.0642635852594628,0.175482486078666,0,0,0,0,0,0,0,0,0,0,0,0.246964539417323,0,0,0,0,0.354111022700801,0,0.159178366543748
"CCTCTCTCCCATCTAG-1_V11L05-333_A1",0.787328027311675,0.212671972688325,0,0,0,0,0,0,0,0,0,0,0,0,0,0,0,0,0,0,0
"CCTCTGGCCTAGACGG-1_V11L05-333_A1",0.592218993344291,0.274092345057089,0.13368866159862,0,0,0,0,0,0,0,0,0,0,0,0,0,0,0,0,0,0
"CCTCTGTACTATTCTA-1_V11L05-333_A1",0.368313898257959,0.457542946779725,0,0,0,0,0,0,0,0,0,0,0,0,0,0,0,0,0,0,0.174143154962316
"CCTGAACGATATATTC-1_V11L05-333_A1",0.376070146379545,0.372503333319655,0.2514265203008,0,0,0,0,0,0,0,0,0,0,0,0,0,0,0,0,0,0
"CCTGAATATTTACATA-1_V11L05-333_A1",0.770760747383336,0.229239252616664,0,0,0,0,0,0,0,0,0,0,0,0,0,0,0,0,0,0,0
"CCTGACAAACTCGCGC-1_V11L05-333_A1",0.521814685624223,0.343620339493152,0,0,0,0,0,0,0,0,0,0,0,0,0,0,0,0.134564974882625,0,0,0
"CCTGACCACCGATGGT-1_V11L05-333_A1",0.851276499009196,0.148723500990804,0,0,0,0,0,0,0,0,0,0,0,0,0,0,0,0,0,0,0
"CCTGACGCAACCTTTA-1_V11L05-333_A1",0.223656083913093,0.166539884512025,0,0,0,0,0,0,0,0,0,0,0,0,0,0,0,0.164700356843378,0,0.445103674731503,0
"CCTGAGAATAAATGCA-1_V11L05-333_A1",0.144212225843104,0.395205181451927,0,0,0,0,0,0,0,0,0,0,0,0,0.204849878906048,0,0,0,0,0,0.255732713798922
"CCTGATTCGCGAAGAA-1_V11L05-333_A1",0.214779423721784,0.347818374091837,0.178763300661519,0,0,0,0,0,0,0,0,0,0,0,0,0,0,0,0,0,0.258638901524859
"CCTGCCCGTTGTCTAG-1_V11L05-333_A1",0.285110451469556,0.311572599244712,0.169195093013451,0,0,0,0,0,0,0,0,0,0,0,0,0,0,0,0,0.234121856272281,0
"CCTGCGATAGAACTGT-1_V11L05-333_A1",0.728833860311234,0.271166139688766,0,0,0,0,0,0,0,0,0,0,0,0,0,0,0,0,0,0,0
"CCTGCGTTCTACGCTT-1_V11L05-333_A1",0.406494985034217,0.593505014965783,0,0,0,0,0,0,0,0,0,0,0,0,0,0,0,0,0,0,0
"CCTGCTACAACCATAC-1_V11L05-333_A1",0.836032784164521,0.163967215835479,0,0,0,0,0,0,0,0,0,0,0,0,0,0,0,0,0,0,0
"CCTGCTATTTGAGAAG-1_V11L05-333_A1",0.579060147570691,0.277568878843542,0,0,0,0,0,0,0,0,0,0,0,0,0,0,0.143370973585767,0,0,0,0
"CCTGGAAACGTTCTGC-1_V11L05-333_A1",0.426151547381127,0.329130675036279,0.14524478308316,0,0,0,0,0,0,0,0,0,0,0,0,0,0.099472994499434,0,0,0,0
"CCTGGCTAGACCCGCC-1_V11L05-333_A1",0.762449299747992,0.237550700252008,0,0,0,0,0,0,0,0,0,0,0,0,0,0,0,0,0,0,0
"CCTGGTCGAATGTGGG-1_V11L05-333_A1",0.23613882031598,0.468635409552634,0,0,0,0,0,0,0,0,0,0,0,0.295225770131386,0,0,0,0,0,0,0
"CCTGTAAGACATGATA-1_V11L05-333_A1",0.736397159467248,0.263602840532752,0,0,0,0,0,0,0,0,0,0,0,0,0,0,0,0,0,0,0
"CCTGTACTCACGCCCA-1_V11L05-333_A1",0.529043193662131,0.350536713615975,0.120420092721894,0,0,0,0,0,0,0,0,0,0,0,0,0,0,0,0,0,0
"CCTGTCACCCGGGCTC-1_V11L05-333_A1",0.70611004964906,0.29388995035094,0,0,0,0,0,0,0,0,0,0,0,0,0,0,0,0,0,0,0
"CCTGTCCCTCACGTTA-1_V11L05-333_A1",0.273611784169816,0.254401671893915,0.298007285350286,0,0,0,0,0,0,0,0,0,0,0,0,0.173979258585983,0,0,0,0,0
"CCTGTCGCCCGTAAAT-1_V11L05-333_A1",0.827892392054106,0.172107607945894,0,0,0,0,0,0,0,0,0,0,0,0,0,0,0,0,0,0,0
"CCTGTCGTGTATGAAG-1_V11L05-333_A1",0,0.39082329022972,0.169506070955599,0,0,0,0,0,0.193496181389253,0,0,0,0,0,0,0,0,0,0,0,0.246174457425428
"CCTGTGAAACCGTAAC-1_V11L05-333_A1",0.440743913729852,0.341364851744118,0,0,0,0,0,0,0,0,0,0,0,0,0,0,0,0,0,0.21789123452603,0
"CCTGTGCATAGGAGAC-1_V11L05-333_A1",0.454250964483246,0.337019568755696,0.208729466761059,0,0,0,0,0,0,0,0,0,0,0,0,0,0,0,0,0,0
"CCTGTGCGGATTGTAA-1_V11L05-333_A1",0.185068222164018,0.178935203751818,0,0,0,0,0,0,0,0,0,0,0,0,0,0,0,0,0,0.635996574084163,0
"CCTGTTCAACCTCGGG-1_V11L05-333_A1",0,0.14602643034746,0,0,0,0,0,0,0,0,0.291319507194954,0,0.562654062457585,0,0,0,0,0,0,0,0
"CCTGTTTGAAGACACG-1_V11L05-333_A1",0.759666850843745,0.240333149156255,0,0,0,0,0,0,0,0,0,0,0,0,0,0,0,0,0,0,0
"CCTTAAGTACGCAATT-1_V11L05-333_A1",0.661214941652772,0.338785058347228,0,0,0,0,0,0,0,0,0,0,0,0,0,0,0,0,0,0,0
"CCTTCAGTTAAAGTGA-1_V11L05-333_A1",0.0982511275701093,0.243404416188174,0,0,0,0,0,0,0,0,0,0,0,0.197989746900601,0,0,0,0,0.280070314438376,0,0.18028439490274
"CCTTCCGCAACGCTGC-1_V11L05-333_A1",0,0.350898181515975,0.19419756204821,0,0.207346965893776,0,0,0,0,0,0,0,0,0,0,0,0,0,0,0,0.247557290542039
"CCTTCGTATAGAATCC-1_V11L05-333_A1",0.0814474199653101,0.112655960343185,0.0814568652950741,0,0,0,0,0,0,0,0,0,0,0.39171800300453,0.332721751391901,0,0,0,0,0,0
"CCTTCTCAGCGTTCCT-1_V11L05-333_A1",0.146082326641808,0.36964728760268,0.136097620688017,0,0,0,0,0,0,0,0,0,0,0,0,0,0,0,0,0.348172765067496,0
"CCTTCTTGATCCAGTG-1_V11L05-333_A1",0.573265263776886,0.426734736223114,0,0,0,0,0,0,0,0,0,0,0,0,0,0,0,0,0,0,0
"CCTTGACCACTTTATT-1_V11L05-333_A1",0.824010599990068,0.175989400009932,0,0,0,0,0,0,0,0,0,0,0,0,0,0,0,0,0,0,0
"CCTTGTGAACGTGGTT-1_V11L05-333_A1",0,0.147968210487552,0,0.355762599918568,0,0,0,0,0,0,0,0,0.49626918959388,0,0,0,0,0,0,0,0
"CCTTTAAGGGAGCACT-1_V11L05-333_A1",0.057677599159656,0.143051114820703,0,0,0,0,0,0,0,0,0,0,0,0,0,0,0,0,0.379050640820605,0.265714238288025,0.154506406911011
"CCTTTCAATGAAGAAA-1_V11L05-333_A1",0.746625447745176,0.149676187348593,0,0,0,0,0,0,0,0,0,0,0,0,0,0,0.10369836490623,0,0,0,0
"CCTTTGAATTATGGCT-1_V11L05-333_A1",0.16951426305101,0.399257199091727,0,0,0,0,0,0,0,0,0,0,0,0,0,0,0,0,0,0.431228537857264,0
"CGAAACATAGATGGCA-1_V11L05-333_A1",0.243945459638325,0.120293666439729,0.0822679531441851,0,0,0,0,0,0,0,0,0,0,0,0,0.55349292077776,0,0,0,0,0
"CGAAACGCAATTCATG-1_V11L05-333_A1",0.0646636453810741,0.0875671733211146,0,0,0,0.101485744027063,0,0,0,0,0,0,0,0,0,0.45590918238982,0,0,0,0.290374254880928,0
"CGAACAGTATGGGCGT-1_V11L05-333_A1",0.835230388863529,0.164769611136471,0,0,0,0,0,0,0,0,0,0,0,0,0,0,0,0,0,0,0
"CGAACATAGTCAGAAA-1_V11L05-333_A1",0.101223356119238,0.148755862610556,0,0,0,0,0,0,0,0,0,0,0,0,0.750020781270206,0,0,0,0,0,0
"CGAACCCGCATGCGTC-1_V11L05-333_A1",0.210850679184391,0.219819905322956,0,0,0,0,0,0,0,0,0,0,0,0.289577931363296,0,0,0,0,0,0.279751484129357,0
"CGAACCTCTTTCCTAG-1_V11L05-333_A1",0,0.387767325630483,0.260428934228166,0,0,0,0,0,0,0,0,0,0,0,0,0,0,0,0,0,0.351803740141351
"CGAACGCCCAGTGCCG-1_V11L05-333_A1",0.522691715192985,0.277989350618727,0.199318934188288,0,0,0,0,0,0,0,0,0,0,0,0,0,0,0,0,0,0
"CGAACGGCCGGACAAC-1_V11L05-333_A1",0.080673123726849,0.286021322231116,0,0,0,0,0,0,0,0,0,0,0,0,0,0,0,0,0,0.444592955416693,0.188712598625343
"CGAAGACGGTGAGTGC-1_V11L05-333_A1",0.413485263732089,0.451385406351581,0.13512932991633,0,0,0,0,0,0,0,0,0,0,0,0,0,0,0,0,0,0
"CGAAGACTGCCCGGGA-1_V11L05-333_A1",0.711604903767123,0.288395096232877,0,0,0,0,0,0,0,0,0,0,0,0,0,0,0,0,0,0,0
"CGAAGATCAGTTTCAT-1_V11L05-333_A1",0.180750028949066,0.246272590008126,0,0,0,0,0,0,0,0,0,0,0,0,0.572977381042808,0,0,0,0,0,0
"CGAAGCCACAGCATGG-1_V11L05-333_A1",0.21992174492332,0.410146302549302,0.166451940714215,0,0,0,0,0,0,0,0,0,0,0,0,0,0,0,0,0,0.203480011813163
"CGAAGCTATAAATTCA-1_V11L05-333_A1",0.328527031146188,0.240631069564588,0,0,0,0,0,0,0,0,0,0,0,0,0,0.430841899289224,0,0,0,0,0
"CGAAGGGTTTCAGATT-1_V11L05-333_A1",0,0.126396660375502,0.0778226016710479,0.36262889941496,0,0,0,0,0,0,0,0,0.43315183853849,0,0,0,0,0,0,0,0
"CGAAGTTGCTCTGTGT-1_V11L05-333_A1",0.695539124539188,0.194335092921943,0.110125782538869,0,0,0,0,0,0,0,0,0,0,0,0,0,0,0,0,0,0
"CGAATCTGCTCGACGC-1_V11L05-333_A1",0.21123812041195,0.128320612545027,0,0,0,0,0,0,0,0,0,0,0.50541206586432,0,0,0,0,0,0,0,0.155029201178704
"CGAATGAAGTCATTGC-1_V11L05-333_A1",0,0.145754043052288,0.050124780841247,0,0.267839314510308,0,0,0,0,0,0,0,0.536281861596158,0,0,0,0,0,0,0,0
"CGAATGACGCATAATG-1_V11L05-333_A1",0.0562865896490706,0.179903313649348,0,0,0,0,0,0,0,0,0.31712811265659,0,0,0.244976867401555,0,0,0,0,0,0.201705116643437,0
"CGAATGGTAGGTCGTC-1_V11L05-333_A1",0,0.645808447550819,0,0,0.354191552449181,0,0,0,0,0,0,0,0,0,0,0,0,0,0,0,0
"CGAATTACATGGTGTT-1_V11L05-333_A1",0.281010850303779,0.478205057952033,0,0,0,0,0,0,0,0,0,0,0,0.240784091744187,0,0,0,0,0,0,0
"CGAATTCCCGGTTCAA-1_V11L05-333_A1",0.406295917186982,0.298607239476689,0.29509684333633,0,0,0,0,0,0,0,0,0,0,0,0,0,0,0,0,0,0
"CGACAATTTGATCTAA-1_V11L05-333_A1",0.648184504815299,0.22658803622369,0.125227458961011,0,0,0,0,0,0,0,0,0,0,0,0,0,0,0,0,0,0
"CGACACCGCTTAAGGA-1_V11L05-333_A1",0,0.271956240734291,0.181330197339851,0,0,0,0,0,0,0.546713561925859,0,0,0,0,0,0,0,0,0,0,0
"CGACACGCTCCGACAG-1_V11L05-333_A1",0.594658376814235,0.405341623185765,0,0,0,0,0,0,0,0,0,0,0,0,0,0,0,0,0,0,0
"CGACACGGATGCCCAC-1_V11L05-333_A1",0.136777615178217,0.208587391774862,0,0,0,0,0,0,0,0,0,0,0.473177147198909,0,0,0,0,0,0,0,0.181457845848012
"CGACAGTTCGCGTTAT-1_V11L05-333_A1",0.709101509721278,0.19648572891079,0.0944127613679326,0,0,0,0,0,0,0,0,0,0,0,0,0,0,0,0,0,0
"CGACATGCGATCTTCT-1_V11L05-333_A1",0.799787606571896,0.200212393428104,0,0,0,0,0,0,0,0,0,0,0,0,0,0,0,0,0,0,0
"CGACCCTTAACGCCGG-1_V11L05-333_A1",0.115647727188806,0.320537668691731,0,0,0,0,0,0,0,0,0,0,0,0.0497998874404821,0,0,0,0,0,0.329894258215719,0.184120458463262
"CGACCGTTGGTATTCG-1_V11L05-333_A1",0.226833066170628,0.481453433376858,0,0,0,0,0,0,0,0,0,0,0,0,0,0,0,0,0,0,0.291713500452514
"CGACCTACTAGACAAT-1_V11L05-333_A1",0.285134938673021,0.260713767612884,0,0,0,0,0,0,0,0,0,0,0,0,0,0,0,0,0,0.454151293714095,0
"CGACGCATCCGTACCT-1_V11L05-333_A1",0.247206625841297,0.38502112028723,0,0,0,0,0,0,0,0,0,0,0,0,0,0,0,0,0,0,0.367772253871473
"CGACTCAGGATGTTAT-1_V11L05-333_A1",0.588898150833933,0.258941732553588,0.152160116612478,0,0,0,0,0,0,0,0,0,0,0,0,0,0,0,0,0,0
"CGACTCGGTACACGGT-1_V11L05-333_A1",0.21448652384378,0.186563013779783,0.0972405229551731,0,0,0,0,0,0,0,0,0,0,0.501709939421264,0,0,0,0,0,0,0
"CGACTTGCCGGGAAAT-1_V11L05-333_A1",0.332010097595496,0.501208892437328,0.166781009967176,0,0,0,0,0,0,0,0,0,0,0,0,0,0,0,0,0,0
"CGACTTTGTATAGCCT-1_V11L05-333_A1",0.302187574886133,0.133489642564645,0,0,0,0,0,0,0,0,0,0,0,0,0,0.564322782549222,0,0,0,0,0
"CGAGACCCTAGAGTGT-1_V11L05-333_A1",0.88530053788336,0.11469946211664,0,0,0,0,0,0,0,0,0,0,0,0,0,0,0,0,0,0,0
"CGAGACTACTGCTGCT-1_V11L05-333_A1",0.638570852396334,0.361429147603666,0,0,0,0,0,0,0,0,0,0,0,0,0,0,0,0,0,0,0
"CGAGAGATGTGAACCT-1_V11L05-333_A1",0.537152066062306,0.25840175625178,0.204446177685914,0,0,0,0,0,0,0,0,0,0,0,0,0,0,0,0,0,0
"CGAGAGCGCGTAGATA-1_V11L05-333_A1",0.160382483277903,0.382056880159534,0,0,0,0,0,0,0,0,0,0,0,0,0,0,0,0,0,0.457560636562563,0
"CGAGAGCTTTCACTAC-1_V11L05-333_A1",0.758910787002719,0.241089212997281,0,0,0,0,0,0,0,0,0,0,0,0,0,0,0,0,0,0,0
"CGAGAGGGTAGCCGCG-1_V11L05-333_A1",0.743990211575606,0.256009788424394,0,0,0,0,0,0,0,0,0,0,0,0,0,0,0,0,0,0,0
"CGAGATGTTGCCTATA-1_V11L05-333_A1",0.731528218799749,0.268471781200251,0,0,0,0,0,0,0,0,0,0,0,0,0,0,0,0,0,0,0
"CGAGATTTCGCTCGGG-1_V11L05-333_A1",0.804268563113868,0.195731436886132,0,0,0,0,0,0,0,0,0,0,0,0,0,0,0,0,0,0,0
"CGAGCACTTCAAGTTT-1_V11L05-333_A1",0.809206185554531,0.190793814445469,0,0,0,0,0,0,0,0,0,0,0,0,0,0,0,0,0,0,0
"CGAGCCGAGCACTCGA-1_V11L05-333_A1",0.800231325310216,0,0,0,0,0,0.199768674689784,0,0,0,0,0,0,0,0,0,0,0,0,0,0
"CGAGCGTTGATCAGCC-1_V11L05-333_A1",0.82589266785189,0.17410733214811,0,0,0,0,0,0,0,0,0,0,0,0,0,0,0,0,0,0,0
"CGAGCTGGGCTTTAGG-1_V11L05-333_A1",0.723558275169516,0.276441724830484,0,0,0,0,0,0,0,0,0,0,0,0,0,0,0,0,0,0,0
"CGAGGAGCTTCCATAT-1_V11L05-333_A1",0.316723578205331,0.263125019544583,0,0,0,0,0,0,0,0,0,0,0,0.106640637529169,0,0.313510764720917,0,0,0,0,0
"CGAGGATCGGGAACGA-1_V11L05-333_A1",0.325249199707182,0.187286383162234,0.147792106135902,0,0,0,0,0,0,0,0,0,0,0,0,0.339672310994682,0,0,0,0,0
"CGAGGCCAGGCATTGG-1_V11L05-333_A1",0.671422809498299,0.328577190501701,0,0,0,0,0,0,0,0,0,0,0,0,0,0,0,0,0,0,0
"CGAGGCTAAATATGGC-1_V11L05-333_A1",0.718164340551675,0.281835659448325,0,0,0,0,0,0,0,0,0,0,0,0,0,0,0,0,0,0,0
"CGAGGGACTGCGGTCG-1_V11L05-333_A1",0.822836662741717,0.177163337258283,0,0,0,0,0,0,0,0,0,0,0,0,0,0,0,0,0,0,0
"CGAGGGTATCCAGGTG-1_V11L05-333_A1",0.114694027583314,0.368502910788855,0,0,0,0,0,0,0,0,0,0,0,0,0,0,0,0,0,0.329689951959263,0.187113109668569
"CGAGTACTAAAGAGGA-1_V11L05-333_A1",0.144657938301696,0.238809851081356,0,0,0,0,0,0,0,0,0,0,0,0,0,0,0.082928868469054,0,0,0.384474686251815,0.149128655896079
"CGAGTGAAGGTACCAG-1_V11L05-333_A1",0.0815054834838927,0.24603579687079,0,0,0,0,0,0,0,0,0,0,0,0.373821649943093,0,0,0,0,0,0,0.298637069702223
"CGAGTGCTATAGTTCG-1_V11L05-333_A1",0.575087224068616,0.282344374535747,0.142568401395637,0,0,0,0,0,0,0,0,0,0,0,0,0,0,0,0,0,0
"CGAGTTCTGTCCCACC-1_V11L05-333_A1",0.558008815771731,0.441991184228269,0,0,0,0,0,0,0,0,0,0,0,0,0,0,0,0,0,0,0
"CGAGTTTATCGGACTG-1_V11L05-333_A1",0.625116131331037,0.264300866239593,0.11058300242937,0,0,0,0,0,0,0,0,0,0,0,0,0,0,0,0,0,0
"CGATAACCAATTTGAG-1_V11L05-333_A1",0,0.221913283381369,0.130201190273951,0,0,0,0,0,0,0,0,0,0,0.368206462501036,0,0,0,0,0,0,0.279679063843644
"CGATAATACTCAGGTT-1_V11L05-333_A1",0.656856139984757,0.235453123436122,0.107690736579121,0,0,0,0,0,0,0,0,0,0,0,0,0,0,0,0,0,0
"CGATACCTCGCGGACA-1_V11L05-333_A1",0.443849414292276,0.244481627572511,0.311668958135213,0,0,0,0,0,0,0,0,0,0,0,0,0,0,0,0,0,0
"CGATAGCGATACAGTG-1_V11L05-333_A1",0,0.236300692003215,0,0,0,0,0,0,0,0,0,0,0.763699307996785,0,0,0,0,0,0,0,0
"CGATAGTCGTACTGCA-1_V11L05-333_A1",0.621307272993543,0.378692727006457,0,0,0,0,0,0,0,0,0,0,0,0,0,0,0,0,0,0,0
"CGATATTAGCCGCAGG-1_V11L05-333_A1",0.615264943296413,0.18736849488523,0.197366561818357,0,0,0,0,0,0,0,0,0,0,0,0,0,0,0,0,0,0
"CGATCATTAGAGGCAC-1_V11L05-333_A1",0,0.375373713369583,0.262385261934687,0,0,0,0,0,0,0,0,0,0,0,0,0.36224102469573,0,0,0,0,0
"CGATCCACCATTGTTG-1_V11L05-333_A1",0,0.178406865208425,0,0.434638779210895,0,0,0,0,0,0,0,0,0,0.227045497543932,0,0,0,0,0,0,0.159908858036749
"CGATCCGACCCAGTGC-1_V11L05-333_A1",0.62085604420502,0.37914395579498,0,0,0,0,0,0,0,0,0,0,0,0,0,0,0,0,0,0,0
"CGATCCTCGCAACATA-1_V11L05-333_A1",0.0946960859947376,0.199773696926078,0,0,0,0,0,0,0,0,0.124655864489626,0,0,0.437683714467577,0,0,0,0,0,0,0.143190638121981
"CGATCGAGAAGCACCA-1_V11L05-333_A1",0,0.082684290797176,0.0704397582850441,0.588167019826969,0,0,0,0,0,0,0,0,0,0.258708931090811,0,0,0,0,0,0,0
"CGATCTGTTGGAGGAC-1_V11L05-333_A1",0.0791284512488958,0.369644594795977,0,0,0,0,0,0,0,0,0,0,0,0,0,0,0,0,0,0.32788488875129,0.223342065203837
"CGATGGACCCTACGCC-1_V11L05-333_A1",0.617362964145106,0.185976059330785,0,0,0,0,0,0,0,0,0,0,0,0,0,0.196660976524108,0,0,0,0,0
"CGATGTTGTTATCTAC-1_V11L05-333_A1",0,0.341893452817284,0,0,0,0,0,0,0,0,0,0,0,0.315334509561784,0,0,0,0,0,0,0.342772037620932
"CGATTAAATATCTCCT-1_V11L05-333_A1",0.419195811304749,0.250476869766145,0,0,0,0,0,0,0,0,0,0,0,0.330327318929106,0,0,0,0,0,0,0
"CGATTCGCCTGGCTGC-1_V11L05-333_A1",0.488409310499434,0.25462422060634,0,0,0,0,0,0,0,0,0.256966468894226,0,0,0,0,0,0,0,0,0,0
"CGATTTGTCATTAATG-1_V11L05-333_A1",0.213401942009847,0.600128897312196,0.186469160677957,0,0,0,0,0,0,0,0,0,0,0,0,0,0,0,0,0,0
"CGCAAACACGAGTTAC-1_V11L05-333_A1",0.843428522220178,0.156571477779822,0,0,0,0,0,0,0,0,0,0,0,0,0,0,0,0,0,0,0
"CGCAATCGATCATTAG-1_V11L05-333_A1",0.467735671439213,0.281778073988255,0,0,0,0,0,0,0.250486254572532,0,0,0,0,0,0,0,0,0,0,0,0
"CGCAATTACTTTCGGT-1_V11L05-333_A1",0.743646644121284,0.256353355878716,0,0,0,0,0,0,0,0,0,0,0,0,0,0,0,0,0,0,0
"CGCAATTAGGGTAATA-1_V11L05-333_A1",0.759437408313553,0.240562591686446,0,0,0,0,0,0,0,0,0,0,0,0,0,0,0,0,0,0,0
"CGCAATTCTACAATAA-1_V11L05-333_A1",0.32278347313225,0.486604733661827,0.190611793205923,0,0,0,0,0,0,0,0,0,0,0,0,0,0,0,0,0,0
"CGCACATGTCCACTAC-1_V11L05-333_A1",0.78598286896916,0.21401713103084,0,0,0,0,0,0,0,0,0,0,0,0,0,0,0,0,0,0,0
"CGCACGTCTGTTTATG-1_V11L05-333_A1",0.0554280352488684,0.151942204070328,0,0,0,0,0,0,0,0,0,0,0.657371321904668,0,0,0,0,0,0,0,0.135258438776135
"CGCACGTGCGCTATCA-1_V11L05-333_A1",0.323807642068584,0.197023595121327,0,0,0,0,0,0,0,0,0,0,0,0.10215120203192,0,0.377017560778169,0,0,0,0,0
"CGCAGAAACATTTGCG-1_V11L05-333_A1",0.678468140710576,0.321531859289424,0,0,0,0,0,0,0,0,0,0,0,0,0,0,0,0,0,0,0
"CGCAGATCTTCACCCG-1_V11L05-333_A1",0.833943110626757,0.166056889373243,0,0,0,0,0,0,0,0,0,0,0,0,0,0,0,0,0,0,0
"CGCAGGCGATCCAAAC-1_V11L05-333_A1",0.594074407876889,0.218386078304498,0.187539513818613,0,0,0,0,0,0,0,0,0,0,0,0,0,0,0,0,0,0
"CGCAGTTCTATCTTTC-1_V11L05-333_A1",0,0,0,0,0,0,0,0,0,0,0,0,0,0,0,0,0,0,0,0,0
"CGCATCATGGCTTCAG-1_V11L05-333_A1",0.681726515824279,0.318273484175721,0,0,0,0,0,0,0,0,0,0,0,0,0,0,0,0,0,0,0
"CGCATCCATCAGCCAG-1_V11L05-333_A1",0.554117888577952,0.445882111422048,0,0,0,0,0,0,0,0,0,0,0,0,0,0,0,0,0,0,0
"CGCATGCCGAATGCGT-1_V11L05-333_A1",0.50987327328593,0.49012672671407,0,0,0,0,0,0,0,0,0,0,0,0,0,0,0,0,0,0,0
"CGCATGGTGCGATGCT-1_V11L05-333_A1",0.666222715092279,0.191696402099639,0.142080882808082,0,0,0,0,0,0,0,0,0,0,0,0,0,0,0,0,0,0
"CGCATTAGCTAATAGG-1_V11L05-333_A1",0.676043057171342,0.323956942828658,0,0,0,0,0,0,0,0,0,0,0,0,0,0,0,0,0,0,0
"CGCCAAGAAGCCGAGT-1_V11L05-333_A1",0.132906987821432,0.202253176603813,0.189034004475105,0,0,0,0,0,0,0,0.194112491327157,0,0,0.281693339772493,0,0,0,0,0,0,0
"CGCCAATTATTGCGTT-1_V11L05-333_A1",0.73879227351017,0.26120772648983,0,0,0,0,0,0,0,0,0,0,0,0,0,0,0,0,0,0,0
"CGCCACAGGTCGCGAT-1_V11L05-333_A1",0.0433762434035697,0.225047033905071,0,0,0,0,0,0,0,0,0,0,0,0,0,0,0,0,0,0.731576722691359,0
"CGCCACCCGCATTAAC-1_V11L05-333_A1",0.569423518972386,0.430576481027614,0,0,0,0,0,0,0,0,0,0,0,0,0,0,0,0,0,0,0
"CGCCAGTAGTACCTTG-1_V11L05-333_A1",0.271374727186584,0.470088447253772,0.258536825559644,0,0,0,0,0,0,0,0,0,0,0,0,0,0,0,0,0,0
"CGCCATCCGATTATGA-1_V11L05-333_A1",0.572184258116451,0.31456417987856,0.113251562004989,0,0,0,0,0,0,0,0,0,0,0,0,0,0,0,0,0,0
"CGCCCAGCACGCCTAG-1_V11L05-333_A1",0,0.369434367719656,0,0,0,0,0,0,0,0,0,0,0,0.307466539269358,0,0,0,0,0,0,0.323099093010986
"CGCCCAGCGTTTCACG-1_V11L05-333_A1",0.616527325722378,0.383472674277622,0,0,0,0,0,0,0,0,0,0,0,0,0,0,0,0,0,0,0
"CGCCCGCTTCCGTACA-1_V11L05-333_A1",0.053806892697304,0.0651051092783166,0.0477844644067972,0,0,0,0,0,0,0,0,0,0,0,0,0.833303533617582,0,0,0,0,0
"CGCCCTAATTGTTCAA-1_V11L05-333_A1",0,0.331691718977114,0,0,0,0,0,0,0.668308281022886,0,0,0,0,0,0,0,0,0,0,0,0
"CGCCCTTACATCCACC-1_V11L05-333_A1",0.197477445893157,0.47185067265274,0.146115711480848,0,0,0,0,0,0,0,0,0,0,0,0,0,0,0,0,0,0.184556169973254
"CGCCCTTGAAGGCTGA-1_V11L05-333_A1",0.457804710715415,0.402855476421299,0.139339812863286,0,0,0,0,0,0,0,0,0,0,0,0,0,0,0,0,0,0
"CGCCGACTATTCGCTA-1_V11L05-333_A1",0.346915118779602,0.372409977867605,0,0,0,0,0,0,0,0,0,0,0,0,0,0.280674903352793,0,0,0,0,0
"CGCCGCCCATGCCTGT-1_V11L05-333_A1",0.48879322850546,0.199274137172838,0.203812134086407,0,0,0,0,0,0,0.108120500235294,0,0,0,0,0,0,0,0,0,0,0
"CGCCGCGTTCTGAACG-1_V11L05-333_A1",0.0347832081473025,0.133896034822864,0,0.328386289659217,0,0,0,0,0,0,0,0,0.502934467370616,0,0,0,0,0,0,0,0
"CGCCGGTGTCGCAGTA-1_V11L05-333_A1",0,0.225077516774046,0.157923887861994,0,0,0,0,0,0,0,0,0,0,0.311762074494445,0,0,0,0,0,0,0.305236520869515
"CGCCGTCTACCCATCG-1_V11L05-333_A1",0.799865516683074,0.200134483316926,0,0,0,0,0,0,0,0,0,0,0,0,0,0,0,0,0,0,0
"CGCCGTTCAGCATAGT-1_V11L05-333_A1",0.387931370801447,0.391759375403764,0.220309253794789,0,0,0,0,0,0,0,0,0,0,0,0,0,0,0,0,0,0
"CGCCTCCCTCCTCTAT-1_V11L05-333_A1",0,0,0,0,0,0,0,0,0,0,0,0,0,0,0,0,0,0,0,0,0
"CGCCTGGCCTACGTAA-1_V11L05-333_A1",0.230298368113249,0.267293245637808,0,0,0,0,0,0,0.0509083261518342,0,0,0,0,0,0,0,0,0,0,0.451500060097109,0
"CGCCTTTAGCATGCTC-1_V11L05-333_A1",0.54047622022844,0.204037410189381,0.255486369582179,0,0,0,0,0,0,0,0,0,0,0,0,0,0,0,0,0,0
"CGCGAAGTGGCATACT-1_V11L05-333_A1",0.714436668784408,0.285563331215592,0,0,0,0,0,0,0,0,0,0,0,0,0,0,0,0,0,0,0
"CGCGACACTGCGCAGC-1_V11L05-333_A1",0.56747401260924,0.274505061588859,0.158020925801901,0,0,0,0,0,0,0,0,0,0,0,0,0,0,0,0,0,0
"CGCGACCGCGACAGAT-1_V11L05-333_A1",0.711557798678403,0.288442201321597,0,0,0,0,0,0,0,0,0,0,0,0,0,0,0,0,0,0,0
"CGCGAGAGGGACTTGT-1_V11L05-333_A1",0.339396063181758,0.303544887484616,0.162749950254645,0,0,0,0,0,0.194309099078981,0,0,0,0,0,0,0,0,0,0,0,0
"CGCGAGTCTGCCGGGT-1_V11L05-333_A1",0.0875161553014829,0.231510857644984,0,0,0,0,0,0,0,0,0,0,0,0.172382484744096,0,0,0,0,0,0.299866489308967,0.20872401300047
"CGCGCAAATGTCCAGA-1_V11L05-333_A1",0.0481651416210949,0.247736781407361,0.131430322838093,0,0,0,0,0,0,0,0,0,0,0,0,0,0,0,0,0.427647066964105,0.145020687169346
"CGCGCAAGGAACTACA-1_V11L05-333_A1",0.530909523112958,0.339540964147371,0.129549512739671,0,0,0,0,0,0,0,0,0,0,0,0,0,0,0,0,0,0
"CGCGCATGTTTGATTG-1_V11L05-333_A1",0.229027586067385,0.546035797412125,0,0,0,0,0,0,0,0,0,0,0,0,0,0,0,0,0,0.224936616520489,0
"CGCGCCCGACTTAATA-1_V11L05-333_A1",0.698915115599512,0.181502180011747,0.119582704388741,0,0,0,0,0,0,0,0,0,0,0,0,0,0,0,0,0,0
"CGCGGCAGTATTACGG-1_V11L05-333_A1",0.509855581199268,0.290065216923333,0,0,0,0,0,0,0,0,0,0,0,0,0,0,0,0.200079201877399,0,0,0
"CGCGGCTCAACTTGAA-1_V11L05-333_A1",0.354456421529949,0.242798310070171,0.40274526839988,0,0,0,0,0,0,0,0,0,0,0,0,0,0,0,0,0,0
"CGCGGGAATTAGGCAG-1_V11L05-333_A1",0.697674783770489,0.302325216229511,0,0,0,0,0,0,0,0,0,0,0,0,0,0,0,0,0,0,0
"CGCGGGAATTCCTTTC-1_V11L05-333_A1",0.359953358726259,0.236497919389883,0,0,0,0,0,0,0,0,0,0,0,0.128134305782729,0,0,0,0,0,0.275414416101129,0
"CGCGGTAAGTCTAGCT-1_V11L05-333_A1",0.304186625130937,0.172301065794445,0.133115712817398,0,0,0,0,0,0,0,0,0,0,0.390396596257219,0,0,0,0,0,0,0
"CGCGGTACGGTATACA-1_V11L05-333_A1",0.488865010124361,0.306453044438779,0.204681945436859,0,0,0,0,0,0,0,0,0,0,0,0,0,0,0,0,0,0
"CGCGGTCACAAACCAA-1_V11L05-333_A1",0.504477066211502,0.18076004606875,0,0,0,0,0,0,0,0,0,0,0,0.314762887719748,0,0,0,0,0,0,0
"CGCGTACATTCTGGAA-1_V11L05-333_A1",0,0.148017290361691,0.156852561694892,0,0,0,0,0,0,0,0,0,0.458003739689938,0,0,0,0,0,0,0,0.237126408253479
"CGCGTCATATTAAACC-1_V11L05-333_A1",0.438869787532645,0.561130212467355,0,0,0,0,0,0,0,0,0,0,0,0,0,0,0,0,0,0,0
"CGCGTGCTATCAACGA-1_V11L05-333_A1",0.555444090809061,0.444555909190939,0,0,0,0,0,0,0,0,0,0,0,0,0,0,0,0,0,0,0
"CGCGTGGGCCTGTGTT-1_V11L05-333_A1",0.189120194325391,0.524816024262218,0,0,0,0,0,0,0,0,0,0,0,0,0,0,0,0,0,0,0.286063781412391
"CGCGTTCATGAAATAC-1_V11L05-333_A1",0.67868459528799,0.32131540471201,0,0,0,0,0,0,0,0,0,0,0,0,0,0,0,0,0,0,0
"CGCTACCGCCCTATGA-1_V11L05-333_A1",0.67063107505867,0.32936892494133,0,0,0,0,0,0,0,0,0,0,0,0,0,0,0,0,0,0,0
"CGCTACGGGACATTTA-1_V11L05-333_A1",0.763078982269276,0.236921017730724,0,0,0,0,0,0,0,0,0,0,0,0,0,0,0,0,0,0,0
"CGCTAGAGACCGCTGC-1_V11L05-333_A1",0.703419176761846,0.296580823238154,0,0,0,0,0,0,0,0,0,0,0,0,0,0,0,0,0,0,0
"CGCTATACCGCCCACT-1_V11L05-333_A1",0.827703265805998,0.172296734194002,0,0,0,0,0,0,0,0,0,0,0,0,0,0,0,0,0,0,0
"CGCTATCGTGGCTTTA-1_V11L05-333_A1",0,0.2525748022527,0,0,0,0,0,0,0,0,0,0,0,0,0.513113491823729,0,0,0,0,0,0.23431170592357
"CGCTATTCAATGTATG-1_V11L05-333_A1",0.623545737928356,0.376454262071644,0,0,0,0,0,0,0,0,0,0,0,0,0,0,0,0,0,0,0
"CGCTATTCTTAGGCTC-1_V11L05-333_A1",0.621754328908964,0.378245671091036,0,0,0,0,0,0,0,0,0,0,0,0,0,0,0,0,0,0,0
"CGCTCGACATAATGAT-1_V11L05-333_A1",0.697708060550028,0.302291939449972,0,0,0,0,0,0,0,0,0,0,0,0,0,0,0,0,0,0,0
"CGCTCTCCGTAGATTA-1_V11L05-333_A1",0.541971832893792,0.342478162113071,0.115550004993137,0,0,0,0,0,0,0,0,0,0,0,0,0,0,0,0,0,0
"CGCTGAGGACGTCCAA-1_V11L05-333_A1",0.4643675097602,0.5356324902398,0,0,0,0,0,0,0,0,0,0,0,0,0,0,0,0,0,0,0
"CGCTGGTGACTACCCT-1_V11L05-333_A1",0.709121621902006,0.290878378097994,0,0,0,0,0,0,0,0,0,0,0,0,0,0,0,0,0,0,0
"CGCTGTGACGCCGCAC-1_V11L05-333_A1",0.516690502565467,0.203205676377231,0.280103821057301,0,0,0,0,0,0,0,0,0,0,0,0,0,0,0,0,0,0
"CGCTGTGTGGATGTTG-1_V11L05-333_A1",0.130694876698011,0.169965551892238,0,0,0,0,0,0,0,0,0,0,0,0.17646920596376,0,0,0,0,0.382499291492032,0,0.140371073953959
"CGCTTAGTATTGATAC-1_V11L05-333_A1",0.13227017026589,0.347264317585092,0,0,0.298053257091122,0,0,0,0,0,0,0,0,0,0,0,0,0,0,0,0.222412255057895
"CGCTTATTCCCGGTCG-1_V11L05-333_A1",0.268566045034331,0.389632815368307,0,0,0,0,0,0,0,0,0,0,0,0,0,0,0,0,0,0.341801139597362,0
"CGCTTCCACTGAAATC-1_V11L05-333_A1",0.490411143688105,0.31780127863513,0.191787577676764,0,0,0,0,0,0,0,0,0,0,0,0,0,0,0,0,0,0
"CGCTTCGGTCTAAGAC-1_V11L05-333_A1",0.655628260998529,0.344371739001471,0,0,0,0,0,0,0,0,0,0,0,0,0,0,0,0,0,0,0
"CGCTTGGACGGATAGA-1_V11L05-333_A1",0.671624605602955,0.328375394397045,0,0,0,0,0,0,0,0,0,0,0,0,0,0,0,0,0,0,0
"CGCTTTCATACCGGTG-1_V11L05-333_A1",0.567435655284909,0.303761634835552,0.128802709879539,0,0,0,0,0,0,0,0,0,0,0,0,0,0,0,0,0,0
"CGCTTTCCGCCAAGGT-1_V11L05-333_A1",0.146343782653567,0.326337646959979,0,0,0.527318570386454,0,0,0,0,0,0,0,0,0,0,0,0,0,0,0,0
"CGCTTTCTTGCATTCG-1_V11L05-333_A1",0.363890695935386,0.369383231295857,0,0,0,0,0,0,0,0,0,0,0,0,0,0.266726072768757,0,0,0,0,0
"CGGAAAGAATCAAACG-1_V11L05-333_A1",0.0624814743564828,0.219799567514248,0,0,0,0,0,0,0,0,0.0444454467455726,0,0,0,0,0,0,0,0,0.414983813455716,0.258289697927981
"CGGAAAGCAAATGTGC-1_V11L05-333_A1",0.605243940804136,0.394756059195864,0,0,0,0,0,0,0,0,0,0,0,0,0,0,0,0,0,0,0
"CGGAAATTTCACATCC-1_V11L05-333_A1",0.663690180713616,0.336309819286384,0,0,0,0,0,0,0,0,0,0,0,0,0,0,0,0,0,0,0
"CGGAACGTAAACATAG-1_V11L05-333_A1",0.192296353279615,0.151675326492087,0,0,0,0,0,0,0,0,0,0,0,0,0,0,0,0,0,0.518476115534352,0.137552204693946
"CGGACCTCTGTAGTTA-1_V11L05-333_A1",0,0.242331487446534,0.116396642260538,0,0.423267632220436,0,0,0,0,0,0,0,0,0.218004238072491,0,0,0,0,0,0,0
"CGGACCTTTACGTCCC-1_V11L05-333_A1",0,0.39357966049791,0.255745201644156,0,0,0,0,0,0,0,0,0,0,0,0,0,0,0,0,0.350675137857933,0
"CGGACGTTACTTGAAG-1_V11L05-333_A1",0.18089451875888,0.393074454194369,0,0,0,0,0,0,0,0,0,0,0,0,0,0,0,0,0,0.226424874422098,0.199606152624653
"CGGAGCAATTTAATCG-1_V11L05-333_A1",0.150167582493793,0.317459568938141,0,0,0,0,0,0,0.276166512331168,0,0,0,0,0,0,0,0,0.108664346632233,0,0,0.147541989604664
"CGGAGCATGGCGATCC-1_V11L05-333_A1",0.757870190179754,0.242129809820247,0,0,0,0,0,0,0,0,0,0,0,0,0,0,0,0,0,0,0
"CGGAGCTTATAACACC-1_V11L05-333_A1",0.401612476944966,0.416737767497953,0.181649755557081,0,0,0,0,0,0,0,0,0,0,0,0,0,0,0,0,0,0
"CGGAGTCCTAACCTGG-1_V11L05-333_A1",0.145604332168357,0.360778060817919,0,0,0,0,0,0,0,0,0,0,0,0.493617607013724,0,0,0,0,0,0,0
"CGGAGTTTGAGAGACA-1_V11L05-333_A1",0.510095630652406,0.302474422820209,0.187429946527384,0,0,0,0,0,0,0,0,0,0,0,0,0,0,0,0,0,0
"CGGATAAGCGGACATG-1_V11L05-333_A1",0.415275431816597,0.584724568183403,0,0,0,0,0,0,0,0,0,0,0,0,0,0,0,0,0,0,0
"CGGATCCTCAAGGACT-1_V11L05-333_A1",0.704252922866158,0.295747077133842,0,0,0,0,0,0,0,0,0,0,0,0,0,0,0,0,0,0,0
"CGGATGAATGCTGTGA-1_V11L05-333_A1",0,0.334316439389878,0,0,0,0,0,0,0,0,0,0,0,0.355463490412926,0,0,0,0,0,0,0.310220070197196
"CGGATTCTGCCTTATG-1_V11L05-333_A1",0.334474962766172,0.321966931821527,0.343558105412301,0,0,0,0,0,0,0,0,0,0,0,0,0,0,0,0,0,0
"CGGCAAACATCGTGCG-1_V11L05-333_A1",0.37520226910608,0.371833892422051,0.252963838471869,0,0,0,0,0,0,0,0,0,0,0,0,0,0,0,0,0,0
"CGGCAATAAGATCGCC-1_V11L05-333_A1",0.832978409325727,0.167021590674273,0,0,0,0,0,0,0,0,0,0,0,0,0,0,0,0,0,0,0
"CGGCACCGTTAGCGCC-1_V11L05-333_A1",0.728364397327952,0.271635602672048,0,0,0,0,0,0,0,0,0,0,0,0,0,0,0,0,0,0,0
"CGGCACTCAAGAAAGT-1_V11L05-333_A1",0.684328414957862,0.315671585042138,0,0,0,0,0,0,0,0,0,0,0,0,0,0,0,0,0,0,0
"CGGCAGGGTCGGGTTG-1_V11L05-333_A1",0.383351907168268,0.305226147750157,0.311421945081576,0,0,0,0,0,0,0,0,0,0,0,0,0,0,0,0,0,0
"CGGCCACGCACAAAGT-1_V11L05-333_A1",0.741726790053151,0.177931217894435,0.0803419920524149,0,0,0,0,0,0,0,0,0,0,0,0,0,0,0,0,0,0
"CGGCCAGAGCGACCAT-1_V11L05-333_A1",0,0.21437705755329,0,0,0,0,0,0,0,0,0,0,0,0.473298409734371,0,0,0,0,0.31232453271234,0,0
"CGGCCCAACCTGTAGT-1_V11L05-333_A1",0.748779694540879,0.251220305459121,0,0,0,0,0,0,0,0,0,0,0,0,0,0,0,0,0,0,0
"CGGCCCAGGTATATCC-1_V11L05-333_A1",0.374840012870588,0.380208521158776,0.244951465970636,0,0,0,0,0,0,0,0,0,0,0,0,0,0,0,0,0,0
"CGGCGCCATCAATCCC-1_V11L05-333_A1",0.721500655903656,0.278499344096344,0,0,0,0,0,0,0,0,0,0,0,0,0,0,0,0,0,0,0
"CGGCTCTAAAGCTGCA-1_V11L05-333_A1",0.61432191596303,0.205057890257163,0.180620193779808,0,0,0,0,0,0,0,0,0,0,0,0,0,0,0,0,0,0
"CGGCTCTTCGTCGAAC-1_V11L05-333_A1",0.567455895031109,0.222135657541486,0,0,0,0,0,0,0,0,0,0,0,0.210408447427405,0,0,0,0,0,0,0
"CGGCTGAAGGTTACGC-1_V11L05-333_A1",0.10489658241976,0.295864033727478,0,0,0,0,0,0,0.0736207694274152,0,0,0,0,0.277642863661967,0,0,0,0,0,0,0.24797575076338
"CGGCTGCAAGATTAAG-1_V11L05-333_A1",0.641419226005819,0.358580773994181,0,0,0,0,0,0,0,0,0,0,0,0,0,0,0,0,0,0,0
"CGGCTTTGTATGATAA-1_V11L05-333_A1",0.688848192873568,0.311151807126432,0,0,0,0,0,0,0,0,0,0,0,0,0,0,0,0,0,0,0
"CGGGAACGCCCTGCAT-1_V11L05-333_A1",0.11587982400133,0.325223418440111,0.313563091738414,0,0,0,0,0,0,0,0,0,0,0,0,0,0,0,0,0,0.245333665820145
"CGGGAAGTACCGTGGC-1_V11L05-333_A1",0,0.415796677558032,0.148424616259787,0,0.204712588600851,0,0,0,0,0,0,0,0,0,0,0,0,0,0,0,0.231066117581331
"CGGGAATATAGTATAC-1_V11L05-333_A1",0.523230551942889,0.476769448057111,0,0,0,0,0,0,0,0,0,0,0,0,0,0,0,0,0,0,0
"CGGGAATTTATGTAAA-1_V11L05-333_A1",0.660703685928107,0.339296314071893,0,0,0,0,0,0,0,0,0,0,0,0,0,0,0,0,0,0,0
"CGGGAGCTTCAGTGTA-1_V11L05-333_A1",0.611958414964752,0.388041585035248,0,0,0,0,0,0,0,0,0,0,0,0,0,0,0,0,0,0,0
"CGGGAGTATACCGCCG-1_V11L05-333_A1",0.706745619699963,0.293254380300037,0,0,0,0,0,0,0,0,0,0,0,0,0,0,0,0,0,0,0
"CGGGATCAATGTAAGA-1_V11L05-333_A1",0.509331358250071,0.307919035080681,0.182749606669248,0,0,0,0,0,0,0,0,0,0,0,0,0,0,0,0,0,0
"CGGGCAGCTAAACCGC-1_V11L05-333_A1",0.700670987738037,0.18519812290771,0.114130889354253,0,0,0,0,0,0,0,0,0,0,0,0,0,0,0,0,0,0
"CGGGCCATAGCCGCAC-1_V11L05-333_A1",0.666708561986751,0.333291438013249,0,0,0,0,0,0,0,0,0,0,0,0,0,0,0,0,0,0,0
"CGGGCCTTCTTTGTAA-1_V11L05-333_A1",0.600603748658086,0.272110771691174,0.127285479650739,0,0,0,0,0,0,0,0,0,0,0,0,0,0,0,0,0,0
"CGGGCGATGGATCACG-1_V11L05-333_A1",0.12195978348027,0.312929689255862,0,0,0,0,0,0,0,0,0,0,0,0.320553114945203,0,0,0,0,0,0,0.244557412318665
"CGGGCTACTTAAATTG-1_V11L05-333_A1",0,0.296418539835107,0.175385257013271,0,0,0,0,0,0,0,0,0,0.294545816984413,0,0,0,0,0,0,0,0.233650386167209
"CGGGTGTACCCATTTA-1_V11L05-333_A1",0.527589062418158,0.301857555760899,0.170553381820943,0,0,0,0,0,0,0,0,0,0,0,0,0,0,0,0,0,0
"CGGGTTCGGCACGTAT-1_V11L05-333_A1",0,0.436480089066722,0.185207933232132,0,0,0,0,0,0,0,0,0,0,0,0,0.378311977701146,0,0,0,0,0
"CGGGTTGTAGCTTTGG-1_V11L05-333_A1",0.507202184706526,0.320454773548486,0.172343041744988,0,0,0,0,0,0,0,0,0,0,0,0,0,0,0,0,0,0
"CGGGTTTGTTAGGGCT-1_V11L05-333_A1",0.615235744739227,0.384764255260773,0,0,0,0,0,0,0,0,0,0,0,0,0,0,0,0,0,0,0
"CGGTAACAAGATACAT-1_V11L05-333_A1",0.437491038910056,0.235229496995311,0.10142825130429,0,0,0,0,0,0,0,0,0,0,0,0,0.225851212790342,0,0,0,0,0
"CGGTACGGCAAACCCA-1_V11L05-333_A1",0.107211145772231,0.304731164438523,0.14951928553944,0,0,0,0,0,0,0,0.196308807299059,0,0,0,0,0,0,0,0,0,0.242229596950747
"CGGTACTAGAATCAAA-1_V11L05-333_A1",0.628035794673038,0.245482944240533,0.126481261086429,0,0,0,0,0,0,0,0,0,0,0,0,0,0,0,0,0,0
"CGGTAGAGGTGCAGGT-1_V11L05-333_A1",0.787446813087569,0.212553186912431,0,0,0,0,0,0,0,0,0,0,0,0,0,0,0,0,0,0,0
"CGGTATAGGTATTAGC-1_V11L05-333_A1",0.0890993491722908,0.149767439386699,0,0,0,0,0,0,0,0,0,0,0,0,0,0.76113321144101,0,0,0,0,0
"CGGTATGGGCACTCTG-1_V11L05-333_A1",0.112443300696462,0.283294837600819,0,0,0,0,0,0,0,0,0,0,0,0.366266401401877,0,0,0,0,0,0,0.237995460300841
"CGGTCAAGTGGGAACC-1_V11L05-333_A1",0.759638235104218,0.240361764895782,0,0,0,0,0,0,0,0,0,0,0,0,0,0,0,0,0,0,0
"CGGTCAGTCCATATTT-1_V11L05-333_A1",0,0,0,0,0,0,0,0,0,0,0,0,0,0,0,0,0,0,0,0,0
"CGGTCCATGAGACTCC-1_V11L05-333_A1",0.196186447425597,0.30870619168283,0.128011710981233,0,0,0,0,0,0,0,0.367095649910341,0,0,0,0,0,0,0,0,0,0
"CGGTCCGTCGCAAGCC-1_V11L05-333_A1",0.0483756365725656,0.221215483163214,0,0,0,0,0,0,0,0,0,0,0,0.417286761423709,0,0,0,0,0,0,0.313122118840512
"CGGTCTATCAACCCGT-1_V11L05-333_A1",0.302471008776569,0.3024022755189,0.210442895463633,0,0,0,0,0,0,0,0,0,0,0,0,0.184683820240898,0,0,0,0,0
"CGGTGAAGACTAAAGT-1_V11L05-333_A1",0.520743810180385,0.479256189819615,0,0,0,0,0,0,0,0,0,0,0,0,0,0,0,0,0,0,0
"CGGTGCAGATAGAACG-1_V11L05-333_A1",0.451913462947186,0.265217710309835,0,0,0,0,0,0,0,0,0,0,0,0,0,0,0,0,0,0.282868826742979,0
"CGGTGCGCGTTGGTCC-1_V11L05-333_A1",0.0974831614295224,0.33110471700561,0.24094249505598,0,0,0,0,0,0,0,0,0,0,0,0,0,0,0,0,0.330469626508887,0
"CGGTGGGCTCCAGCCT-1_V11L05-333_A1",0.234115767910515,0.229811666405817,0,0,0,0,0,0,0,0,0,0,0,0.13156748376251,0,0.404505081921158,0,0,0,0,0
"CGGTGTACTTGATCCC-1_V11L05-333_A1",0.438506300417163,0.419033461308973,0.142460238273864,0,0,0,0,0,0,0,0,0,0,0,0,0,0,0,0,0,0
"CGGTTATCCAACAGTG-1_V11L05-333_A1",0.186402609303854,0.138698069761413,0,0,0,0,0,0,0,0,0,0,0,0,0,0.674899320934733,0,0,0,0,0
"CGGTTCAAGTAGGTGT-1_V11L05-333_A1",0.58882811761341,0.21357243013334,0,0,0,0,0,0,0,0,0,0,0,0,0,0.19759945225325,0,0,0,0,0
"CGGTTCCGGCTTCTTG-1_V11L05-333_A1",0.779831328908676,0.220168671091324,0,0,0,0,0,0,0,0,0,0,0,0,0,0,0,0,0,0,0
"CGGTTGACCTGGCATA-1_V11L05-333_A1",0.537612186279251,0.218783971108227,0,0,0,0,0,0,0,0,0,0,0,0,0,0.243603842612522,0,0,0,0,0
"CGGTTGAGTATCCTTC-1_V11L05-333_A1",0,0.15497709189902,0,0,0,0,0,0,0,0,0.111717192574302,0,0,0.554460033704999,0,0,0,0,0,0,0.178845681821679
"CGGTTGGGCAGGGTCC-1_V11L05-333_A1",0.0849744439322319,0.274874516852523,0.124645593048955,0,0,0,0,0,0,0,0,0,0.263459301469904,0,0,0,0,0,0,0,0.252046144696386
"CGGTTGGGTTCAAGTT-1_V11L05-333_A1",0.55753228071293,0.259258463376465,0.183209255910605,0,0,0,0,0,0,0,0,0,0,0,0,0,0,0,0,0,0
"CGGTTTACTGAACATT-1_V11L05-333_A1",0,0.482305116678245,0,0,0,0,0,0,0,0,0,0,0,0,0,0,0,0.277622574189593,0,0,0.240072309132162
"CGGTTTATGAAGGAAC-1_V11L05-333_A1",0.422605308170603,0.214174837561112,0,0,0,0,0,0,0,0,0,0,0,0.363219854268285,0,0,0,0,0,0,0
"CGTAAACGCTTGAGTG-1_V11L05-333_A1",0.655787525909883,0.344212474090117,0,0,0,0,0,0,0,0,0,0,0,0,0,0,0,0,0,0,0
"CGTAAAGCAAGAAATC-1_V11L05-333_A1",0,0.268068302899473,0.0862271891292272,0,0,0,0,0,0,0,0,0,0,0.385355573893082,0,0,0,0,0,0,0.260348934078218
"CGTAAATAACAAAGGG-1_V11L05-333_A1",0,0.156577471291172,0.0697461778018295,0.407508784198781,0,0,0,0,0,0,0,0,0,0.178346290218349,0,0,0,0,0,0,0.187821276489869
"CGTAACGGAACGATCA-1_V11L05-333_A1",0.136607112046794,0.206150016823323,0,0,0,0,0,0,0,0,0,0,0.458751656711412,0,0,0,0,0,0,0,0.19849121441847
"CGTAACTTCGACACTT-1_V11L05-333_A1",0,0.2201102136774,0.0847480052925788,0,0,0,0,0,0,0,0,0,0,0.47735858012734,0,0,0,0,0,0,0.217783200902682
"CGTAATAATTACGAGT-1_V11L05-333_A1",0.630207215700708,0.221111482956468,0.148681301342824,0,0,0,0,0,0,0,0,0,0,0,0,0,0,0,0,0,0
"CGTAATATGGCCCTTG-1_V11L05-333_A1",0.647965493583713,0.21794209138748,0.134092415028807,0,0,0,0,0,0,0,0,0,0,0,0,0,0,0,0,0,0
"CGTACCGAAAGTCTAG-1_V11L05-333_A1",0.802158794108196,0.197841205891804,0,0,0,0,0,0,0,0,0,0,0,0,0,0,0,0,0,0,0
"CGTACCTGATAGGCCT-1_V11L05-333_A1",0.751328683128792,0.248671316871208,0,0,0,0,0,0,0,0,0,0,0,0,0,0,0,0,0,0,0
"CGTAGAGAGTAATTAT-1_V11L05-333_A1",0.494018190576262,0.332703506786826,0,0,0,0,0,0,0.173278302636912,0,0,0,0,0,0,0,0,0,0,0,0
"CGTAGCGAATTGTCAG-1_V11L05-333_A1",0.578479951176191,0.24660113476919,0,0,0,0,0,0,0,0,0,0,0,0,0,0.174918914054619,0,0,0,0,0
"CGTAGCGCCGACGTTG-1_V11L05-333_A1",0.737974658807845,0.262025341192155,0,0,0,0,0,0,0,0,0,0,0,0,0,0,0,0,0,0,0
"CGTATCTAGAACTAAG-1_V11L05-333_A1",0.758744256003433,0.241255743996567,0,0,0,0,0,0,0,0,0,0,0,0,0,0,0,0,0,0,0
"CGTATTAAGAGATCTA-1_V11L05-333_A1",0.751933877977401,0.248066122022599,0,0,0,0,0,0,0,0,0,0,0,0,0,0,0,0,0,0,0
"CGTATTGTTTCCTAAT-1_V11L05-333_A1",0.175393305868998,0.233822759111888,0,0,0,0,0,0,0,0,0,0,0,0,0,0.590783935019114,0,0,0,0,0
"CGTATTGTTTGGCGCC-1_V11L05-333_A1",0.17952410371956,0.635402298298048,0,0,0,0,0,0,0,0,0,0,0,0,0,0,0,0,0,0,0.185073597982392
"CGTCAAATGGTCGCAG-1_V11L05-333_A1",0.0863246527130397,0.192226958677539,0.151778372887884,0,0,0,0,0,0,0,0,0,0,0,0,0.569670015721538,0,0,0,0,0
"CGTCAAGGCTATAAAT-1_V11L05-333_A1",0.445912338702501,0.410288672768185,0.143798988529313,0,0,0,0,0,0,0,0,0,0,0,0,0,0,0,0,0,0
"CGTCAATCTTTAACAT-1_V11L05-333_A1",0.600010095683195,0.399989904316805,0,0,0,0,0,0,0,0,0,0,0,0,0,0,0,0,0,0,0
"CGTCACGTCCATTGGT-1_V11L05-333_A1",0.606745711549052,0.393254288450948,0,0,0,0,0,0,0,0,0,0,0,0,0,0,0,0,0,0,0
"CGTCAGCTATTTACTC-1_V11L05-333_A1",0.537747623433741,0.276553653114355,0.185698723451904,0,0,0,0,0,0,0,0,0,0,0,0,0,0,0,0,0,0
"CGTCAGTGCGCACAAG-1_V11L05-333_A1",0.558910940788966,0.295577028148539,0.145512031062495,0,0,0,0,0,0,0,0,0,0,0,0,0,0,0,0,0,0
"CGTCAGTTTATCGTCT-1_V11L05-333_A1",0.555383864788098,0.263396950717274,0.181219184494628,0,0,0,0,0,0,0,0,0,0,0,0,0,0,0,0,0,0
"CGTCATACCATATCCA-1_V11L05-333_A1",0.39306713717727,0.153402282687512,0,0,0,0,0,0,0,0,0,0,0,0,0,0.453530580135219,0,0,0,0,0
"CGTCCAGATGGCTCCA-1_V11L05-333_A1",0.69497954770494,0.30502045229506,0,0,0,0,0,0,0,0,0,0,0,0,0,0,0,0,0,0,0
"CGTCCTCATCGCGTGC-1_V11L05-333_A1",0.732369849455834,0.267630150544166,0,0,0,0,0,0,0,0,0,0,0,0,0,0,0,0,0,0,0
"CGTCGCATGTGAGCCA-1_V11L05-333_A1",0.135289978507496,0.131772261784555,0,0,0,0,0,0,0,0,0,0,0,0,0,0,0,0,0,0.73293775970795,0
"CGTCGCGGCGGGATTT-1_V11L05-333_A1",0.526740122181506,0.350337416275889,0.122922461542604,0,0,0,0,0,0,0,0,0,0,0,0,0,0,0,0,0,0
"CGTCGCTTGGTTATAC-1_V11L05-333_A1",0,0.304141163763052,0,0,0,0,0,0,0,0,0,0,0,0.485422224869385,0,0,0,0,0,0,0.210436611367562
"CGTCGGATAGTGTTGA-1_V11L05-333_A1",0.621905422387882,0.249889787886628,0.12820478972549,0,0,0,0,0,0,0,0,0,0,0,0,0,0,0,0,0,0
"CGTCGGGTCTAAGCGC-1_V11L05-333_A1",0,0.178797140642041,0.185046377078507,0,0,0,0,0,0,0,0,0,0,0.115384727124477,0,0,0,0,0.347672621952534,0,0.173099133202441
"CGTCGTCCTTCGCGAA-1_V11L05-333_A1",0.595916483436908,0.209196446481639,0.194887070081453,0,0,0,0,0,0,0,0,0,0,0,0,0,0,0,0,0,0
"CGTCTCTCGCCGAGGC-1_V11L05-333_A1",0,0.283718061846662,0.15670267152684,0,0,0,0,0,0,0,0,0,0,0,0.320375093675257,0,0,0,0,0,0.239204172951241
"CGTCTGGAAGGGCCCG-1_V11L05-333_A1",0.796330603350731,0.203669396649269,0,0,0,0,0,0,0,0,0,0,0,0,0,0,0,0,0,0,0
"CGTCTTGAGTGTGACG-1_V11L05-333_A1",0.798270438495259,0.201729561504742,0,0,0,0,0,0,0,0,0,0,0,0,0,0,0,0,0,0,0
"CGTGAACTGACCCGAT-1_V11L05-333_A1",0.353698091645192,0.401328884174028,0.244973024180781,0,0,0,0,0,0,0,0,0,0,0,0,0,0,0,0,0,0
"CGTGAAGTTAATTCAC-1_V11L05-333_A1",0.715220902161122,0.284779097838878,0,0,0,0,0,0,0,0,0,0,0,0,0,0,0,0,0,0,0
"CGTGACATTGGGTCGT-1_V11L05-333_A1",0.424056439030651,0.34357391541415,0.232369645555199,0,0,0,0,0,0,0,0,0,0,0,0,0,0,0,0,0,0
"CGTGACCAGTCCTCTG-1_V11L05-333_A1",0,0.310995397327026,0,0,0,0,0,0,0,0,0,0,0.468234056627644,0,0,0,0,0,0,0,0.22077054604533
"CGTGCACACCACTGTA-1_V11L05-333_A1",0.228546697213787,0.507943893885518,0,0,0,0,0,0,0,0,0,0,0,0,0,0,0,0,0,0,0.263509408900695
"CGTGCAGACTGGGACA-1_V11L05-333_A1",0.609315902704202,0.390684097295798,0,0,0,0,0,0,0,0,0,0,0,0,0,0,0,0,0,0,0
"CGTGCATTGTCGACGC-1_V11L05-333_A1",0.393069054946906,0.463057255084274,0,0,0,0,0,0,0,0,0,0,0,0,0,0,0,0,0,0,0.143873689968819
"CGTGCCCGACATTTGT-1_V11L05-333_A1",0.506664123770899,0.493335876229101,0,0,0,0,0,0,0,0,0,0,0,0,0,0,0,0,0,0,0
"CGTGCCCTCCCGAAGA-1_V11L05-333_A1",0.833685918752985,0.166314081247015,0,0,0,0,0,0,0,0,0,0,0,0,0,0,0,0,0,0,0
"CGTGCTGGCCTAGTCG-1_V11L05-333_A1",0.663703397593224,0.336296602406776,0,0,0,0,0,0,0,0,0,0,0,0,0,0,0,0,0,0,0
"CGTGCTTCTACCTAAA-1_V11L05-333_A1",0,0.25174328603944,0,0,0,0,0,0,0,0,0,0,0,0,0,0,0,0,0,0.577493642091395,0.170763071869165
"CGTGGAAGCCTCGTAC-1_V11L05-333_A1",0.437098837591571,0.362173009318561,0.200728153089868,0,0,0,0,0,0,0,0,0,0,0,0,0,0,0,0,0,0
"CGTGGCCGAATATCTA-1_V11L05-333_A1",0.734794126289056,0.265205873710944,0,0,0,0,0,0,0,0,0,0,0,0,0,0,0,0,0,0,0
"CGTGGTACCCAAAGGC-1_V11L05-333_A1",0,0.113327464282574,0,0.45190363928684,0,0,0,0,0,0,0,0,0,0,0.310497584428045,0,0,0,0,0,0.12427131200254
"CGTGTCCCATTCGCGA-1_V11L05-333_A1",0.717604485980383,0.282395514019617,0,0,0,0,0,0,0,0,0,0,0,0,0,0,0,0,0,0,0
"CGTGTCTCGTTACGAC-1_V11L05-333_A1",0,0.187536072110218,0,0,0,0,0,0,0,0.556472867659365,0,0,0,0,0,0,0,0,0,0,0.255991060230418
"CGTGTGTTAAACCCTG-1_V11L05-333_A1",0.312848087359208,0,0,0,0,0,0,0,0,0,0,0,0,0,0,0.687151912640792,0,0,0,0,0
"CGTTAAACTAGTTAGG-1_V11L05-333_A1",0.760851771402639,0.239148228597361,0,0,0,0,0,0,0,0,0,0,0,0,0,0,0,0,0,0,0
"CGTTAAATACGACCAG-1_V11L05-333_A1",0.740189305284864,0.259810694715136,0,0,0,0,0,0,0,0,0,0,0,0,0,0,0,0,0,0,0
"CGTTAATGTCCCGACG-1_V11L05-333_A1",0.569823220222903,0.271723529664395,0.158453250112703,0,0,0,0,0,0,0,0,0,0,0,0,0,0,0,0,0,0
"CGTTAGCTCACAACTG-1_V11L05-333_A1",0.734823224605763,0.265176775394237,0,0,0,0,0,0,0,0,0,0,0,0,0,0,0,0,0,0,0
"CGTTATCATACTTCCA-1_V11L05-333_A1",0.119888594230436,0.289013031776217,0,0,0,0,0,0,0,0,0,0,0,0,0,0,0,0,0,0.591098373993348,0
"CGTTCAAGGAAACGGA-1_V11L05-333_A1",0,0.157565091100606,0,0.532330044570158,0,0,0,0,0,0,0,0,0,0,0.182611734004204,0,0,0,0,0,0.127493130325032
"CGTTCAGACCCGCGAA-1_V11L05-333_A1",0.100251828915138,0.260853058640934,0.0920687542046542,0,0,0,0,0,0,0,0,0,0,0,0,0,0,0,0,0.546826358239274,0
"CGTTCATGGTGCGCGT-1_V11L05-333_A1",0.103639683044182,0.438579798647653,0,0,0,0,0,0,0,0,0,0,0,0,0,0,0,0,0,0.245871505558792,0.211909012749373
"CGTTCTTCGCACACCT-1_V11L05-333_A1",0.189690942398533,0.152529612347604,0,0,0,0,0,0,0,0,0,0,0,0,0,0.657779445253864,0,0,0,0,0
"CGTTGAATACCGCGCT-1_V11L05-333_A1",0.806983159608386,0.193016840391614,0,0,0,0,0,0,0,0,0,0,0,0,0,0,0,0,0,0,0
"CGTTGAGCGACCGTCG-1_V11L05-333_A1",0.878684485160968,0.121315514839032,0,0,0,0,0,0,0,0,0,0,0,0,0,0,0,0,0,0,0
"CGTTGAGTAATTGCGT-1_V11L05-333_A1",0.172790303212825,0.229458104464214,0.25151505791985,0,0,0,0,0,0,0.346236534403111,0,0,0,0,0,0,0,0,0,0,0
"CGTTGCCCGCGTGGGA-1_V11L05-333_A1",0,0.241235847160649,0.0640955379357551,0,0,0,0,0,0,0,0,0,0,0.29266717867206,0,0,0,0,0.232187397175713,0,0.169814039055823
"CGTTGTAAACGTCAGG-1_V11L05-333_A1",0.474521365891792,0.388811899384533,0.136666734723675,0,0,0,0,0,0,0,0,0,0,0,0,0,0,0,0,0,0
"CGTTGTAAGATTGATT-1_V11L05-333_A1",0.755543967525919,0.244456032474081,0,0,0,0,0,0,0,0,0,0,0,0,0,0,0,0,0,0,0
"CGTTGTCGGCAATTGA-1_V11L05-333_A1",0.0433262130013398,0.174290484402212,0,0,0,0,0,0,0,0,0,0,0,0,0,0,0,0,0.338459743274119,0.443923559322329,0
"CGTTGTTTCAATTCCC-1_V11L05-333_A1",0.703652355957573,0.296347644042427,0,0,0,0,0,0,0,0,0,0,0,0,0,0,0,0,0,0,0
"CGTTTAAGCGGAGCAC-1_V11L05-333_A1",0.55934139059155,0.325854922633,0.114803686775451,0,0,0,0,0,0,0,0,0,0,0,0,0,0,0,0,0,0
"CGTTTACAAGGCAGCT-1_V11L05-333_A1",0.246599392727989,0.186201084682556,0.185422382542542,0,0,0,0,0,0,0,0,0,0,0.0823280992923742,0,0.299449040754538,0,0,0,0,0
"CGTTTCACTTCGGGCG-1_V11L05-333_A1",0.655392107848406,0.344607892151594,0,0,0,0,0,0,0,0,0,0,0,0,0,0,0,0,0,0,0
"CGTTTCGCTCATTACA-1_V11L05-333_A1",0.593922282867636,0.406077717132364,0,0,0,0,0,0,0,0,0,0,0,0,0,0,0,0,0,0,0
"CGTTTCGGTTATATGC-1_V11L05-333_A1",0.709096684360932,0.290903315639068,0,0,0,0,0,0,0,0,0,0,0,0,0,0,0,0,0,0,0
"CGTTTGGTGTTGTGGG-1_V11L05-333_A1",0,0,0,0,0,0,0,0,0,0,0,0,0,0,0,0,0,0,0,0,0
"CGTTTGTGTAGAGGGT-1_V11L05-333_A1",0.0744742010039783,0.170803540072718,0,0,0,0,0,0,0,0,0,0,0,0.486154640006446,0,0,0,0,0,0,0.268567618916857
"CTAAACGGGTGTAATC-1_V11L05-333_A1",0.655945078587643,0.344054921412357,0,0,0,0,0,0,0,0,0,0,0,0,0,0,0,0,0,0,0
"CTAAAGAATGCCTACT-1_V11L05-333_A1",0.53396085756007,0.168245911023348,0,0,0,0,0,0,0,0,0,0,0,0,0,0.297793231416582,0,0,0,0,0
"CTAAAGGATGAGATAC-1_V11L05-333_A1",0.0348725413082629,0.0659292478206032,0,0.600910185008499,0,0,0,0,0,0,0,0,0,0.298288025862635,0,0,0,0,0,0,0
"CTAAAGGGAAATAGGA-1_V11L05-333_A1",0.6583605141564,0.239324455428867,0.102315030414733,0,0,0,0,0,0,0,0,0,0,0,0,0,0,0,0,0,0
"CTAAAGTCCGAAGCTA-1_V11L05-333_A1",0.688405458714397,0.311594541285603,0,0,0,0,0,0,0,0,0,0,0,0,0,0,0,0,0,0,0
"CTAAATCCGGTGTACA-1_V11L05-333_A1",0.0581605743298707,0.121425602217284,0,0,0,0,0,0,0,0,0,0,0,0.398607460806423,0,0,0,0,0.270658453854353,0,0.151147908792069
"CTAAATCCTATTCCGG-1_V11L05-333_A1",0.723943889888996,0.276056110111004,0,0,0,0,0,0,0,0,0,0,0,0,0,0,0,0,0,0,0
"CTAACAGCACAATAAC-1_V11L05-333_A1",0.0875100099829466,0.333838915280512,0,0,0,0,0,0,0,0,0,0,0,0.365520992529288,0,0,0,0,0,0,0.213130082207254
"CTAACCGCGCGCCCGT-1_V11L05-333_A1",0.680073079382718,0.190338808020844,0,0,0,0,0,0,0,0.129588112596438,0,0,0,0,0,0,0,0,0,0,0
"CTAACGAAACTTGCTG-1_V11L05-333_A1",0.450471633787187,0.202908350412787,0.182306132636837,0,0,0,0,0,0,0,0,0,0,0,0,0.164313883163188,0,0,0,0,0
"CTAACTGATAATCGCC-1_V11L05-333_A1",0.496210422777561,0.503789577222439,0,0,0,0,0,0,0,0,0,0,0,0,0,0,0,0,0,0,0
"CTAACTGGTCCGGTTC-1_V11L05-333_A1",0,0.204073125097597,0,0,0,0,0,0,0,0,0,0,0,0,0,0,0,0,0,0.65459172866996,0.141335146232443
"CTAAGGGAATGATTGG-1_V11L05-333_A1",0.789536950974476,0.210463049025524,0,0,0,0,0,0,0,0,0,0,0,0,0,0,0,0,0,0,0
"CTAAGTACAGGGCTAC-1_V11L05-333_A1",0.292498199860581,0.353243765336677,0,0,0,0,0,0,0,0,0,0,0,0,0,0.354258034802742,0,0,0,0,0
"CTAATGCGCCCAACAA-1_V11L05-333_A1",0.586858904862805,0.264295646276445,0.14884544886075,0,0,0,0,0,0,0,0,0,0,0,0,0,0,0,0,0,0
"CTAATTATGAAGCGTA-1_V11L05-333_A1",0.12033822486909,0.323147283367267,0,0,0,0,0,0,0,0,0,0,0,0.321506417509749,0,0,0,0,0,0,0.235008074253894
"CTAATTCGCACGCGCT-1_V11L05-333_A1",0.626392241507913,0.227367247807557,0.14624051068453,0,0,0,0,0,0,0,0,0,0,0,0,0,0,0,0,0,0
"CTAATTCTCAGATATT-1_V11L05-333_A1",0.223276616086923,0.109152430856824,0.081016916948086,0,0,0,0,0,0,0,0,0,0,0,0,0.586554036108167,0,0,0,0,0
"CTAATTTCAACAACAC-1_V11L05-333_A1",0.734709126480101,0.265290873519899,0,0,0,0,0,0,0,0,0,0,0,0,0,0,0,0,0,0,0
"CTACAAGAAATAACCC-1_V11L05-333_A1",0.0696304209803222,0.18521593367124,0.18693373854939,0,0,0,0,0,0,0,0,0,0,0,0,0,0,0,0,0.393409429521292,0.164810477277756
"CTACACTAGCTTGTTC-1_V11L05-333_A1",0.741873735105731,0.25812626489427,0,0,0,0,0,0,0,0,0,0,0,0,0,0,0,0,0,0,0
"CTACACTCGCAGATGG-1_V11L05-333_A1",0.381552041793319,0.373851638500517,0.244596319706164,0,0,0,0,0,0,0,0,0,0,0,0,0,0,0,0,0,0
"CTACATATCGCGGGAC-1_V11L05-333_A1",0,0.332102924791554,0,0,0.317154063401404,0,0,0,0.181678877148856,0,0,0,0,0,0,0,0,0,0,0,0.169064134658186
"CTACCCTAAGGTCATA-1_V11L05-333_A1",0.514668508803266,0.321431629635213,0.163899861561521,0,0,0,0,0,0,0,0,0,0,0,0,0,0,0,0,0,0
"CTACGAACTAGGTCGA-1_V11L05-333_A1",0.282910829490428,0.270960039840668,0,0,0,0,0,0,0,0,0,0,0,0.446129130668904,0,0,0,0,0,0,0
"CTACGACTAGCTATAA-1_V11L05-333_A1",0.351318129010514,0.145319895027845,0,0,0,0,0,0,0,0,0,0,0,0.503361975961641,0,0,0,0,0,0,0
"CTACGATCCTATCCTA-1_V11L05-333_A1",0,0.288261188962437,0,0,0,0,0,0,0.209876360075429,0,0,0,0,0.29745437744336,0,0,0,0,0,0,0.204408073518774
"CTACGCACGGAGTACC-1_V11L05-333_A1",0.658219987074686,0.229581723705316,0.112198289219998,0,0,0,0,0,0,0,0,0,0,0,0,0,0,0,0,0,0
"CTACGCCATTTCCGAT-1_V11L05-333_A1",0.222831010429065,0.0969654932319955,0.0976793849831105,0,0,0,0,0,0,0,0,0,0,0,0,0.582524111355828,0,0,0,0,0
"CTACGTGTTGCCACCA-1_V11L05-333_A1",0.653936140841153,0.346063859158846,0,0,0,0,0,0,0,0,0,0,0,0,0,0,0,0,0,0,0
"CTACTATCATAGGTTT-1_V11L05-333_A1",0,0.221446666412325,0,0,0,0,0,0,0,0,0,0,0,0.150824419075946,0,0,0,0,0.361061614016535,0,0.266667300495194
"CTACTATCTTTCAGAG-1_V11L05-333_A1",0.580190943872875,0.219206385233156,0.200602670893969,0,0,0,0,0,0,0,0,0,0,0,0,0,0,0,0,0,0
"CTACTCAAGGTATAGT-1_V11L05-333_A1",0,0.256324663394211,0.113881697235332,0,0,0,0,0,0.0550427817999742,0,0,0,0,0,0,0,0,0,0,0.354519271837979,0.220231585732504
"CTACTCTAGGCCCGGC-1_V11L05-333_A1",0.583739610011282,0.303306604605218,0.112953785383499,0,0,0,0,0,0,0,0,0,0,0,0,0,0,0,0,0,0
"CTACTGCCACCTGACC-1_V11L05-333_A1",0.482506987113634,0.278880923079138,0.238612089807228,0,0,0,0,0,0,0,0,0,0,0,0,0,0,0,0,0,0
"CTAGACATATATGTAG-1_V11L05-333_A1",0.307385146429452,0.41327366326872,0,0,0,0,0,0,0,0,0,0,0,0,0,0,0,0,0,0,0.279341190301828
"CTAGACTGCATTTCGT-1_V11L05-333_A1",0.760470338625986,0.239529661374014,0,0,0,0,0,0,0,0,0,0,0,0,0,0,0,0,0,0,0
"CTAGATAAACTCCTCG-1_V11L05-333_A1",0.583127106623035,0.271183350975219,0.145689542401746,0,0,0,0,0,0,0,0,0,0,0,0,0,0,0,0,0,0
"CTAGATGTGAGTGTAA-1_V11L05-333_A1",0.774391576990204,0.225608423009796,0,0,0,0,0,0,0,0,0,0,0,0,0,0,0,0,0,0,0
"CTAGATTTACGACGGC-1_V11L05-333_A1",0,0,0,0,0,0,0,0,0,0,0,0,0,0,0,0,0,0,0,0,0
"CTAGCAACTAATTTAC-1_V11L05-333_A1",0.616033709348149,0.383966290651851,0,0,0,0,0,0,0,0,0,0,0,0,0,0,0,0,0,0,0
"CTAGCATAGTATAATG-1_V11L05-333_A1",0.687023877597919,0.312976122402081,0,0,0,0,0,0,0,0,0,0,0,0,0,0,0,0,0,0,0
"CTAGCCACAGGCGAGC-1_V11L05-333_A1",0.431165534367197,0.329043501059675,0,0,0,0,0,0,0,0,0,0,0.239790964573128,0,0,0,0,0,0,0,0
"CTAGCCCGGGAGACGA-1_V11L05-333_A1",0,0.332537621543199,0,0,0,0,0,0,0.275474707108649,0,0,0,0,0,0,0,0,0.155463031935419,0,0,0.236524639412733
"CTAGCCGATGTTATGA-1_V11L05-333_A1",0.365281687764003,0.390593104287806,0.244125207948191,0,0,0,0,0,0,0,0,0,0,0,0,0,0,0,0,0,0
"CTAGCGCCAATCCTAC-1_V11L05-333_A1",0.0385190443525721,0.151987086816847,0.0481903096488134,0,0,0,0,0,0,0,0,0,0,0,0.761303559181768,0,0,0,0,0,0
"CTAGCTTAATGGTCCC-1_V11L05-333_A1",0.338140618955966,0.374169741145707,0.287689639898327,0,0,0,0,0,0,0,0,0,0,0,0,0,0,0,0,0,0
"CTAGGCGCCCTATCAG-1_V11L05-333_A1",0.832888340028232,0.167111659971768,0,0,0,0,0,0,0,0,0,0,0,0,0,0,0,0,0,0,0
"CTAGGCGGCAGAGAAT-1_V11L05-333_A1",0.808708500946164,0.191291499053836,0,0,0,0,0,0,0,0,0,0,0,0,0,0,0,0,0,0,0
"CTAGGGATAGGGACAA-1_V11L05-333_A1",0,0.160292928364682,0.0605551690856244,0,0,0,0,0,0,0,0.18296397261232,0,0.447232029150524,0,0,0,0,0,0,0,0.148955900786849
"CTAGGTCTGAAGGAAT-1_V11L05-333_A1",0.522371686359472,0.287195206068115,0.190433107572412,0,0,0,0,0,0,0,0,0,0,0,0,0,0,0,0,0,0
"CTAGGTTCGGACGTGA-1_V11L05-333_A1",0.687891955165293,0.312108044834707,0,0,0,0,0,0,0,0,0,0,0,0,0,0,0,0,0,0,0
"CTAGTAGAAAGGGATT-1_V11L05-333_A1",0.759008299562597,0.240991700437403,0,0,0,0,0,0,0,0,0,0,0,0,0,0,0,0,0,0,0
"CTAGTATTCGGAATTA-1_V11L05-333_A1",0.538582831473026,0.319899482362198,0.141517686164776,0,0,0,0,0,0,0,0,0,0,0,0,0,0,0,0,0,0
"CTAGTCACGTCTTAAG-1_V11L05-333_A1",0.849436859913225,0.150563140086775,0,0,0,0,0,0,0,0,0,0,0,0,0,0,0,0,0,0,0
"CTAGTGAAGGACAGGA-1_V11L05-333_A1",0.656336144212394,0.217456571771734,0.126207284015872,0,0,0,0,0,0,0,0,0,0,0,0,0,0,0,0,0,0
"CTAGTTACAACCCGGT-1_V11L05-333_A1",0.16958487241334,0.613977682460611,0.216437445126049,0,0,0,0,0,0,0,0,0,0,0,0,0,0,0,0,0,0
"CTAGTTGGGCCCGGTA-1_V11L05-333_A1",0.784309102600701,0.215690897399299,0,0,0,0,0,0,0,0,0,0,0,0,0,0,0,0,0,0,0
"CTATAAGAGCCAATCG-1_V11L05-333_A1",0.403816710574437,0.409424999053045,0.186758290372517,0,0,0,0,0,0,0,0,0,0,0,0,0,0,0,0,0,0
"CTATAAGTAGGGTTTG-1_V11L05-333_A1",0.226687885648305,0.38982754011541,0,0,0,0,0,0,0,0,0,0,0,0,0,0,0,0.178312742184394,0,0,0.205171832051892
"CTATACTTAAAGCGAG-1_V11L05-333_A1",0,0.244665283384141,0.127928045029517,0,0,0,0,0,0,0,0,0,0.424504957866298,0,0,0,0,0,0,0,0.202901713720044
"CTATAGGCGTTGATGT-1_V11L05-333_A1",0.0817602832166368,0.317552382733052,0,0,0,0,0,0,0,0,0,0,0,0.299489930340939,0,0,0,0,0,0,0.301197403709372
"CTATATCCAGCCTGGC-1_V11L05-333_A1",0.0642462281229775,0.316770433897533,0,0,0,0,0,0,0,0,0,0,0,0.359891835830784,0,0,0,0,0,0,0.259091502148705
"CTATCACAACGCTGGA-1_V11L05-333_A1",0.0885095141724988,0.251757716432581,0.123854023055739,0,0.535878746339182,0,0,0,0,0,0,0,0,0,0,0,0,0,0,0,0
"CTATCGACGAAATACA-1_V11L05-333_A1",0.594528364518762,0.405471635481238,0,0,0,0,0,0,0,0,0,0,0,0,0,0,0,0,0,0,0
"CTATCGCGTAGAGAAC-1_V11L05-333_A1",0.480064259699882,0.341559177780344,0.178376562519773,0,0,0,0,0,0,0,0,0,0,0,0,0,0,0,0,0,0
"CTATCGGGTCTCAACA-1_V11L05-333_A1",0.698579846502526,0.301420153497474,0,0,0,0,0,0,0,0,0,0,0,0,0,0,0,0,0,0,0
"CTATGAACACCTTGCC-1_V11L05-333_A1",0,0.444746033686364,0.158229768012503,0,0,0,0,0,0,0,0,0,0,0.397024198301133,0,0,0,0,0,0,0
"CTATGCCCGAATGCAA-1_V11L05-333_A1",0.0844996098532434,0.408552325796747,0,0,0,0,0,0,0,0,0,0,0,0,0,0,0,0,0,0.277849049093405,0.229099015256605
"CTATGGGAAGCGGAAT-1_V11L05-333_A1",0.584501803265683,0.415498196734317,0,0,0,0,0,0,0,0,0,0,0,0,0,0,0,0,0,0,0
"CTATGTCACTAGCCCA-1_V11L05-333_A1",0.435498902071588,0.564501097928412,0,0,0,0,0,0,0,0,0,0,0,0,0,0,0,0,0,0,0
"CTATGTCTATTGAAAC-1_V11L05-333_A1",0.480991000038111,0.519008999961889,0,0,0,0,0,0,0,0,0,0,0,0,0,0,0,0,0,0,0
"CTATGTGAGTCACGGC-1_V11L05-333_A1",0.154703104583094,0.527624199941244,0,0,0,0,0,0,0,0,0,0,0,0,0,0,0,0,0,0,0.317672695475662
"CTATTCATGTGTCCCA-1_V11L05-333_A1",0.406760865108744,0.593239134891256,0,0,0,0,0,0,0,0,0,0,0,0,0,0,0,0,0,0,0
"CTATTGTGTTTGGTCA-1_V11L05-333_A1",0.250248155039944,0.170248479388302,0.145380219119362,0,0,0,0,0,0,0,0,0,0,0,0,0.434123146452392,0,0,0,0,0
"CTATTTGCTTGGAGGA-1_V11L05-333_A1",0,0.31908051426245,0.145080804465667,0,0.535838681271884,0,0,0,0,0,0,0,0,0,0,0,0,0,0,0,0
"CTATTTGGTTACGGAT-1_V11L05-333_A1",0.604271611962829,0.200534458215468,0.195193929821702,0,0,0,0,0,0,0,0,0,0,0,0,0,0,0,0,0,0
"CTCAAACCACTGCCCG-1_V11L05-333_A1",0,0.212568640786379,0.143105834839765,0,0,0,0,0,0,0,0,0,0.501009257188255,0,0,0,0,0,0,0,0.143316267185601
"CTCAACTAACCCGGAT-1_V11L05-333_A1",0.880193872273677,0.119806127726323,0,0,0,0,0,0,0,0,0,0,0,0,0,0,0,0,0,0,0
"CTCAAGACATTAGCGC-1_V11L05-333_A1",0.77843959211205,0.22156040788795,0,0,0,0,0,0,0,0,0,0,0,0,0,0,0,0,0,0,0
"CTCACACGCAAGCCTA-1_V11L05-333_A1",0,0.316216734425987,0.440588825570555,0,0,0,0,0,0,0,0,0,0.243194440003458,0,0,0,0,0,0,0,0
"CTCACATTTACTAAAT-1_V11L05-333_A1",0.167070380189075,0.280706417857118,0,0,0,0,0,0,0,0,0,0,0,0.320405346316815,0,0,0,0,0,0,0.231817855636992
"CTCACCAGTACAAGTG-1_V11L05-333_A1",0.139435641529274,0.137144197064496,0.0657196322476094,0,0,0.148603664674488,0,0,0,0,0,0,0,0,0,0.509096864484134,0,0,0,0,0
"CTCACCGATCCAAACT-1_V11L05-333_A1",0,0.222035246524866,0,0,0,0,0,0,0,0,0,0,0,0,0.777964753475134,0,0,0,0,0,0
"CTCACTGTGATACTTA-1_V11L05-333_A1",0.433092276285853,0.26137989553305,0,0,0,0,0,0,0,0,0,0,0,0.305527828181097,0,0,0,0,0,0,0
"CTCACTTGGCTGGTAA-1_V11L05-333_A1",0.190828569265657,0.339040712641988,0,0,0,0,0,0,0,0,0,0,0,0,0,0.275366930712464,0,0,0,0,0.194763787379892
"CTCAGAGCTAATGTCG-1_V11L05-333_A1",0,0.133555302556395,0,0.726816187111498,0,0,0,0,0,0,0,0,0,0,0,0,0,0,0,0,0.139628510332107
"CTCAGATTGTGATAAG-1_V11L05-333_A1",0.232811630793557,0.215498130754904,0,0,0,0,0,0,0,0,0,0,0,0,0,0,0,0,0,0.551690238451538,0
"CTCAGCAGACTGCCGA-1_V11L05-333_A1",0.129083759634902,0.202184477017821,0,0,0,0,0,0,0,0,0,0,0,0.459135796555003,0,0,0,0,0,0,0.209595966792275
"CTCAGGACTCACCTGT-1_V11L05-333_A1",0.635914596839965,0.225561326721659,0.138524076438377,0,0,0,0,0,0,0,0,0,0,0,0,0,0,0,0,0,0
"CTCAGTCACGACAAAT-1_V11L05-333_A1",0.619681194152127,0.20577601663563,0.174542789212243,0,0,0,0,0,0,0,0,0,0,0,0,0,0,0,0,0,0
"CTCATAAATGTGTATA-1_V11L05-333_A1",0.525180750021606,0.474819249978394,0,0,0,0,0,0,0,0,0,0,0,0,0,0,0,0,0,0,0
"CTCATCACTTAGTGAT-1_V11L05-333_A1",0.20532640002073,0.200381301014174,0.119934904720764,0,0,0,0,0,0,0,0.146865684227587,0,0,0.327491710016746,0,0,0,0,0,0,0
"CTCATGGCTCACAATC-1_V11L05-333_A1",0.73259499695947,0.26740500304053,0,0,0,0,0,0,0,0,0,0,0,0,0,0,0,0,0,0,0
"CTCATGGTAATTTGCG-1_V11L05-333_A1",0.0296396938688584,0.145697995472199,0,0,0,0,0,0,0,0,0,0,0,0,0,0,0,0,0.65390895339737,0,0.170753357261572
"CTCATTAACGTTGCCC-1_V11L05-333_A1",0.354363494222129,0.297692521168684,0.11809986538795,0,0,0,0,0,0,0,0,0,0,0,0,0.229844119221237,0,0,0,0,0
"CTCATTCGTGAACATC-1_V11L05-333_A1",0.100526760922692,0,0,0,0,0.26675122558934,0,0,0,0,0,0,0,0,0,0.632722013487967,0,0,0,0,0
"CTCATTGCTCTAACAA-1_V11L05-333_A1",0.830697822204081,0.169302177795919,0,0,0,0,0,0,0,0,0,0,0,0,0,0,0,0,0,0,0
"CTCATTTGATGGGCGG-1_V11L05-333_A1",0.693161382243277,0.306838617756723,0,0,0,0,0,0,0,0,0,0,0,0,0,0,0,0,0,0,0
"CTCCCAATGAGTCGCG-1_V11L05-333_A1",0.455334092189668,0.249119709788593,0.295546198021739,0,0,0,0,0,0,0,0,0,0,0,0,0,0,0,0,0,0
"CTCCCTCCTTTCGATC-1_V11L05-333_A1",0.0899365305037509,0.312306090510405,0,0,0,0,0,0,0,0,0,0,0,0,0,0,0,0,0,0.597757378985844,0
"CTCCCTTGTATCAAGG-1_V11L05-333_A1",0.180436064104677,0.385499410194267,0.210201236059095,0,0,0,0,0,0,0,0,0,0,0.22386328964196,0,0,0,0,0,0,0
"CTCCGAGTAAATCCGC-1_V11L05-333_A1",0,0.32558749454615,0,0,0,0,0,0,0,0,0,0,0.466361664424019,0,0,0,0,0,0,0,0.208050841029831
"CTCCGCCCACATGAGG-1_V11L05-333_A1",0.310689241426035,0.480734013577336,0,0,0,0,0,0,0,0,0,0,0,0,0,0,0,0,0,0.208576744996629,0
"CTCCGGCCTAATATGC-1_V11L05-333_A1",0.641076651982668,0.358923348017332,0,0,0,0,0,0,0,0,0,0,0,0,0,0,0,0,0,0,0
"CTCCGGCTTGTAGACA-1_V11L05-333_A1",0.674131768269716,0.325868231730284,0,0,0,0,0,0,0,0,0,0,0,0,0,0,0,0,0,0,0
"CTCCTAAGTTATGTCT-1_V11L05-333_A1",0.613135845660686,0.386864154339314,0,0,0,0,0,0,0,0,0,0,0,0,0,0,0,0,0,0,0
"CTCCTAGTAATCGTGA-1_V11L05-333_A1",0.168288368367517,0.554512468768667,0.277199162863816,0,0,0,0,0,0,0,0,0,0,0,0,0,0,0,0,0,0
"CTCCTCCAGCTCACAC-1_V11L05-333_A1",0,0.375740420844487,0,0,0,0,0,0,0,0,0,0,0,0,0.369719174386917,0,0,0,0,0,0.254540404768596
"CTCCTGTTCAAGGCAG-1_V11L05-333_A1",0.249582277510227,0.378533015891494,0.371884706598279,0,0,0,0,0,0,0,0,0,0,0,0,0,0,0,0,0,0
"CTCCTTTACGCAAGTC-1_V11L05-333_A1",0.481335248592693,0.256801626132051,0.261863125275256,0,0,0,0,0,0,0,0,0,0,0,0,0,0,0,0,0,0
"CTCGAATGGAACGTAT-1_V11L05-333_A1",0.177466081797974,0.168621965229856,0.190338029658133,0,0,0,0,0,0,0,0,0,0,0.463573923314036,0,0,0,0,0,0,0
"CTCGAGACATACGATA-1_V11L05-333_A1",0.0754446823328327,0.196376801851097,0,0,0,0,0,0,0,0,0,0,0,0.160658341390891,0,0,0,0,0.400975329182536,0,0.166544845242642
"CTCGAGATCCAAAGCA-1_V11L05-333_A1",0.723274620586722,0.276725379413278,0,0,0,0,0,0,0,0,0,0,0,0,0,0,0,0,0,0,0
"CTCGAGGCAAGTTTCA-1_V11L05-333_A1",0,0.339645153774496,0,0,0,0,0,0,0,0,0,0,0,0,0.225351663267863,0,0,0.159272207587855,0,0,0.275730975369787
"CTCGAGGTCGAACAGT-1_V11L05-333_A1",0.78140950527396,0.21859049472604,0,0,0,0,0,0,0,0,0,0,0,0,0,0,0,0,0,0,0
"CTCGATATTTGCGAGC-1_V11L05-333_A1",0.542843382335307,0.320502765848218,0.136653851816475,0,0,0,0,0,0,0,0,0,0,0,0,0,0,0,0,0,0
"CTCGCACCTATATAGT-1_V11L05-333_A1",0.815767030633482,0.184232969366518,0,0,0,0,0,0,0,0,0,0,0,0,0,0,0,0,0,0,0
"CTCGCATTGCATAGCC-1_V11L05-333_A1",0,0.381143909569076,0,0,0,0,0,0,0,0,0,0,0,0,0,0,0,0,0,0.336172265831355,0.28268382459957
"CTCGCCGAATGTAGGG-1_V11L05-333_A1",0.081828176759567,0.19484598211718,0,0,0,0,0,0,0,0,0,0,0,0,0,0,0,0,0,0.723325841123253,0
"CTCGCTAGGTAAGCGA-1_V11L05-333_A1",0.495218588666919,0.243761100497253,0,0,0,0,0,0,0,0,0,0,0,0,0,0,0,0.261020310835828,0,0,0
"CTCGGGATAACACCTA-1_V11L05-333_A1",0.526350843398237,0.315086370563436,0.158562786038327,0,0,0,0,0,0,0,0,0,0,0,0,0,0,0,0,0,0
"CTCGGGCATCGTCGGG-1_V11L05-333_A1",0.235675428462473,0.186243736278118,0,0,0,0,0,0,0,0,0,0,0,0,0,0.578080835259409,0,0,0,0,0
"CTCGGGTTCTCTGGCC-1_V11L05-333_A1",0.0843243599516162,0.31061953970589,0,0,0,0,0,0,0,0,0,0,0,0.302530712905086,0,0,0,0,0,0,0.302525387437408
"CTCGGTACCACTGCTC-1_V11L05-333_A1",0.72588686035643,0.178061366526749,0.0960517731168211,0,0,0,0,0,0,0,0,0,0,0,0,0,0,0,0,0,0
"CTCGGTCCGTAGCCTG-1_V11L05-333_A1",0.583420962163744,0.416579037836256,0,0,0,0,0,0,0,0,0,0,0,0,0,0,0,0,0,0,0
"CTCGGTTGTCGGCCCT-1_V11L05-333_A1",0.0464627875455898,0.229108724168539,0,0,0,0,0,0,0,0,0,0,0,0.429794011564528,0,0,0,0,0,0,0.294634476721343
"CTCGTCGAGGGCTCAT-1_V11L05-333_A1",0.120937439328241,0.226360762701752,0,0,0,0,0,0,0,0,0,0,0,0.464987709545213,0,0,0,0,0,0,0.187714088424795
"CTCGTCTGTGCCTTCG-1_V11L05-333_A1",0.209806068560841,0.289286888145922,0.223487036583048,0,0,0,0,0,0,0,0,0,0,0,0,0,0,0.27742000671019,0,0,0
"CTCGTGGCACTGAAAG-1_V11L05-333_A1",0,0.121292565879737,0,0.433789426108929,0,0,0,0,0,0,0,0,0,0,0.444918008011334,0,0,0,0,0,0
"CTCGTTACGGCTACCA-1_V11L05-333_A1",0,0.347914618574363,0,0,0,0,0,0,0,0,0,0,0.463173298869043,0,0,0,0,0,0,0,0.188912082556594
"CTCGTTTCTAATGTTT-1_V11L05-333_A1",0.381897412712187,0.0969316023282071,0,0,0,0,0,0,0,0.521170984959606,0,0,0,0,0,0,0,0,0,0,0
"CTCTAACACCGGCAGC-1_V11L05-333_A1",0.0675301083327686,0.126913553846114,0,0.477489224418152,0,0,0,0,0,0,0,0,0,0.328067113402965,0,0,0,0,0,0,0
"CTCTAATGCATTGATC-1_V11L05-333_A1",0.460478713724393,0.33935543097652,0.200165855299086,0,0,0,0,0,0,0,0,0,0,0,0,0,0,0,0,0,0
"CTCTACACTGGCGATT-1_V11L05-333_A1",0.127817280926309,0.315830792607857,0,0,0,0,0,0,0,0,0,0,0,0.101687482612707,0,0,0,0,0,0.454664443853127,0
"CTCTACATCCTGCGTG-1_V11L05-333_A1",0.151427490753451,0.219957887178943,0,0,0,0,0,0,0,0,0.232246792702385,0,0.396367829365221,0,0,0,0,0,0,0,0
"CTCTAGCCCTCGGAAA-1_V11L05-333_A1",0.38943741687933,0.244586417131677,0.100924107839178,0,0,0,0,0,0,0.265052058149816,0,0,0,0,0,0,0,0,0,0,0
"CTCTATTTGGCTGCAG-1_V11L05-333_A1",0.800481841522642,0.199518158477358,0,0,0,0,0,0,0,0,0,0,0,0,0,0,0,0,0,0,0
"CTCTCACAATCGATGA-1_V11L05-333_A1",0.674164437553561,0.213128628105561,0.112706934340878,0,0,0,0,0,0,0,0,0,0,0,0,0,0,0,0,0,0
"CTCTCGATGTGCGCCT-1_V11L05-333_A1",0.626637086501872,0.373362913498128,0,0,0,0,0,0,0,0,0,0,0,0,0,0,0,0,0,0,0
"CTCTCGCTGTACTATG-1_V11L05-333_A1",0.612600390957835,0.231534043749125,0.155865565293039,0,0,0,0,0,0,0,0,0,0,0,0,0,0,0,0,0,0
"CTCTCTAACTGCCTAG-1_V11L05-333_A1",0.0883024115781854,0.134882240108841,0,0,0,0,0,0,0,0,0,0,0,0.179022321536673,0,0,0,0,0.425586906160275,0,0.172206120616025
"CTCTGCAGGCATTCTT-1_V11L05-333_A1",0,0.531838617558469,0,0,0,0,0,0,0,0,0,0,0,0.468161382441531,0,0,0,0,0,0,0
"CTCTGCGAAGCAAGCA-1_V11L05-333_A1",0.722990924516426,0.277009075483574,0,0,0,0,0,0,0,0,0,0,0,0,0,0,0,0,0,0,0
"CTCTGGACGCCTGGTG-1_V11L05-333_A1",0.792914449990138,0.128274625849491,0.0788109241603706,0,0,0,0,0,0,0,0,0,0,0,0,0,0,0,0,0,0
"CTCTGTCCATGCACCA-1_V11L05-333_A1",0.170521217781259,0.131493152576653,0,0,0,0,0,0,0,0,0.258229953790185,0,0,0,0,0,0,0,0,0.439755675851903,0
"CTCTGTGCCTGCTATG-1_V11L05-333_A1",0.734464234858424,0.265535765141576,0,0,0,0,0,0,0,0,0,0,0,0,0,0,0,0,0,0,0
"CTCTGTTTGAGGATTC-1_V11L05-333_A1",0.512732164704919,0.280202239571942,0.207065595723139,0,0,0,0,0,0,0,0,0,0,0,0,0,0,0,0,0,0
"CTCTTCTATTGACTGG-1_V11L05-333_A1",0.297224306393226,0.283490905397725,0.419284788209049,0,0,0,0,0,0,0,0,0,0,0,0,0,0,0,0,0,0
"CTCTTCTGGAAGTTAG-1_V11L05-333_A1",0.108145895149824,0.250969085060859,0.137523949718068,0,0,0,0,0,0.183196550679342,0,0,0,0,0,0,0,0,0,0,0.320164519391907,0
"CTCTTGTCCCGCTTGG-1_V11L05-333_A1",0.284984791552561,0.391599743088777,0,0,0,0,0,0,0,0,0,0,0,0,0,0,0,0,0,0.323415465358662,0
"CTGAAACGGCCCTCAG-1_V11L05-333_A1",0.0743785083143791,0.235252870080041,0,0,0,0,0,0,0,0,0,0,0,0.448646725145919,0,0,0,0,0,0,0.241721896459661
"CTGAAAGAGATCCGAC-1_V11L05-333_A1",0.758404810173074,0.241595189826926,0,0,0,0,0,0,0,0,0,0,0,0,0,0,0,0,0,0,0
"CTGAATCCGAGACCTC-1_V11L05-333_A1",0.376939546282102,0.623060453717898,0,0,0,0,0,0,0,0,0,0,0,0,0,0,0,0,0,0,0
"CTGAATTTATTGCCAG-1_V11L05-333_A1",0.329019855820885,0.281033412877693,0.219007684994549,0,0,0,0,0,0,0,0,0,0,0.170939046306873,0,0,0,0,0,0,0
"CTGACATAGAAATAGA-1_V11L05-333_A1",0.640401862245305,0.359598137754695,0,0,0,0,0,0,0,0,0,0,0,0,0,0,0,0,0,0,0
"CTGACTGCGCAGCTCG-1_V11L05-333_A1",0.407811355103692,0.289382121331146,0,0,0,0,0,0,0,0,0,0,0,0,0,0,0,0,0,0.302806523565162,0
"CTGAGAAAGTTCGGCG-1_V11L05-333_A1",0.647358286956541,0.352641713043459,0,0,0,0,0,0,0,0,0,0,0,0,0,0,0,0,0,0,0
"CTGAGAGTAGAAATAC-1_V11L05-333_A1",0.584611611106514,0.415388388893486,0,0,0,0,0,0,0,0,0,0,0,0,0,0,0,0,0,0,0
"CTGAGCAAGTAACAAG-1_V11L05-333_A1",0.657250970167854,0.342749029832146,0,0,0,0,0,0,0,0,0,0,0,0,0,0,0,0,0,0,0
"CTGAGCGAGACTTATT-1_V11L05-333_A1",0.514454625332696,0.206297927325156,0,0,0,0,0,0,0,0,0,0,0,0.279247447342148,0,0,0,0,0,0,0
"CTGATAGTGTATCTCA-1_V11L05-333_A1",0.573171023043825,0.426828976956175,0,0,0,0,0,0,0,0,0,0,0,0,0,0,0,0,0,0,0
"CTGATCCCTTTATGCA-1_V11L05-333_A1",0.125962761562691,0.436268030329706,0,0,0.437769208107603,0,0,0,0,0,0,0,0,0,0,0,0,0,0,0,0
"CTGCAAATGGGCTCCA-1_V11L05-333_A1",0.410968708421326,0.428677250012217,0.160354041566456,0,0,0,0,0,0,0,0,0,0,0,0,0,0,0,0,0,0
"CTGCAAGCACGTTCCG-1_V11L05-333_A1",0.518963611105319,0.277063579668404,0.203972809226277,0,0,0,0,0,0,0,0,0,0,0,0,0,0,0,0,0,0
"CTGCACAACTACATAT-1_V11L05-333_A1",0.773961324294042,0.226038675705958,0,0,0,0,0,0,0,0,0,0,0,0,0,0,0,0,0,0,0
"CTGCACCTAGTCCACA-1_V11L05-333_A1",0.192256647477232,0.0769882316635296,0,0,0,0,0,0,0,0,0,0,0,0,0,0.730755120859238,0,0,0,0,0
"CTGCACCTGGAACCGC-1_V11L05-333_A1",0.642172081908592,0.357827918091408,0,0,0,0,0,0,0,0,0,0,0,0,0,0,0,0,0,0,0
"CTGCACTCCAGTACAG-1_V11L05-333_A1",0.312338423251059,0.316850509958683,0.370811066790259,0,0,0,0,0,0,0,0,0,0,0,0,0,0,0,0,0,0
"CTGCAGAGAATCAGAG-1_V11L05-333_A1",0.618189434347867,0.381810565652133,0,0,0,0,0,0,0,0,0,0,0,0,0,0,0,0,0,0,0
"CTGCAGGGTGACGCTC-1_V11L05-333_A1",0.719550637381253,0.280449362618747,0,0,0,0,0,0,0,0,0,0,0,0,0,0,0,0,0,0,0
"CTGCAGGTGCTCGGCC-1_V11L05-333_A1",0.630439429511197,0.369560570488803,0,0,0,0,0,0,0,0,0,0,0,0,0,0,0,0,0,0,0
"CTGCCAAGGTTGGAAG-1_V11L05-333_A1",0.565935358432123,0.287789264217212,0.146275377350665,0,0,0,0,0,0,0,0,0,0,0,0,0,0,0,0,0,0
"CTGCCATGCATCACAT-1_V11L05-333_A1",0.683889515977312,0.316110484022688,0,0,0,0,0,0,0,0,0,0,0,0,0,0,0,0,0,0,0
"CTGCCCACGAAGCGTT-1_V11L05-333_A1",0.586995268268671,0.413004731731329,0,0,0,0,0,0,0,0,0,0,0,0,0,0,0,0,0,0,0
"CTGCCTAGCCACCAAG-1_V11L05-333_A1",0.186372522729694,0.181983930356438,0,0,0,0,0,0,0,0,0,0,0,0,0,0.631643546913868,0,0,0,0,0
"CTGCCTCATATGCAAC-1_V11L05-333_A1",0.712642133473371,0.158092631311367,0.129265235215263,0,0,0,0,0,0,0,0,0,0,0,0,0,0,0,0,0,0
"CTGCCTTTAATACCTT-1_V11L05-333_A1",0.0519002808129151,0.235450567681169,0,0,0.380947463135253,0,0,0,0,0,0,0,0,0.331701688370663,0,0,0,0,0,0,0
"CTGCCTTTCTAGTAAA-1_V11L05-333_A1",0.539119802707314,0.460880197292686,0,0,0,0,0,0,0,0,0,0,0,0,0,0,0,0,0,0,0
"CTGCGACCTCGCCGAA-1_V11L05-333_A1",0.111940991185187,0.278848252077345,0.105613851404447,0,0,0,0,0,0.237536920740162,0,0,0,0,0,0,0,0,0,0,0,0.266059984592859
"CTGCGATTTCGAGATT-1_V11L05-333_A1",0.0804569356594897,0.175289552468139,0,0.44527524698955,0,0,0,0,0,0,0,0,0,0.298978264882822,0,0,0,0,0,0,0
"CTGCGGGTGAAATGTT-1_V11L05-333_A1",0.774986750541857,0.225013249458143,0,0,0,0,0,0,0,0,0,0,0,0,0,0,0,0,0,0,0
"CTGCGGTAGTCACGTG-1_V11L05-333_A1",0.40803599466859,0.202237803119312,0.1806764453638,0,0,0,0,0,0,0,0,0,0,0,0,0.209049756848298,0,0,0,0,0
"CTGCGTTACGATATAA-1_V11L05-333_A1",0.335306486962624,0.407019039308693,0,0,0,0,0,0,0,0,0,0,0,0,0,0,0,0,0,0.257674473728683,0
"CTGCTCTCAACACACC-1_V11L05-333_A1",0.605674315051718,0.394325684948282,0,0,0,0,0,0,0,0,0,0,0,0,0,0,0,0,0,0,0
"CTGCTCTGACGGCAAA-1_V11L05-333_A1",0.0421335245024184,0.184448793625966,0,0.457028114503433,0,0,0,0,0,0,0,0,0,0.166041327156816,0,0,0,0,0,0,0.150348240211367
"CTGCTGAGGCCACGAA-1_V11L05-333_A1",0.113545147377487,0.271304964136166,0,0,0,0,0,0,0,0,0,0,0,0.0813449864423541,0,0,0,0,0,0.31652152515967,0.217283376884324
"CTGCTGTCTAACGAGC-1_V11L05-333_A1",0.696330452961057,0.303669547038943,0,0,0,0,0,0,0,0,0,0,0,0,0,0,0,0,0,0,0
"CTGCTTGGCGATAGCT-1_V11L05-333_A1",0.822633636508196,0.100300214075557,0.077066149416248,0,0,0,0,0,0,0,0,0,0,0,0,0,0,0,0,0,0
"CTGCTTTATGTCCGCG-1_V11L05-333_A1",0.517322827908052,0.292210735952673,0,0,0,0,0,0,0,0,0,0,0,0,0,0.190466436139274,0,0,0,0,0
"CTGGAAATGGATGCTT-1_V11L05-333_A1",0.736144663132082,0.263855336867918,0,0,0,0,0,0,0,0,0,0,0,0,0,0,0,0,0,0,0
"CTGGAAGACACGGTGG-1_V11L05-333_A1",0.51925242714276,0.48074757285724,0,0,0,0,0,0,0,0,0,0,0,0,0,0,0,0,0,0,0
"CTGGATTTACACTTGA-1_V11L05-333_A1",0,0,0,0,0,0,0,0,0,0,0,0,0,0,0,0,0,0,0,0,0
"CTGGCATCCGAATGAG-1_V11L05-333_A1",0,0.176857206394698,0,0,0,0,0,0,0,0,0,0,0,0,0,0,0,0,0,0.823142793605302,0
"CTGGCGACATAAGTCC-1_V11L05-333_A1",0.239775674255637,0.324442764356577,0.435781561387786,0,0,0,0,0,0,0,0,0,0,0,0,0,0,0,0,0,0
"CTGGCGATTTACATGT-1_V11L05-333_A1",0,0,0,0,0,0,0,0,0,0,0,0,0,0,0,0,0,0,0,0,0
"CTGGCGCACAGGTCTG-1_V11L05-333_A1",0.762601588059894,0.237398411940106,0,0,0,0,0,0,0,0,0,0,0,0,0,0,0,0,0,0,0
"CTGGCGGGAATAAGTA-1_V11L05-333_A1",0.660446291635386,0.339553708364614,0,0,0,0,0,0,0,0,0,0,0,0,0,0,0,0,0,0,0
"CTGGCTCCTGCGGGAT-1_V11L05-333_A1",0.432880283784867,0.319181449372006,0.247938266843127,0,0,0,0,0,0,0,0,0,0,0,0,0,0,0,0,0,0
"CTGGCTGATTCATCCT-1_V11L05-333_A1",0.681821399016319,0.196489964413269,0.121688636570412,0,0,0,0,0,0,0,0,0,0,0,0,0,0,0,0,0,0
"CTGGCTGCTAACGTAA-1_V11L05-333_A1",0.670820797680432,0.329179202319568,0,0,0,0,0,0,0,0,0,0,0,0,0,0,0,0,0,0,0
"CTGGCTGGTTGTCAGT-1_V11L05-333_A1",0.0632809832924891,0.166148599918666,0.0544619449978888,0,0,0,0,0,0,0,0,0,0,0.24647777168592,0,0,0,0,0,0.469630700105036,0
"CTGGGATAAATAATGG-1_V11L05-333_A1",0.601833024342248,0.249951549155051,0.148215426502702,0,0,0,0,0,0,0,0,0,0,0,0,0,0,0,0,0,0
"CTGGGATACGCTACCC-1_V11L05-333_A1",0.348216156565324,0.243301722970216,0.18039974472128,0,0,0,0,0,0,0,0,0,0,0.22808237574318,0,0,0,0,0,0,0
"CTGGGATCGCCCAGAT-1_V11L05-333_A1",0.162449346995041,0.122007577677792,0,0,0,0,0,0,0,0,0,0,0,0,0,0,0,0,0,0.715543075327168,0
"CTGGGCACTAGTCGGA-1_V11L05-333_A1",0.236652991388964,0.391037403248301,0.15136173685004,0,0,0,0,0,0,0.220947868512694,0,0,0,0,0,0,0,0,0,0,0
"CTGGGCCTGCTATATC-1_V11L05-333_A1",0.235956439351673,0.456712983366071,0,0,0,0,0,0,0,0,0,0,0,0,0,0,0,0,0,0,0.307330577282257
"CTGGGCGGCCAAATGT-1_V11L05-333_A1",0.240907606186976,0.439196429182003,0.319895964631021,0,0,0,0,0,0,0,0,0,0,0,0,0,0,0,0,0,0
"CTGGGCTACTGGAGAG-1_V11L05-333_A1",0.687528346663438,0.312471653336562,0,0,0,0,0,0,0,0,0,0,0,0,0,0,0,0,0,0,0
"CTGGGCTATCCTTTGG-1_V11L05-333_A1",0.156845133134316,0.373801930798766,0.161533908612645,0,0,0,0,0,0,0,0,0,0,0,0,0.307819027454274,0,0,0,0,0
"CTGGGTAGGCAGTTAA-1_V11L05-333_A1",0.704507034598459,0.295492965401541,0,0,0,0,0,0,0,0,0,0,0,0,0,0,0,0,0,0,0
"CTGGGTTGAGTTAAAG-1_V11L05-333_A1",0.166344364502481,0.268699538092854,0,0,0,0,0,0,0,0,0,0,0,0.0866927460354628,0,0,0,0,0.332641396026573,0,0.145621955342629
"CTGGTAAAGACTTACA-1_V11L05-333_A1",0.690358253669458,0.309641746330542,0,0,0,0,0,0,0,0,0,0,0,0,0,0,0,0,0,0,0
"CTGGTAAAGTGTGGGC-1_V11L05-333_A1",0.728570197200851,0.271429802799149,0,0,0,0,0,0,0,0,0,0,0,0,0,0,0,0,0,0,0
"CTGGTAACACATAGAA-1_V11L05-333_A1",0.810732129367958,0.189267870632042,0,0,0,0,0,0,0,0,0,0,0,0,0,0,0,0,0,0,0
"CTGGTAACGAGCTCTT-1_V11L05-333_A1",0.51629394467646,0.280236690602746,0.203469364720794,0,0,0,0,0,0,0,0,0,0,0,0,0,0,0,0,0,0
"CTGGTCATTCCAATCC-1_V11L05-333_A1",0.760258848536386,0.239741151463614,0,0,0,0,0,0,0,0,0,0,0,0,0,0,0,0,0,0,0
"CTGGTCCTAACTTGGC-1_V11L05-333_A1",0.621422229523597,0.378577770476403,0,0,0,0,0,0,0,0,0,0,0,0,0,0,0,0,0,0,0
"CTGGTGAATGGGCCTA-1_V11L05-333_A1",0,0.249483556530287,0,0,0,0,0,0,0,0,0,0,0,0.549005354095393,0,0,0,0,0,0,0.20151108937432
"CTGGTTCAACGCATCA-1_V11L05-333_A1",0.620064538814606,0.227080516002992,0.152854945182402,0,0,0,0,0,0,0,0,0,0,0,0,0,0,0,0,0,0
"CTGGTTCGCGAGCTAC-1_V11L05-333_A1",0.438748532068704,0.263682559188935,0.297568908742362,0,0,0,0,0,0,0,0,0,0,0,0,0,0,0,0,0,0
"CTGGTTTCGAGCAAGA-1_V11L05-333_A1",0.413788641321719,0.271961478072008,0.314249880606273,0,0,0,0,0,0,0,0,0,0,0,0,0,0,0,0,0,0
"CTGTACTTCTTAGCAT-1_V11L05-333_A1",0.699812311825172,0.300187688174828,0,0,0,0,0,0,0,0,0,0,0,0,0,0,0,0,0,0,0
"CTGTAGCCATCTCACT-1_V11L05-333_A1",0.0709269055087702,0.343483304182248,0,0,0,0,0,0,0,0,0,0,0,0.0367068516502429,0,0,0,0,0,0.317087198348966,0.231795740309773
"CTGTAGTGAGGATCGA-1_V11L05-333_A1",0,0.159723124709477,0,0.297483940157278,0,0,0,0,0,0,0,0,0,0.350636098867925,0,0,0,0,0,0,0.192156836265319
"CTGTATGGTGTAGAAA-1_V11L05-333_A1",0.513500335855489,0.302490934756242,0.184008729388269,0,0,0,0,0,0,0,0,0,0,0,0,0,0,0,0,0,0
"CTGTCAAATGGCTCGG-1_V11L05-333_A1",0.79034145277131,0.110387753609869,0.0992707936188211,0,0,0,0,0,0,0,0,0,0,0,0,0,0,0,0,0,0
"CTGTCACGCCAGGCGC-1_V11L05-333_A1",0.560968299776163,0.264734134937697,0.174297565286139,0,0,0,0,0,0,0,0,0,0,0,0,0,0,0,0,0,0
"CTGTCCTGCGCACTAC-1_V11L05-333_A1",0.369644055448052,0.375381756684242,0.121107585357315,0,0,0,0,0,0.133866602510391,0,0,0,0,0,0,0,0,0,0,0,0
"CTGTCTGTGGCTGGCT-1_V11L05-333_A1",0.657908087755672,0.342091912244328,0,0,0,0,0,0,0,0,0,0,0,0,0,0,0,0,0,0,0
"CTGTGCAGGGTAGGTC-1_V11L05-333_A1",0.703485582461505,0.296514417538495,0,0,0,0,0,0,0,0,0,0,0,0,0,0,0,0,0,0,0
"CTGTGGTCGGGAGATA-1_V11L05-333_A1",0.691820429162946,0.308179570837054,0,0,0,0,0,0,0,0,0,0,0,0,0,0,0,0,0,0,0
"CTGTTACCCAATCTAG-1_V11L05-333_A1",0.574947276361624,0.192370651873759,0.232682071764616,0,0,0,0,0,0,0,0,0,0,0,0,0,0,0,0,0,0
"CTGTTCACTGCCTGTG-1_V11L05-333_A1",0.38600294426965,0.32450090402011,0.289496151710239,0,0,0,0,0,0,0,0,0,0,0,0,0,0,0,0,0,0
"CTGTTCATCTCACGGG-1_V11L05-333_A1",0.791486472257693,0.208513527742307,0,0,0,0,0,0,0,0,0,0,0,0,0,0,0,0,0,0,0
"CTGTTGGCTCTTCTGA-1_V11L05-333_A1",0.58427363351791,0.300232774454863,0.115493592027226,0,0,0,0,0,0,0,0,0,0,0,0,0,0,0,0,0,0
"CTGTTGTTCAGTCGTA-1_V11L05-333_A1",0,0.225988900346617,0,0,0.398666146935627,0,0,0,0,0,0.189073583500691,0,0,0,0,0,0,0,0,0,0.186271369217065
"CTTAAATAAGACCCAT-1_V11L05-333_A1",0.64850539199135,0.21040140227275,0,0,0,0,0,0,0,0,0,0,0,0,0,0.1410932057359,0,0,0,0,0
"CTTAACTTACAGTATA-1_V11L05-333_A1",0.771162515426117,0.228837484573883,0,0,0,0,0,0,0,0,0,0,0,0,0,0,0,0,0,0,0
"CTTAACTTCGAAGTAC-1_V11L05-333_A1",0.692024915001443,0.307975084998557,0,0,0,0,0,0,0,0,0,0,0,0,0,0,0,0,0,0,0
"CTTAAGCAGCGAGCCG-1_V11L05-333_A1",0.123135109889679,0.299788349021298,0,0,0,0,0,0,0,0,0.0993772031030179,0,0,0,0,0,0,0,0,0.210091047327409,0.267608290658597
"CTTAATCGACTTAGTA-1_V11L05-333_A1",0,0.137705006881017,0,0,0.293242227196686,0,0,0,0,0.22065183482283,0,0,0,0.348400931099467,0,0,0,0,0,0,0
"CTTACACGGTATTCCA-1_V11L05-333_A1",0.626967316779511,0.373032683220489,0,0,0,0,0,0,0,0,0,0,0,0,0,0,0,0,0,0,0
"CTTACACTGGGAAATA-1_V11L05-333_A1",0.750715903228865,0.249284096771136,0,0,0,0,0,0,0,0,0,0,0,0,0,0,0,0,0,0,0
"CTTACATAGATTTCTT-1_V11L05-333_A1",0.12148192467298,0.248835009169248,0.239853030256059,0,0,0,0,0,0,0,0,0,0,0.204022770876098,0,0,0,0,0,0,0.185807265025616
"CTTACTGACTCCTCTG-1_V11L05-333_A1",0.540286955354046,0.255070943387767,0.204642101258186,0,0,0,0,0,0,0,0,0,0,0,0,0,0,0,0,0,0
"CTTAGATGTTTCATCC-1_V11L05-333_A1",0.157913283965573,0.225721227331711,0,0,0,0,0,0,0,0,0,0,0.616365488702716,0,0,0,0,0,0,0,0
"CTTAGCCCGGATAGTG-1_V11L05-333_A1",0.525056205633427,0.474943794366573,0,0,0,0,0,0,0,0,0,0,0,0,0,0,0,0,0,0,0
"CTTAGCCTTCCACATG-1_V11L05-333_A1",0.543296069456697,0.252682213453944,0.20402171708936,0,0,0,0,0,0,0,0,0,0,0,0,0,0,0,0,0,0
"CTTAGGTATAGACCAG-1_V11L05-333_A1",0.0608790836390078,0.320858784009842,0,0,0,0,0,0,0,0,0,0,0,0.395448924599831,0,0,0,0,0,0,0.222813207751319
"CTTAGGTCCCAATCGT-1_V11L05-333_A1",0.212647607151596,0.36073729891577,0.148138418799597,0,0,0,0,0,0,0,0,0,0,0,0.278476675133037,0,0,0,0,0,0
"CTTAGTAGGCCTACAG-1_V11L05-333_A1",0.426493332054753,0.312032580186254,0.261474087758993,0,0,0,0,0,0,0,0,0,0,0,0,0,0,0,0,0,0
"CTTAGTGTAGTAGCAT-1_V11L05-333_A1",0.819201401166722,0.180798598833278,0,0,0,0,0,0,0,0,0,0,0,0,0,0,0,0,0,0,0
"CTTAGTTGAGGAATCG-1_V11L05-333_A1",0,0.170874832821958,0.0673396917762448,0,0.33954845803494,0,0,0,0,0,0,0,0,0.422237017366857,0,0,0,0,0,0,0
"CTTATAGATGGCTGTT-1_V11L05-333_A1",0.689517922430044,0.310482077569956,0,0,0,0,0,0,0,0,0,0,0,0,0,0,0,0,0,0,0
"CTTATGCGCTCAGGGC-1_V11L05-333_A1",0.166792696004891,0.438821738340993,0,0,0,0,0,0,0,0,0,0,0,0,0,0,0,0,0,0.394385565654116,0
"CTTATGTTGACTACCA-1_V11L05-333_A1",0.704752918926039,0.295247081073961,0,0,0,0,0,0,0,0,0,0,0,0,0,0,0,0,0,0,0
"CTTCAACTCCACTTGG-1_V11L05-333_A1",0.714666744397642,0.285333255602358,0,0,0,0,0,0,0,0,0,0,0,0,0,0,0,0,0,0,0
"CTTCACGCCCTGGTAC-1_V11L05-333_A1",0,0.534865068295406,0,0,0,0,0,0,0,0,0,0,0,0.218112471533466,0,0,0,0,0,0,0.247022460171128
"CTTCAGTGGTCGCCTA-1_V11L05-333_A1",0.113064338795283,0.251288138025875,0.0891188479360926,0,0,0,0,0,0.293042456217301,0,0,0,0,0,0,0,0,0,0,0,0.253486219025448
"CTTCAGTTGGACAACG-1_V11L05-333_A1",0.118906625442657,0.111540720614651,0,0,0,0,0,0,0,0,0.646910050998743,0,0,0,0,0,0,0,0,0,0.122642602943949
"CTTCATAGCTCAAGAA-1_V11L05-333_A1",0.335469753724378,0.664530246275622,0,0,0,0,0,0,0,0,0,0,0,0,0,0,0,0,0,0,0
"CTTCATCACCAGGGCT-1_V11L05-333_A1",0.122304981006074,0.199932070019138,0.104105788245628,0,0,0,0,0,0,0,0,0,0,0.377099276972185,0,0,0,0,0,0,0.196557883756975
"CTTCATTGTCAGTGGA-1_V11L05-333_A1",0.616546312819505,0.237490609939924,0.145963077240571,0,0,0,0,0,0,0,0,0,0,0,0,0,0,0,0,0,0
"CTTCCGCTCCGTGAAG-1_V11L05-333_A1",0.0940319833702051,0.254180340543604,0,0,0,0,0,0,0,0,0,0,0,0,0,0,0,0,0,0.484826617709277,0.166961058376914
"CTTCCTGCATATTTAC-1_V11L05-333_A1",0.145465244251563,0.20781463902302,0.15166867419282,0,0,0,0,0,0,0,0,0,0,0,0,0.495051442532598,0,0,0,0,0
"CTTCGATTGCGCAAGC-1_V11L05-333_A1",0.692482446441,0.307517553559,0,0,0,0,0,0,0,0,0,0,0,0,0,0,0,0,0,0,0
"CTTCGGCCAATTGTTT-1_V11L05-333_A1",0.360300870649141,0.392770164762787,0.246928964588073,0,0,0,0,0,0,0,0,0,0,0,0,0,0,0,0,0,0
"CTTCGTAGATAGGTGA-1_V11L05-333_A1",0.725773445298446,0.274226554701554,0,0,0,0,0,0,0,0,0,0,0,0,0,0,0,0,0,0,0
"CTTCGTGCCCGCATCG-1_V11L05-333_A1",0.674446149730643,0.325553850269357,0,0,0,0,0,0,0,0,0,0,0,0,0,0,0,0,0,0,0
"CTTCTATGTTGAAGTA-1_V11L05-333_A1",0,0.285526688412186,0,0,0,0,0,0,0,0,0,0,0,0.0417038077402106,0,0,0,0,0,0.431983833899679,0.240785669947924
"CTTCTATTAATGCTAG-1_V11L05-333_A1",0.133912349576883,0.344913729514425,0,0,0,0,0,0,0,0,0,0,0,0,0,0,0,0,0,0.318271608119974,0.202902312788719
"CTTCTGGGCGTACCTA-1_V11L05-333_A1",0.0498367503112121,0.296491271364942,0,0,0,0,0,0,0,0,0,0,0,0.459840893028716,0,0,0,0,0,0,0.19383108529513
"CTTCTTACGTCGTATA-1_V11L05-333_A1",0.629198263274426,0.370801736725574,0,0,0,0,0,0,0,0,0,0,0,0,0,0,0,0,0,0,0
"CTTGACCCGAAAGATA-1_V11L05-333_A1",0.657478449488214,0.342521550511786,0,0,0,0,0,0,0,0,0,0,0,0,0,0,0,0,0,0,0
"CTTGAGGTTATCCCGA-1_V11L05-333_A1",0.513022759723865,0.486977240276136,0,0,0,0,0,0,0,0,0,0,0,0,0,0,0,0,0,0,0
"CTTGAGTTAGGGTAAT-1_V11L05-333_A1",0.502168471976572,0.274526959842788,0,0,0,0,0,0,0,0,0,0,0,0,0,0.22330456818064,0,0,0,0,0
"CTTGATGACCATCCAG-1_V11L05-333_A1",0.649731449709114,0.350268550290886,0,0,0,0,0,0,0,0,0,0,0,0,0,0,0,0,0,0,0
"CTTGCAACCGCCTCCT-1_V11L05-333_A1",0.337801371264685,0.385120629991763,0,0,0,0,0,0,0,0,0,0,0,0,0,0,0,0,0,0,0.277077998743552
"CTTGCCCACCCACGCA-1_V11L05-333_A1",0.706493854449806,0.293506145550194,0,0,0,0,0,0,0,0,0,0,0,0,0,0,0,0,0,0,0
"CTTGCCCAGGCTCTAC-1_V11L05-333_A1",0.526604101818955,0.292368692536786,0.181027205644259,0,0,0,0,0,0,0,0,0,0,0,0,0,0,0,0,0,0
"CTTGGCCAAGCTGGGA-1_V11L05-333_A1",0.0722765433041557,0.409280635173733,0.0722091865999012,0,0,0,0,0,0,0,0,0,0,0,0,0,0,0,0,0.44623363492221,0
"CTTGTACTTGTTGACT-1_V11L05-333_A1",0.404876881826107,0.239076763031926,0.356046355141968,0,0,0,0,0,0,0,0,0,0,0,0,0,0,0,0,0,0
"CTTGTCAACATTCGAG-1_V11L05-333_A1",0.860640787424132,0.139359212575869,0,0,0,0,0,0,0,0,0,0,0,0,0,0,0,0,0,0,0
"CTTGTCGTACGTGTCA-1_V11L05-333_A1",0.726207834272756,0.273792165727244,0,0,0,0,0,0,0,0,0,0,0,0,0,0,0,0,0,0,0
"CTTGTGAGGACAGCGG-1_V11L05-333_A1",0.692513155378768,0.307486844621232,0,0,0,0,0,0,0,0,0,0,0,0,0,0,0,0,0,0,0
"CTTGTGAGTCTTTGAC-1_V11L05-333_A1",0.557199749655517,0.254672894371493,0.18812735597299,0,0,0,0,0,0,0,0,0,0,0,0,0,0,0,0,0,0
"CTTGTGCTCACCGATT-1_V11L05-333_A1",0.69318326875731,0.30681673124269,0,0,0,0,0,0,0,0,0,0,0,0,0,0,0,0,0,0,0
"CTTGTTGCTGAGTCAA-1_V11L05-333_A1",0.443584536477265,0.294857414654491,0.261558048868244,0,0,0,0,0,0,0,0,0,0,0,0,0,0,0,0,0,0
"CTTGTTTATGTAGCCA-1_V11L05-333_A1",0.61974724127556,0.38025275872444,0,0,0,0,0,0,0,0,0,0,0,0,0,0,0,0,0,0,0
"CTTTAACTTTCAAAGG-1_V11L05-333_A1",0.709496842298204,0.290503157701796,0,0,0,0,0,0,0,0,0,0,0,0,0,0,0,0,0,0,0
"CTTTAATATTGGTCGA-1_V11L05-333_A1",0.737813103276905,0.15628397618461,0.105902920538485,0,0,0,0,0,0,0,0,0,0,0,0,0,0,0,0,0,0
"CTTTACCGAATAGTAG-1_V11L05-333_A1",0.875379822300404,0.124620177699596,0,0,0,0,0,0,0,0,0,0,0,0,0,0,0,0,0,0,0
"CTTTAGGAACACTGTT-1_V11L05-333_A1",0.753459105485293,0.246540894514707,0,0,0,0,0,0,0,0,0,0,0,0,0,0,0,0,0,0,0
"CTTTAGTGCTATTATT-1_V11L05-333_A1",0.750772700357793,0.249227299642207,0,0,0,0,0,0,0,0,0,0,0,0,0,0,0,0,0,0,0
"CTTTATCCGACGCATG-1_V11L05-333_A1",0,0.236539500883638,0,0,0,0,0,0,0,0,0,0,0.763460499116362,0,0,0,0,0,0,0,0
"CTTTCTGTGCGGGCTT-1_V11L05-333_A1",0.28865977108072,0.71134022891928,0,0,0,0,0,0,0,0,0,0,0,0,0,0,0,0,0,0,0
"CTTTGAAACATATTCC-1_V11L05-333_A1",0.320109331425978,0.330605016700466,0,0,0,0,0,0,0,0,0,0,0,0,0,0.349285651873557,0,0,0,0,0
"CTTTGACGTCGCTTCT-1_V11L05-333_A1",0.124293969320288,0.127071639332655,0,0,0,0,0,0,0,0,0,0,0,0,0,0,0,0,0,0.748634391347058,0
"CTTTGCATCGCTCTTG-1_V11L05-333_A1",0.589918202123732,0.410081797876268,0,0,0,0,0,0,0,0,0,0,0,0,0,0,0,0,0,0,0
"CTTTGCTGTCATGGAT-1_V11L05-333_A1",0.524064609138364,0.214175477206605,0,0,0,0,0,0,0,0,0,0,0,0,0,0.261759913655031,0,0,0,0,0
"CTTTGGCAGACAGAGT-1_V11L05-333_A1",0,0.357963646088265,0,0,0,0,0,0,0,0,0,0,0,0,0,0.446765045456698,0,0.195271308455037,0,0,0
"CTTTGGCGCTTTATAC-1_V11L05-333_A1",0.653937012625819,0.34606298737418,0,0,0,0,0,0,0,0,0,0,0,0,0,0,0,0,0,0,0
"CTTTGGCTTTAGTAAA-1_V11L05-333_A1",0.672964203631624,0.327035796368376,0,0,0,0,0,0,0,0,0,0,0,0,0,0,0,0,0,0,0
"CTTTGGGATTGTTGCA-1_V11L05-333_A1",0,0.364619112491792,0,0,0,0,0,0,0,0,0,0,0,0.401618182516565,0,0,0,0,0,0,0.233762704991643
"CTTTGTCGAATGCTCC-1_V11L05-333_A1",0.175522091315403,0.417524904647581,0,0,0,0,0,0,0,0,0,0,0,0,0,0,0,0,0,0,0.406953004037016
"GAAACAGATGACCACC-1_V11L05-333_A1",0.679443340856044,0.211047027630841,0.109509631513115,0,0,0,0,0,0,0,0,0,0,0,0,0,0,0,0,0,0
"GAAACAGCCATGCAGT-1_V11L05-333_A1",0.788606889822093,0.211393110177907,0,0,0,0,0,0,0,0,0,0,0,0,0,0,0,0,0,0,0
"GAAACATAGGAAACAG-1_V11L05-333_A1",0,0.249008575869219,0,0,0,0,0,0,0,0,0,0,0,0,0,0,0,0,0,0.750991424130781,0
"GAAACCATGGTGCGCT-1_V11L05-333_A1",0.785644721474099,0.214355278525901,0,0,0,0,0,0,0,0,0,0,0,0,0,0,0,0,0,0,0
"GAAACCGAATTACCTT-1_V11L05-333_A1",0.727163588846437,0.204475896175912,0.0683605149776504,0,0,0,0,0,0,0,0,0,0,0,0,0,0,0,0,0,0
"GAAACCTATACAAATG-1_V11L05-333_A1",0.111562789651452,0.294574702184608,0,0,0,0,0,0,0,0,0,0,0,0.171948441668491,0,0,0,0,0,0.210523551900268,0.211390514595181
"GAAACTCGTGCGATGC-1_V11L05-333_A1",0.793098876932321,0.206901123067679,0,0,0,0,0,0,0,0,0,0,0,0,0,0,0,0,0,0,0
"GAAACTCTAATGAAGG-1_V11L05-333_A1",0.810133995769302,0.189866004230698,0,0,0,0,0,0,0,0,0,0,0,0,0,0,0,0,0,0,0
"GAAAGAACAGCGTTAT-1_V11L05-333_A1",0.689092602841731,0.22546920744212,0.0854381897161484,0,0,0,0,0,0,0,0,0,0,0,0,0,0,0,0,0,0
"GAAAGCAGTGCACTTT-1_V11L05-333_A1",0.0933936004937344,0.285295419945066,0,0,0,0,0,0,0,0,0,0,0,0,0,0,0,0,0,0.467217598545248,0.154093381015951
"GAAAGCCCTTTGGACC-1_V11L05-333_A1",0.218862699591328,0.145383221067546,0,0,0,0,0,0,0,0,0,0,0,0,0,0.635754079341126,0,0,0,0,0
"GAAAGTGACTAACTGC-1_V11L05-333_A1",0.768378711691299,0.231621288308702,0,0,0,0,0,0,0,0,0,0,0,0,0,0,0,0,0,0,0
"GAAATACCTGCTGGCT-1_V11L05-333_A1",0.272930158525806,0.378602687068058,0.348467154406136,0,0,0,0,0,0,0,0,0,0,0,0,0,0,0,0,0,0
"GAAATACTAAACGTTT-1_V11L05-333_A1",0.704653476536348,0.295346523463652,0,0,0,0,0,0,0,0,0,0,0,0,0,0,0,0,0,0,0
"GAAATATCACCATCAG-1_V11L05-333_A1",0.51900351934054,0.148177322578689,0,0,0,0,0,0,0,0,0,0,0,0.33281915808077,0,0,0,0,0,0,0
"GAAATATGCTTGAATG-1_V11L05-333_A1",0.39996612569087,0.332351739851548,0.267682134457582,0,0,0,0,0,0,0,0,0,0,0,0,0,0,0,0,0,0
"GAAATCGCGCGCAACT-1_V11L05-333_A1",0.679269722107351,0.233775435699982,0.086954842192667,0,0,0,0,0,0,0,0,0,0,0,0,0,0,0,0,0,0
"GAAATCTGACCAAGTT-1_V11L05-333_A1",0.444627385619511,0.342188424590679,0,0,0,0,0,0,0,0,0,0,0,0,0,0,0,0,0,0.21318418978981,0
"GAAATGGCGGTGTTAG-1_V11L05-333_A1",0.711407543467576,0.288592456532424,0,0,0,0,0,0,0,0,0,0,0,0,0,0,0,0,0,0,0
"GAAATGGGATGTAAAC-1_V11L05-333_A1",0.618153375009531,0.381846624990469,0,0,0,0,0,0,0,0,0,0,0,0,0,0,0,0,0,0,0
"GAAATTAGCACGGATA-1_V11L05-333_A1",0.266504703192365,0.196885532899517,0.192835882567055,0,0,0,0,0,0,0,0,0,0,0.343773881341063,0,0,0,0,0,0,0
"GAAATTCACATCGCTG-1_V11L05-333_A1",0.665990060467556,0.214513584125975,0.119496355406469,0,0,0,0,0,0,0,0,0,0,0,0,0,0,0,0,0,0
"GAAATTGTCTCTATAA-1_V11L05-333_A1",0.765908265133978,0.234091734866022,0,0,0,0,0,0,0,0,0,0,0,0,0,0,0,0,0,0,0
"GAACAACTGGGATGAA-1_V11L05-333_A1",0.517248883260786,0.285876585266793,0,0,0,0,0,0,0,0,0.196874531472422,0,0,0,0,0,0,0,0,0,0
"GAACACACATCAACCA-1_V11L05-333_A1",0.296368497418053,0.46934124483893,0.234290257743016,0,0,0,0,0,0,0,0,0,0,0,0,0,0,0,0,0,0
"GAACAGATTACTAAAT-1_V11L05-333_A1",0.632009405352364,0.259703673951549,0.108286920696087,0,0,0,0,0,0,0,0,0,0,0,0,0,0,0,0,0,0
"GAACATTAGTATGTTA-1_V11L05-333_A1",0.237285450241944,0.468927265116766,0,0,0,0,0,0,0,0,0,0,0,0,0,0,0,0,0,0,0.29378728464129
"GAACCATCTGGGAGAC-1_V11L05-333_A1",0.666115423149221,0.190025841613283,0.143858735237497,0,0,0,0,0,0,0,0,0,0,0,0,0,0,0,0,0,0
"GAACCCTCTGTGTTCT-1_V11L05-333_A1",0.428003079025758,0.207033505475693,0,0,0,0,0,0,0,0,0,0,0,0.364963415498549,0,0,0,0,0,0,0
"GAACCTCGACCTACAC-1_V11L05-333_A1",0.128576680366947,0.345355643273437,0,0,0,0,0,0,0,0,0,0,0,0.235497988148167,0,0,0,0,0,0.290569688211449,0
"GAACCTTTAACGATCC-1_V11L05-333_A1",0.333749905857428,0.666250094142572,0,0,0,0,0,0,0,0,0,0,0,0,0,0,0,0,0,0,0
"GAACGACCGAATGATA-1_V11L05-333_A1",0.861229919898018,0.138770080101982,0,0,0,0,0,0,0,0,0,0,0,0,0,0,0,0,0,0,0
"GAACGATAAGTTAAAG-1_V11L05-333_A1",0.489603247679071,0.340228428597707,0.170168323723222,0,0,0,0,0,0,0,0,0,0,0,0,0,0,0,0,0,0
"GAACGCGGGTCACACG-1_V11L05-333_A1",0.689638495498531,0.310361504501469,0,0,0,0,0,0,0,0,0,0,0,0,0,0,0,0,0,0,0
"GAACGGTGTAAAGCAG-1_V11L05-333_A1",0.208186812176774,0.304428186892439,0,0,0,0,0,0,0,0,0,0,0,0.487385000930787,0,0,0,0,0,0,0
"GAACGTCTCATGGTCG-1_V11L05-333_A1",0.585366425871267,0.188670203091209,0,0,0,0,0,0,0,0,0,0,0,0,0,0.225963371037524,0,0,0,0,0
"GAACGTTAGGAAGACG-1_V11L05-333_A1",0.280971947837375,0.277915537529676,0,0,0,0,0,0,0,0,0,0,0,0,0,0.441112514632949,0,0,0,0,0
"GAACGTTTGTATCCAC-1_V11L05-333_A1",0.562107335198537,0.437892664801463,0,0,0,0,0,0,0,0,0,0,0,0,0,0,0,0,0,0,0
"GAACTGTGGAGAGACA-1_V11L05-333_A1",0.105920567672467,0.245393392547825,0.0862566364348037,0,0,0,0,0,0,0,0,0,0,0.384331070884558,0,0,0,0,0,0,0.178098332460347
"GAACTTAGCGCCCGGT-1_V11L05-333_A1",0.28362405914616,0.264960211002038,0.163204655660898,0,0,0,0,0,0,0,0,0,0,0,0,0.288211074190904,0,0,0,0,0
"GAACTTGTGCACGGGA-1_V11L05-333_A1",0.0538493920658378,0.136758040229479,0,0,0,0.134935112074856,0,0,0,0,0,0,0,0,0.674457455629827,0,0,0,0,0,0
"GAAGAAACGATATTGT-1_V11L05-333_A1",0.081900800129222,0.20120451918178,0,0,0,0,0,0,0,0,0,0,0,0.1260636119508,0,0,0,0,0.388534933172418,0,0.20229613556578
"GAAGAACGGTGCAGGT-1_V11L05-333_A1",0.580640488460139,0.283798188556483,0,0,0,0,0,0,0,0,0,0,0,0,0,0,0,0.135561322983378,0,0,0
"GAAGACTTCAATGCCG-1_V11L05-333_A1",0.330213623699014,0.443024996855244,0,0,0,0,0,0,0,0,0,0,0,0,0,0,0.226761379445742,0,0,0,0
"GAAGCAAGGCAATGTT-1_V11L05-333_A1",0.676696926605412,0.323303073394588,0,0,0,0,0,0,0,0,0,0,0,0,0,0,0,0,0,0,0
"GAAGCCACTGATTATG-1_V11L05-333_A1",0.119463234108349,0.219852711294083,0,0,0,0,0,0,0,0,0,0,0,0,0,0,0,0,0,0.47182426663111,0.188859787966457
"GAAGCCGGGTAAGCTC-1_V11L05-333_A1",0.535056066719803,0.262436167234606,0.202507766045592,0,0,0,0,0,0,0,0,0,0,0,0,0,0,0,0,0,0
"GAAGCCTGCACATTCC-1_V11L05-333_A1",0.0820659239104914,0.20062171908577,0.385762980477858,0,0,0,0,0,0,0,0,0,0,0.197074296147309,0,0,0,0,0,0,0.134475080378571
"GAAGCGTGAGGAATTT-1_V11L05-333_A1",0.884572481342682,0.115427518657318,0,0,0,0,0,0,0,0,0,0,0,0,0,0,0,0,0,0,0
"GAAGCTCGGACCCGTC-1_V11L05-333_A1",0,0.256556861293337,0,0,0,0,0,0,0,0,0,0,0,0,0,0,0,0,0,0.573008165809534,0.170434972897129
"GAAGCTCTTTGCTTAG-1_V11L05-333_A1",0.645195559867226,0.354804440132774,0,0,0,0,0,0,0,0,0,0,0,0,0,0,0,0,0,0,0
"GAAGCTTGCTGACCGC-1_V11L05-333_A1",0.648000252762217,0.230365496339688,0.121634250898095,0,0,0,0,0,0,0,0,0,0,0,0,0,0,0,0,0,0
"GAAGGACTAAATTGAA-1_V11L05-333_A1",0.574982258507025,0.187841077262035,0,0,0,0,0,0,0,0,0,0,0,0,0,0,0,0,0,0.23717666423094,0
"GAAGGAGTCGAGTGCG-1_V11L05-333_A1",0.165532786303908,0.415962900974652,0,0,0,0,0,0,0,0,0,0,0,0,0.265902222155995,0,0,0,0,0,0.152602090565445
"GAAGGCTACCATTGTT-1_V11L05-333_A1",0.450884836960037,0.417136829899704,0.131978333140259,0,0,0,0,0,0,0,0,0,0,0,0,0,0,0,0,0,0
"GAAGGGCATAACCATG-1_V11L05-333_A1",0.665629428887826,0.334370571112174,0,0,0,0,0,0,0,0,0,0,0,0,0,0,0,0,0,0,0
"GAAGGGTCATTAAGAC-1_V11L05-333_A1",0.0713520631633354,0.236732470375817,0.28959218194588,0.265650374378546,0,0,0,0,0,0,0,0,0,0,0,0,0,0,0,0,0.136672910136421
"GAAGTCAGTTGCACTA-1_V11L05-333_A1",0.233465033159592,0.766534966840408,0,0,0,0,0,0,0,0,0,0,0,0,0,0,0,0,0,0,0
"GAAGTCTCCCTAGCGA-1_V11L05-333_A1",0.722553513663542,0.277446486336458,0,0,0,0,0,0,0,0,0,0,0,0,0,0,0,0,0,0,0
"GAAGTGATTTATCGTG-1_V11L05-333_A1",0.791438955478359,0.208561044521641,0,0,0,0,0,0,0,0,0,0,0,0,0,0,0,0,0,0,0
"GAAGTGCTGGATAGCT-1_V11L05-333_A1",0.727251294491169,0.27274870550883,0,0,0,0,0,0,0,0,0,0,0,0,0,0,0,0,0,0,0
"GAAGTTTCCACTCAAT-1_V11L05-333_A1",0.442456556365697,0.417076325924248,0,0,0,0,0,0,0,0,0,0,0,0,0,0,0,0.140467117710056,0,0,0
"GAATAGACGCGACCCA-1_V11L05-333_A1",0.832193944069617,0.167806055930383,0,0,0,0,0,0,0,0,0,0,0,0,0,0,0,0,0,0,0
"GAATAGCATTTAGGGT-1_V11L05-333_A1",0.606652869195471,0.393347130804529,0,0,0,0,0,0,0,0,0,0,0,0,0,0,0,0,0,0,0
"GAATAGCCCTGCGGTC-1_V11L05-333_A1",0.379683185740505,0.264898498717978,0.136455858533335,0,0,0,0,0,0,0,0,0,0,0,0,0.218962457008182,0,0,0,0,0
"GAATAGTGCTCGATTA-1_V11L05-333_A1",0.137452108414198,0.226571087375741,0,0,0,0,0,0,0.17238863984712,0,0,0,0.252316842467986,0,0,0,0,0,0,0,0.211271321894956
"GAATATTCGGAGTCCC-1_V11L05-333_A1",0.480575391949635,0.17324570844032,0,0,0,0,0,0,0,0,0,0,0,0,0,0.346178899610045,0,0,0,0,0
"GAATCGACATGGTCAC-1_V11L05-333_A1",0.590723707551102,0.271419085266161,0.137857207182737,0,0,0,0,0,0,0,0,0,0,0,0,0,0,0,0,0,0
"GAATCGCCGGACACGG-1_V11L05-333_A1",0.52879648103518,0.47120351896482,0,0,0,0,0,0,0,0,0,0,0,0,0,0,0,0,0,0,0
"GAATCTATACTCGGAC-1_V11L05-333_A1",0.537385649724352,0.462614350275648,0,0,0,0,0,0,0,0,0,0,0,0,0,0,0,0,0,0,0
"GAATCTGAACATTCTC-1_V11L05-333_A1",0.869975492923528,0.130024507076472,0,0,0,0,0,0,0,0,0,0,0,0,0,0,0,0,0,0,0
"GAATGAAGGTCTTCAG-1_V11L05-333_A1",0.0887128980412611,0.228559801106295,0.109133065580239,0,0,0,0,0,0,0,0,0,0,0,0,0.573594235272205,0,0,0,0,0
"GAATGCCGAAATGACC-1_V11L05-333_A1",0.443850775503501,0.332905127330788,0.223244097165712,0,0,0,0,0,0,0,0,0,0,0,0,0,0,0,0,0,0
"GAATGCGAATCGGTTC-1_V11L05-333_A1",0.127079304430706,0.408239150185826,0.190549244187879,0,0,0,0,0,0,0,0,0,0,0,0,0,0,0,0,0.274132301195589,0
"GAATGGGCTTATCGAC-1_V11L05-333_A1",0.266287836247826,0.223065339630969,0,0,0,0,0,0,0,0,0,0,0,0,0,0,0,0,0,0.510646824121205,0
"GAATGTATGGCAGGTC-1_V11L05-333_A1",0.660424666427613,0.225985544684687,0.1135897888877,0,0,0,0,0,0,0,0,0,0,0,0,0,0,0,0,0,0
"GAATGTGGTCCGGATT-1_V11L05-333_A1",0.658147195416393,0.216044842359379,0.125807962224228,0,0,0,0,0,0,0,0,0,0,0,0,0,0,0,0,0,0
"GAATGTTGGGTAATCT-1_V11L05-333_A1",0.582105353947732,0.221274827411894,0.196619818640374,0,0,0,0,0,0,0,0,0,0,0,0,0,0,0,0,0,0
"GAATTATAGTGAAAGG-1_V11L05-333_A1",0.643224109713036,0.356775890286964,0,0,0,0,0,0,0,0,0,0,0,0,0,0,0,0,0,0,0
"GAATTATGCAACCTAC-1_V11L05-333_A1",0,0.147281675562339,0,0,0,0,0,0,0,0,0,0,0,0.339990518203197,0.512727806234464,0,0,0,0,0,0
"GAATTCACCCGGGTGT-1_V11L05-333_A1",0.531410277055507,0.36935728543805,0.0992324375064422,0,0,0,0,0,0,0,0,0,0,0,0,0,0,0,0,0,0
"GAATTTCTCGCTGCAG-1_V11L05-333_A1",0.642640897931507,0.357359102068493,0,0,0,0,0,0,0,0,0,0,0,0,0,0,0,0,0,0,0
"GACAAACATATGCAGG-1_V11L05-333_A1",0.757554663338157,0.242445336661843,0,0,0,0,0,0,0,0,0,0,0,0,0,0,0,0,0,0,0
"GACAACGACCATTGAA-1_V11L05-333_A1",0.547999789792772,0.309297786046143,0.142702424161085,0,0,0,0,0,0,0,0,0,0,0,0,0,0,0,0,0,0
"GACAACGCAGCTTACG-1_V11L05-333_A1",0.74584817289,0.133846866757294,0,0,0,0,0,0,0,0,0,0,0.120304960352706,0,0,0,0,0,0,0,0
"GACAAGACGCCCGTGC-1_V11L05-333_A1",0.669443340706405,0.330556659293595,0,0,0,0,0,0,0,0,0,0,0,0,0,0,0,0,0,0,0
"GACAAGAGATGAGATT-1_V11L05-333_A1",0.615372204791472,0.384627795208528,0,0,0,0,0,0,0,0,0,0,0,0,0,0,0,0,0,0,0
"GACACAAGGGAAGAAA-1_V11L05-333_A1",0.660265729690316,0.250213584842685,0.0895206854669987,0,0,0,0,0,0,0,0,0,0,0,0,0,0,0,0,0,0
"GACACAGCCGGGACTG-1_V11L05-333_A1",0.650109850732974,0.349890149267026,0,0,0,0,0,0,0,0,0,0,0,0,0,0,0,0,0,0,0
"GACACCCAAAGACGCG-1_V11L05-333_A1",0.0825276383209625,0.341441690920006,0,0,0,0,0,0,0,0,0,0,0,0.344863659054169,0,0,0,0,0,0,0.231167011704863
"GACACGAGTTAGAGGA-1_V11L05-333_A1",0.776817622030715,0.223182377969285,0,0,0,0,0,0,0,0,0,0,0,0,0,0,0,0,0,0,0
"GACACTGAGTTCAGTG-1_V11L05-333_A1",0.46593195974422,0.210957222769882,0,0,0,0,0,0,0,0,0,0,0,0.323110817485898,0,0,0,0,0,0,0
"GACACTGGAACCCGAT-1_V11L05-333_A1",0.211109714416908,0.127596722996124,0,0,0,0,0,0,0,0,0,0,0,0.249608961968449,0,0.411684600618519,0,0,0,0,0
"GACACTTCCAATTACC-1_V11L05-333_A1",0.793185521481243,0.206814478518757,0,0,0,0,0,0,0,0,0,0,0,0,0,0,0,0,0,0,0
"GACAGAGGTCTTCAGT-1_V11L05-333_A1",0.159313810529232,0.19434030621173,0,0,0.395051573095826,0,0,0,0,0,0,0,0,0.251294310163212,0,0,0,0,0,0,0
"GACAGATTTCTGGCTC-1_V11L05-333_A1",0.13811650619569,0.27517142586205,0.146560731034857,0,0,0,0,0,0,0,0,0,0,0,0,0,0,0,0,0.247270571831091,0.192880765076312
"GACAGCCAGACCTGAC-1_V11L05-333_A1",0.615241424082589,0.236370166913647,0.148388409003765,0,0,0,0,0,0,0,0,0,0,0,0,0,0,0,0,0,0
"GACAGGCACACACTAT-1_V11L05-333_A1",0.447236478727292,0.289130669330103,0,0,0,0,0,0,0,0,0,0,0,0,0,0.263632851942605,0,0,0,0,0
"GACAGGTAATCCGTGT-1_V11L05-333_A1",0.659454302632625,0.340545697367375,0,0,0,0,0,0,0,0,0,0,0,0,0,0,0,0,0,0,0
"GACATACTGTCGCAGA-1_V11L05-333_A1",0.579079358383426,0.420920641616574,0,0,0,0,0,0,0,0,0,0,0,0,0,0,0,0,0,0,0
"GACATCCGTCGAACTG-1_V11L05-333_A1",0.140588066021442,0.279644193535298,0,0,0,0,0,0,0,0,0.0664857965853037,0,0,0.259212712448435,0,0,0,0,0,0,0.25406923140952
"GACATCGATTTATAAC-1_V11L05-333_A1",0.150757989031451,0.208344860606464,0,0,0,0,0,0,0.180831808455321,0,0,0,0,0,0,0,0,0,0,0.460065341906764,0
"GACATTTCGCCCAGCC-1_V11L05-333_A1",0.234399255141013,0.299015335438158,0.296849525749027,0,0,0,0,0,0,0,0,0,0,0,0,0,0,0,0,0,0.169735883671801
"GACCAAACGTTGACTG-1_V11L05-333_A1",0.801235875126538,0.198764124873462,0,0,0,0,0,0,0,0,0,0,0,0,0,0,0,0,0,0,0
"GACCACACTTCCCTTT-1_V11L05-333_A1",0.296117401392648,0.365733563917043,0,0,0,0,0,0,0,0,0,0,0,0,0,0,0,0,0,0.338149034690309,0
"GACCAGAGCCCTGTAG-1_V11L05-333_A1",0.719326187945872,0.280673812054128,0,0,0,0,0,0,0,0,0,0,0,0,0,0,0,0,0,0,0
"GACCAGGTCATTCATA-1_V11L05-333_A1",0.397445470103199,0.376045362515984,0,0,0,0,0,0,0,0,0,0,0,0,0,0,0.226509167380818,0,0,0,0
"GACCCAATTATGATAC-1_V11L05-333_A1",0.106656207166923,0.309878135431788,0.178092047917581,0,0,0,0,0,0,0,0,0,0,0,0,0,0,0,0,0.214059826120485,0.191313783363223
"GACCCGTCGCCGGCTA-1_V11L05-333_A1",0.444721644788153,0.267906650815796,0.287371704396051,0,0,0,0,0,0,0,0,0,0,0,0,0,0,0,0,0,0
"GACCGACCGCTAATAT-1_V11L05-333_A1",0.742142248664129,0.257857751335871,0,0,0,0,0,0,0,0,0,0,0,0,0,0,0,0,0,0,0
"GACCGACGTGAAAGCA-1_V11L05-333_A1",0.24373106677515,0.215118066768332,0.250962864646541,0,0,0,0,0,0,0,0,0,0,0,0,0.154005413196063,0.136182588613915,0,0,0,0
"GACCGACTGAAGCGTC-1_V11L05-333_A1",0.381070980059684,0.242732978809794,0,0,0,0,0,0,0,0,0,0,0,0.376196041130521,0,0,0,0,0,0,0
"GACCGATTAAATATGT-1_V11L05-333_A1",0,0.255799268732096,0,0,0,0,0,0,0.326172927953088,0,0,0,0,0.258307765435879,0,0,0,0,0,0,0.159720037878937
"GACCGCGTCTGACGTG-1_V11L05-333_A1",0.633885269721011,0.244145165467015,0.121969564811973,0,0,0,0,0,0,0,0,0,0,0,0,0,0,0,0,0,0
"GACCGGTGATACTCTC-1_V11L05-333_A1",0.446708763864673,0.553291236135327,0,0,0,0,0,0,0,0,0,0,0,0,0,0,0,0,0,0,0
"GACCGTCAGGTCGTGA-1_V11L05-333_A1",0.769859425982919,0.230140574017081,0,0,0,0,0,0,0,0,0,0,0,0,0,0,0,0,0,0,0
"GACCGTGCTGACGGTG-1_V11L05-333_A1",0.543216143774303,0.289837205407841,0.166946650817856,0,0,0,0,0,0,0,0,0,0,0,0,0,0,0,0,0,0
"GACCGTTACATGCGAC-1_V11L05-333_A1",0.837920337403855,0.162079662596145,0,0,0,0,0,0,0,0,0,0,0,0,0,0,0,0,0,0,0
"GACCTGGTCTGGGCGT-1_V11L05-333_A1",0.544651671800602,0.455348328199398,0,0,0,0,0,0,0,0,0,0,0,0,0,0,0,0,0,0,0
"GACCTTCCACGTCTAC-1_V11L05-333_A1",0.230628563498911,0.434589344317588,0,0,0,0,0,0,0,0,0,0,0,0,0,0,0,0,0,0.334782092183501,0
"GACGACGATCCGCGTT-1_V11L05-333_A1",0.628733007048367,0.217795536968087,0.153471455983547,0,0,0,0,0,0,0,0,0,0,0,0,0,0,0,0,0,0
"GACGACTTTCCAAGAA-1_V11L05-333_A1",0.582859222521732,0.417140777478268,0,0,0,0,0,0,0,0,0,0,0,0,0,0,0,0,0,0,0
"GACGAGGCTAATAAAC-1_V11L05-333_A1",0.596627595455316,0.403372404544684,0,0,0,0,0,0,0,0,0,0,0,0,0,0,0,0,0,0,0
"GACGATATCACTGGGT-1_V11L05-333_A1",0.115281420379302,0.333059290634888,0.253537399331555,0,0,0,0,0,0,0,0,0,0,0,0,0,0,0,0,0,0.298121889654255
"GACGCATACCCGTCGG-1_V11L05-333_A1",0,0.414844691841074,0.0792214568646457,0,0,0,0,0,0,0,0,0,0,0,0.34013489521304,0,0,0,0,0,0.16579895608124
"GACGCCGTAAAGGCTA-1_V11L05-333_A1",0.283803916597943,0.267625888943806,0.0959666287977001,0,0,0,0,0,0.211561880316968,0,0,0,0,0,0,0,0,0,0,0,0.141041685343582
"GACGCCTGTTGCAGGG-1_V11L05-333_A1",0.603730367198092,0.396269632801908,0,0,0,0,0,0,0,0,0,0,0,0,0,0,0,0,0,0,0
"GACGCTTGCTTCTAAA-1_V11L05-333_A1",0.627421606364433,0.265635256367016,0,0,0,0,0,0,0,0,0,0,0,0,0,0,0,0,0,0.106943137268551,0
"GACGGACCGCGTTCCT-1_V11L05-333_A1",0.615799254689531,0.384200745310468,0,0,0,0,0,0,0,0,0,0,0,0,0,0,0,0,0,0,0
"GACGGGATGTCTTATG-1_V11L05-333_A1",0.659244526878649,0.340755473121351,0,0,0,0,0,0,0,0,0,0,0,0,0,0,0,0,0,0,0
"GACGGGCATCGAATTT-1_V11L05-333_A1",0.662406225098828,0.337593774901172,0,0,0,0,0,0,0,0,0,0,0,0,0,0,0,0,0,0,0
"GACGGGTTGGCCCGTA-1_V11L05-333_A1",0,0.185498406994933,0,0,0,0,0,0,0,0,0,0,0,0.3303167907096,0,0,0,0,0.334391341437618,0,0.149793460857849
"GACGGTCAATAGAAGC-1_V11L05-333_A1",0.504340887445379,0.221048620498332,0,0,0,0,0,0,0,0,0,0,0,0,0,0,0,0.274610492056289,0,0,0
"GACGGTCCTAGGGTGT-1_V11L05-333_A1",0.339638113219084,0.333792309564448,0,0,0,0,0,0,0,0,0,0,0,0.326569577216468,0,0,0,0,0,0,0
"GACGTGAGACTCCATG-1_V11L05-333_A1",0.61387307958017,0.38612692041983,0,0,0,0,0,0,0,0,0,0,0,0,0,0,0,0,0,0,0
"GACGTTCGTAAATACA-1_V11L05-333_A1",0.462822930167966,0.344257625761124,0,0,0,0,0,0,0,0,0,0,0,0,0,0.19291944407091,0,0,0,0,0
"GACGTTGCTCGGCGGC-1_V11L05-333_A1",0.142483840126803,0.418262202968491,0,0,0,0,0,0,0,0,0,0,0,0,0,0,0,0,0,0,0.439253956904706
"GACTAACACAGCACCT-1_V11L05-333_A1",0.438797667876656,0.298924716188293,0,0,0,0,0,0,0,0,0,0,0,0,0,0.262277615935051,0,0,0,0,0
"GACTAAGATCATGCAC-1_V11L05-333_A1",0.537611903778519,0.307821924406479,0.154566171815002,0,0,0,0,0,0,0,0,0,0,0,0,0,0,0,0,0,0
"GACTAAGTAGGCTCAC-1_V11L05-333_A1",0.734821744022425,0.265178255977575,0,0,0,0,0,0,0,0,0,0,0,0,0,0,0,0,0,0,0
"GACTACAAAGCGGTGG-1_V11L05-333_A1",0.0754813417688758,0.302628824955925,0.0924468626926981,0,0,0,0,0,0,0,0,0,0,0.254945287348503,0,0,0,0,0,0,0.274497683233998
"GACTACAATTGCTCGT-1_V11L05-333_A1",0.385285414507124,0.44996853176207,0.164746053730806,0,0,0,0,0,0,0,0,0,0,0,0,0,0,0,0,0,0
"GACTAGGCCGTTAGGT-1_V11L05-333_A1",0.330426826371217,0.314656723001455,0,0,0,0,0,0,0,0,0,0,0,0,0,0,0,0,0,0.354916450627328,0
"GACTCACCCACGTGAG-1_V11L05-333_A1",0.592980019274266,0.237996012295338,0.169023968430397,0,0,0,0,0,0,0,0,0,0,0,0,0,0,0,0,0,0
"GACTCCCAGAATAAGG-1_V11L05-333_A1",0.756045086087857,0.243954913912143,0,0,0,0,0,0,0,0,0,0,0,0,0,0,0,0,0,0,0
"GACTCCTTCCAATTGA-1_V11L05-333_A1",0.123787334504311,0.346335226708605,0,0,0,0,0,0,0,0,0,0,0,0.241634766665945,0,0,0,0,0,0,0.288242672121139
"GACTCGCGGGAATGAC-1_V11L05-333_A1",0.610968209688618,0.210750630640865,0.178281159670517,0,0,0,0,0,0,0,0,0,0,0,0,0,0,0,0,0,0
"GACTCGGTCGGCGGAT-1_V11L05-333_A1",0.185689449448319,0.385156085588409,0,0,0,0,0,0,0,0,0,0,0,0,0,0.429154464963272,0,0,0,0,0
"GACTCTAGAGTTCCAA-1_V11L05-333_A1",0,0.224120430267299,0,0.42096249493958,0,0,0,0,0,0,0,0,0,0.130262855307572,0,0,0,0,0,0,0.22465421948555
"GACTGATTGGTCACAA-1_V11L05-333_A1",0.367812105442293,0.349285179679253,0,0,0,0,0,0,0,0,0,0,0,0,0,0,0,0.282902714878454,0,0,0
"GACTGCAAATCGAGCT-1_V11L05-333_A1",0.68148285866515,0.31851714133485,0,0,0,0,0,0,0,0,0,0,0,0,0,0,0,0,0,0,0
"GACTGCACCAGCCCAG-1_V11L05-333_A1",0.802881652734789,0.197118347265211,0,0,0,0,0,0,0,0,0,0,0,0,0,0,0,0,0,0,0
"GACTGCGGCACGTGTA-1_V11L05-333_A1",0.520268160328207,0.283547877318269,0,0,0,0,0,0,0,0,0,0,0,0,0,0,0.196183962353524,0,0,0,0
"GACTGCTGGTGAGAAA-1_V11L05-333_A1",0.043854166319758,0.190179226442241,0,0.255792521965443,0,0,0,0,0,0,0,0,0,0.266296775898615,0,0,0,0,0,0,0.243877309373943
"GACTGGGCGCCGCAAC-1_V11L05-333_A1",0.575589642061153,0.219094795193281,0.205315562745565,0,0,0,0,0,0,0,0,0,0,0,0,0,0,0,0,0,0
"GACTTCAACGCATCAA-1_V11L05-333_A1",0.156550717025986,0.185889334694513,0,0,0,0,0,0,0,0,0,0,0,0,0,0,0,0,0,0.657559948279501,0
"GACTTTCGAGCGGTTC-1_V11L05-333_A1",0,0.284124061398007,0,0,0,0,0,0,0,0,0,0,0,0.475250285445191,0,0,0,0,0,0,0.240625653156802
"GAGAAACTGGATCCCA-1_V11L05-333_A1",0.692261266064836,0.307738733935164,0,0,0,0,0,0,0,0,0,0,0,0,0,0,0,0,0,0,0
"GAGAACGGTTCTGACT-1_V11L05-333_A1",0.618157294865695,0.381842705134305,0,0,0,0,0,0,0,0,0,0,0,0,0,0,0,0,0,0,0
"GAGAATCTCACGATCA-1_V11L05-333_A1",0.455489031362517,0.253877604757002,0.119153985546566,0,0,0,0,0,0,0,0,0,0,0,0,0.171479378333915,0,0,0,0,0
"GAGACCCTGCAACGCC-1_V11L05-333_A1",0.0358088122393626,0.105552759136587,0,0,0,0,0,0,0,0,0,0,0,0,0,0.85863842862405,0,0,0,0,0
"GAGACTGATGGGTAGA-1_V11L05-333_A1",0.843522952391841,0.156477047608159,0,0,0,0,0,0,0,0,0,0,0,0,0,0,0,0,0,0,0
"GAGACTTCGCGACCGA-1_V11L05-333_A1",0.185141591538487,0.604603402208873,0,0,0,0,0,0,0,0,0,0,0,0,0,0,0,0,0,0,0.21025500625264
"GAGAGCGCAGTCCCTG-1_V11L05-333_A1",0.579026196248648,0.300635366827038,0.120338436924314,0,0,0,0,0,0,0,0,0,0,0,0,0,0,0,0,0,0
"GAGAGGCCTATGTGTA-1_V11L05-333_A1",0.674810462237914,0.325189537762086,0,0,0,0,0,0,0,0,0,0,0,0,0,0,0,0,0,0,0
"GAGAGGGCGCGAGGTT-1_V11L05-333_A1",0.546789148910414,0.453210851089586,0,0,0,0,0,0,0,0,0,0,0,0,0,0,0,0,0,0,0
"GAGAGGTGCATTCTGG-1_V11L05-333_A1",0.0870223710557512,0.272867898354239,0.121504265141388,0,0,0,0,0,0.240091017536826,0,0,0,0,0,0,0,0,0,0,0,0.278514447911795
"GAGAGTCTCGGGAGAG-1_V11L05-333_A1",0,0.128891612592217,0,0.418903626802184,0,0,0,0,0,0,0,0,0,0,0.452204760605599,0,0,0,0,0,0
"GAGATCGATCTTACTC-1_V11L05-333_A1",0.104710857661423,0.348025544530179,0.236789840930846,0,0,0,0,0,0,0,0,0,0,0,0,0,0,0,0,0,0.310473756877552
"GAGATCTGCTTGGCAT-1_V11L05-333_A1",0.631965461095768,0.274156441467077,0,0,0,0,0,0,0,0,0,0,0,0,0,0,0.0938780974371553,0,0,0,0
"GAGATCTGTCACTCCG-1_V11L05-333_A1",0.549223432622361,0.209009980808188,0.241766586569451,0,0,0,0,0,0,0,0,0,0,0,0,0,0,0,0,0,0
"GAGATCTTCCATGACA-1_V11L05-333_A1",0.717214636028894,0.282785363971106,0,0,0,0,0,0,0,0,0,0,0,0,0,0,0,0,0,0,0
"GAGATGACAATCCTTA-1_V11L05-333_A1",0.544742485458751,0.328985536335658,0.126271978205591,0,0,0,0,0,0,0,0,0,0,0,0,0,0,0,0,0,0
"GAGATGGCTTTAATCA-1_V11L05-333_A1",0.1491218528114,0.356560698227721,0,0,0,0,0,0,0,0,0,0,0,0,0,0,0,0,0,0.305324906770382,0.188992542190498
"GAGATGGGAGTCGACA-1_V11L05-333_A1",0.811131368755605,0.188868631244395,0,0,0,0,0,0,0,0,0,0,0,0,0,0,0,0,0,0,0
"GAGCACCTGTGTCCAG-1_V11L05-333_A1",0.499247605849952,0.500752394150048,0,0,0,0,0,0,0,0,0,0,0,0,0,0,0,0,0,0,0
"GAGCACGGCGCCTCTT-1_V11L05-333_A1",0.36487915488736,0.27244146661313,0.12007978048437,0,0,0,0,0,0,0,0,0,0,0,0,0.24259959801514,0,0,0,0,0
"GAGCATCAACAACTTG-1_V11L05-333_A1",0.044237958646235,0.287455286660142,0,0,0,0,0,0,0,0,0,0,0,0.373571055851205,0,0,0,0,0,0.294735698842417,0
"GAGCATCATCCCTGGG-1_V11L05-333_A1",0.822262637035128,0.177737362964872,0,0,0,0,0,0,0,0,0,0,0,0,0,0,0,0,0,0,0
"GAGCCACGGTAGTAGG-1_V11L05-333_A1",0.562960435504132,0.254569636715924,0.182469927779944,0,0,0,0,0,0,0,0,0,0,0,0,0,0,0,0,0,0
"GAGCCAGCTACCTGTG-1_V11L05-333_A1",0.647583105384512,0.352416894615488,0,0,0,0,0,0,0,0,0,0,0,0,0,0,0,0,0,0,0
"GAGCCGAGCGTTTATT-1_V11L05-333_A1",0.158719402501231,0.189638214423639,0.072911697487001,0,0,0,0,0,0,0,0,0,0,0,0,0.578730685588129,0,0,0,0,0
"GAGCGAGGGAGTACCG-1_V11L05-333_A1",0.413825145692837,0.34612110053499,0.240053753772173,0,0,0,0,0,0,0,0,0,0,0,0,0,0,0,0,0,0
"GAGCGCAAATACTCCG-1_V11L05-333_A1",0.551022139930348,0.2902730261832,0.158704833886451,0,0,0,0,0,0,0,0,0,0,0,0,0,0,0,0,0,0
"GAGCGCGCACGAGTAG-1_V11L05-333_A1",0.417665827569435,0.294208827646898,0.288125344783667,0,0,0,0,0,0,0,0,0,0,0,0,0,0,0,0,0,0
"GAGCGCTATGTCAGGC-1_V11L05-333_A1",0.656989090570323,0.215044641708077,0.1279662677216,0,0,0,0,0,0,0,0,0,0,0,0,0,0,0,0,0,0
"GAGCGCTGTTAGGTAA-1_V11L05-333_A1",0,0.235454797276174,0,0,0,0,0,0,0,0,0,0,0,0.175525586646416,0,0,0,0,0.360873934593193,0,0.228145681484216
"GAGCGGAATGCGGTGT-1_V11L05-333_A1",0.0635554795990876,0.22776092673,0,0.32002901644172,0,0,0,0,0,0,0,0,0,0.198794685862646,0,0,0,0,0,0,0.189859891366546
"GAGCTAAGGGCATATC-1_V11L05-333_A1",0.438577907610544,0.395810097829943,0.165611994559513,0,0,0,0,0,0,0,0,0,0,0,0,0,0,0,0,0,0
"GAGCTCAACATGAGCG-1_V11L05-333_A1",0,0.209610539949801,0.0955242591488037,0,0,0,0,0,0,0,0,0,0.694865200901395,0,0,0,0,0,0,0,0
"GAGCTCTCGGACCTAA-1_V11L05-333_A1",0.461502868207083,0.308904673980251,0.229592457812666,0,0,0,0,0,0,0,0,0,0,0,0,0,0,0,0,0,0
"GAGCTGTCGTCTCGGA-1_V11L05-333_A1",0.130797534510954,0,0.0819375882454425,0,0,0.278565731201388,0,0,0,0,0,0,0,0.256332094801102,0,0,0,0,0,0,0.252367051241113
"GAGGAATATCTCTTTG-1_V11L05-333_A1",0,0.148733674671869,0,0.426888713384836,0,0,0,0,0,0,0,0,0,0.279546658047354,0,0,0,0,0,0,0.144830953895942
"GAGGAATGGAGAGGTT-1_V11L05-333_A1",0.550160882384099,0.449839117615901,0,0,0,0,0,0,0,0,0,0,0,0,0,0,0,0,0,0,0
"GAGGAGATCCTCATGC-1_V11L05-333_A1",0.486683429429355,0.354491613687641,0.158824956883003,0,0,0,0,0,0,0,0,0,0,0,0,0,0,0,0,0,0
"GAGGAGTAATTCCTAC-1_V11L05-333_A1",0.444674196137606,0.378896201515803,0.176429602346591,0,0,0,0,0,0,0,0,0,0,0,0,0,0,0,0,0,0
"GAGGATAAACAGTGCT-1_V11L05-333_A1",0.516911645444446,0.344466845485104,0.13862150907045,0,0,0,0,0,0,0,0,0,0,0,0,0,0,0,0,0,0
"GAGGCATTTGCAGCAG-1_V11L05-333_A1",0.205638464869364,0.361774837023431,0,0,0,0,0,0,0,0,0,0,0,0,0,0.2243341411631,0,0.208252556944106,0,0,0
"GAGGCCCGACTCCGCA-1_V11L05-333_A1",0.0419960122402286,0.18971232757721,0,0,0,0,0,0,0,0,0,0,0,0.201605287304193,0,0,0,0,0.305326340458969,0,0.261360032419399
"GAGGCCTGTTGATACA-1_V11L05-333_A1",0.79718750251812,0.20281249748188,0,0,0,0,0,0,0,0,0,0,0,0,0,0,0,0,0,0,0
"GAGGCTATCAAAGTCG-1_V11L05-333_A1",0.632216940188252,0.291640759796754,0.0761423000149935,0,0,0,0,0,0,0,0,0,0,0,0,0,0,0,0,0,0
"GAGGGAGTCAGATCGC-1_V11L05-333_A1",0,0.150125936571052,0,0.365473236854153,0,0,0,0,0,0,0,0,0,0.345670773770279,0,0,0,0,0,0,0.138730052804515
"GAGGGCATCGCGTATC-1_V11L05-333_A1",0.744530929326598,0.255469070673402,0,0,0,0,0,0,0,0,0,0,0,0,0,0,0,0,0,0,0
"GAGGGCCATAATATTA-1_V11L05-333_A1",0.0910369068661392,0.265076894870208,0.248647531936712,0,0,0,0,0,0,0,0,0,0,0.395238666326941,0,0,0,0,0,0,0
"GAGGGCCGGCAGAGTC-1_V11L05-333_A1",0.0470462879450352,0.172500850856132,0.0635262396431217,0,0,0,0,0,0,0,0,0,0,0,0.531927466612475,0,0,0,0,0,0.184999154943236
"GAGGGCGCAGCTCTGC-1_V11L05-333_A1",0.788668367035747,0.211331632964253,0,0,0,0,0,0,0,0,0,0,0,0,0,0,0,0,0,0,0
"GAGGGTAGTAACAAAG-1_V11L05-333_A1",0.044802433452693,0.142156829103985,0,0,0,0,0,0,0,0,0,0,0.428675300575013,0,0,0,0,0,0,0.258282628632437,0.126082808235873
"GAGGTACATCCATCTT-1_V11L05-333_A1",0.431677329114639,0.248343071269678,0.319979599615683,0,0,0,0,0,0,0,0,0,0,0,0,0,0,0,0,0,0
"GAGGTACGCGTGTCCC-1_V11L05-333_A1",0.0530459564612932,0.13432305364323,0,0,0,0,0,0,0,0,0.531559474541696,0,0,0,0,0,0,0,0,0,0.281071515353781
"GAGGTCCCAAAGATCT-1_V11L05-333_A1",0.435437807705978,0.357568346014503,0.206993846279519,0,0,0,0,0,0,0,0,0,0,0,0,0,0,0,0,0,0
"GAGGTCCGTTCGCTGT-1_V11L05-333_A1",0,0.534604178430496,0,0,0,0,0,0,0,0,0,0,0,0,0,0,0,0,0,0,0.465395821569504
"GAGGTCTTAGTGGGTC-1_V11L05-333_A1",0.384451677564387,0.615548322435613,0,0,0,0,0,0,0,0,0,0,0,0,0,0,0,0,0,0,0
"GAGTAAACCGGAAAGT-1_V11L05-333_A1",0.583078693766556,0.256555637033694,0.16036566919975,0,0,0,0,0,0,0,0,0,0,0,0,0,0,0,0,0,0
"GAGTAAATTAAGAACC-1_V11L05-333_A1",0.324878489224844,0.362659354638133,0.312462156137022,0,0,0,0,0,0,0,0,0,0,0,0,0,0,0,0,0,0
"GAGTAAGGCCACGGGA-1_V11L05-333_A1",0,0.27676413367725,0,0,0,0,0,0,0,0,0,0,0,0.069383428705372,0,0,0,0,0,0.48179783765728,0.172054599960098
"GAGTACGGGTATACAA-1_V11L05-333_A1",0.740372525488796,0.259627474511204,0,0,0,0,0,0,0,0,0,0,0,0,0,0,0,0,0,0,0
"GAGTAGATACTAGTTG-1_V11L05-333_A1",0.132354619281108,0.287117365394809,0,0,0,0,0,0,0,0,0,0,0,0.166832940456876,0,0,0,0,0,0.413695074867207,0
"GAGTATACCCTAATCA-1_V11L05-333_A1",0,0.345007633254285,0.168988424084316,0,0,0,0,0,0,0,0,0,0,0,0.241902470301798,0,0,0,0,0,0.244101472359601
"GAGTATCAAAGTTACA-1_V11L05-333_A1",0.465287385421563,0.366058651144823,0.168653963433614,0,0,0,0,0,0,0,0,0,0,0,0,0,0,0,0,0,0
"GAGTATGCCCGCCTTG-1_V11L05-333_A1",0.301915317069894,0.325038237133271,0.153097373978794,0,0,0,0,0,0,0,0,0,0,0,0,0,0,0,0,0.219949071818041,0
"GAGTATGCGCGTGCAT-1_V11L05-333_A1",0.21442958250955,0.469603128623582,0,0,0,0,0,0,0,0,0,0,0,0,0,0,0,0,0,0.315967288866868,0
"GAGTCAGACCAGAATC-1_V11L05-333_A1",0,0.270947330826488,0,0,0,0,0,0,0,0,0,0,0,0,0,0,0,0,0,0.542079510507289,0.186973158666223
"GAGTCCACCAGGTTTA-1_V11L05-333_A1",0.234442552785888,0.451742825536666,0,0,0,0,0,0,0,0,0,0,0,0,0,0,0,0,0,0.313814621677446,0
"GAGTCCGCTTACCGGA-1_V11L05-333_A1",0.552209437799327,0.202261059917468,0,0,0,0,0,0,0.245529502283205,0,0,0,0,0,0,0,0,0,0,0,0
"GAGTCGACAGACCCTC-1_V11L05-333_A1",0.6808109582517,0.3191890417483,0,0,0,0,0,0,0,0,0,0,0,0,0,0,0,0,0,0,0
"GAGTCTTGTAAAGGAC-1_V11L05-333_A1",0,0.291611398892553,0.12653859676759,0,0,0,0,0,0,0,0,0,0,0.0647779900943674,0,0,0,0,0,0.345453525303682,0.171618488941808
"GAGTGCACGGACAACA-1_V11L05-333_A1",0.137894740587217,0.166939905427444,0.134919389856451,0,0,0,0,0,0,0,0,0,0,0,0.175473585298978,0.384772378829911,0,0,0,0,0
"GAGTGTCAACCAGAAA-1_V11L05-333_A1",0.733229585628425,0.266770414371575,0,0,0,0,0,0,0,0,0,0,0,0,0,0,0,0,0,0,0
"GAGTGTGCGGTACCCA-1_V11L05-333_A1",0.537077910549621,0.234473552203203,0.228448537247177,0,0,0,0,0,0,0,0,0,0,0,0,0,0,0,0,0,0
"GAGTTCTGTGGGTGCT-1_V11L05-333_A1",0.0767733890686314,0.596402729469545,0,0,0,0,0,0,0,0,0,0,0,0,0,0,0,0,0.326823881461823,0,0
"GAGTTGATGGCAATTT-1_V11L05-333_A1",0.0433331168732835,0.194479703282966,0,0,0,0,0,0,0,0,0.457745996714659,0,0,0,0,0,0,0,0,0,0.304441183129091
"GAGTTGTCACCAGTCT-1_V11L05-333_A1",0,0.441530129172184,0.270881209135225,0,0,0,0,0,0,0,0,0,0,0,0,0,0,0,0,0,0.287588661692591
"GATAAATCGGTGGATG-1_V11L05-333_A1",0.721171448695271,0.278828551304729,0,0,0,0,0,0,0,0,0,0,0,0,0,0,0,0,0,0,0
"GATAACTCGCACTGTG-1_V11L05-333_A1",0.704500594827325,0.295499405172675,0,0,0,0,0,0,0,0,0,0,0,0,0,0,0,0,0,0,0
"GATAAGGCAGATGCAA-1_V11L05-333_A1",0.667845837191447,0.200720349310644,0.131433813497909,0,0,0,0,0,0,0,0,0,0,0,0,0,0,0,0,0,0
"GATAAGGGACGATTAG-1_V11L05-333_A1",0.524425603636122,0.475574396363878,0,0,0,0,0,0,0,0,0,0,0,0,0,0,0,0,0,0,0
"GATACCGTGTCGGAGT-1_V11L05-333_A1",0.695936781138221,0.304063218861779,0,0,0,0,0,0,0,0,0,0,0,0,0,0,0,0,0,0,0
"GATACGATGGGAGTCA-1_V11L05-333_A1",0.054188331544412,0.128592432335305,0.0622156339032383,0,0,0,0,0,0,0,0,0,0,0,0,0,0,0,0,0.755003602217045,0
"GATAGAACCCGCTAGG-1_V11L05-333_A1",0,0.115151379632487,0.0503501428046163,0.504419617937384,0,0,0,0,0,0,0,0,0,0.242168422946271,0,0,0,0,0,0,0.0879104366792414
"GATAGATAGTACAGTC-1_V11L05-333_A1",0.636661221865627,0.363338778134372,0,0,0,0,0,0,0,0,0,0,0,0,0,0,0,0,0,0,0
"GATAGCGTACCACGCG-1_V11L05-333_A1",0.661292710538154,0.338707289461846,0,0,0,0,0,0,0,0,0,0,0,0,0,0,0,0,0,0,0
"GATAGGATTAATTACA-1_V11L05-333_A1",0.527610428153538,0.282607686625842,0,0,0,0,0,0,0,0,0,0,0,0,0,0.18978188522062,0,0,0,0,0
"GATAGGTAACGTTGAC-1_V11L05-333_A1",0.795057060071682,0.204942939928318,0,0,0,0,0,0,0,0,0,0,0,0,0,0,0,0,0,0,0
"GATAGGTGTCCCGGGC-1_V11L05-333_A1",0.741629090588225,0.258370909411775,0,0,0,0,0,0,0,0,0,0,0,0,0,0,0,0,0,0,0
"GATAGTGCGAGTAAGT-1_V11L05-333_A1",0.167035825807298,0.20825673621875,0,0,0,0,0,0,0,0,0.140281931506176,0,0,0.484425506467776,0,0,0,0,0,0,0
"GATATCAAGCAGGAGC-1_V11L05-333_A1",0.0635081843014175,0.313264179752838,0,0,0,0,0,0,0,0,0,0,0,0.173314326346197,0,0,0,0,0.228513718944508,0,0.221399590655039
"GATATCAGTATGTATC-1_V11L05-333_A1",0.637917498815403,0.362082501184596,0,0,0,0,0,0,0,0,0,0,0,0,0,0,0,0,0,0,0
"GATATCTCATGCAATA-1_V11L05-333_A1",0.582082862023191,0.417917137976809,0,0,0,0,0,0,0,0,0,0,0,0,0,0,0,0,0,0,0
"GATATGAGACACTAAC-1_V11L05-333_A1",0.551928466019626,0.327745089402008,0.120326444578367,0,0,0,0,0,0,0,0,0,0,0,0,0,0,0,0,0,0
"GATATGCGGTAGCCAA-1_V11L05-333_A1",0.341835610028862,0.284506867035502,0.373657522935637,0,0,0,0,0,0,0,0,0,0,0,0,0,0,0,0,0,0
"GATATGGATTACGCGG-1_V11L05-333_A1",0.782238850291697,0.217761149708303,0,0,0,0,0,0,0,0,0,0,0,0,0,0,0,0,0,0,0
"GATATTGAGATTGGCG-1_V11L05-333_A1",0.673697815901296,0.175860664083197,0.150441520015506,0,0,0,0,0,0,0,0,0,0,0,0,0,0,0,0,0,0
"GATATTTCCTACATGG-1_V11L05-333_A1",0.142015068052571,0.116208198109259,0,0,0,0,0,0,0,0,0,0,0,0,0,0.74177673383817,0,0,0,0,0
"GATCAACATAAAGGGA-1_V11L05-333_A1",0.048440321610263,0.146064422500023,0,0,0,0,0,0,0,0,0,0,0,0,0,0,0,0,0.682424898272147,0,0.123070357617567
"GATCATTCCAAACATT-1_V11L05-333_A1",0.777279462634643,0.222720537365357,0,0,0,0,0,0,0,0,0,0,0,0,0,0,0,0,0,0,0
"GATCCAACCTTTAAAC-1_V11L05-333_A1",0.413374316053796,0.420131568088471,0.166494115857733,0,0,0,0,0,0,0,0,0,0,0,0,0,0,0,0,0,0
"GATCCCTTTATACTGC-1_V11L05-333_A1",0,0,0,0,0,0,0,0,0,0,0,0,0,0,0,0,0,0,0,0,0
"GATCCGAATATAAGTG-1_V11L05-333_A1",0.424874083286233,0.296653185830185,0,0,0,0,0,0,0,0,0,0,0,0,0,0.278472730883582,0,0,0,0,0
"GATCCGGGAATTAACA-1_V11L05-333_A1",0.707008047884617,0.292991952115383,0,0,0,0,0,0,0,0,0,0,0,0,0,0,0,0,0,0,0
"GATCCTAAATCGGGAC-1_V11L05-333_A1",0.85253025483146,0.14746974516854,0,0,0,0,0,0,0,0,0,0,0,0,0,0,0,0,0,0,0
"GATCCTCGACACTGGC-1_V11L05-333_A1",0.05486550893949,0.123449677810383,0,0,0,0,0,0,0,0,0,0,0,0,0,0,0,0,0,0.821684813250127,0
"GATCCTCTTGCGCTTA-1_V11L05-333_A1",0.347422120915832,0.237450633736008,0,0,0,0,0,0,0,0,0,0,0,0.41512724534816,0,0,0,0,0,0,0
"GATCGACACTATCTGA-1_V11L05-333_A1",0.525951063707434,0.348140097781756,0.12590883851081,0,0,0,0,0,0,0,0,0,0,0,0,0,0,0,0,0,0
"GATCGCGGGCTCTCCA-1_V11L05-333_A1",0.708025602907878,0.291974397092122,0,0,0,0,0,0,0,0,0,0,0,0,0,0,0,0,0,0,0
"GATCGCTACCCGATTT-1_V11L05-333_A1",0.508451172383777,0.339669313985918,0.151879513630305,0,0,0,0,0,0,0,0,0,0,0,0,0,0,0,0,0,0
"GATCGCTATATCTCAG-1_V11L05-333_A1",0.0808156562309786,0.275843076602479,0,0,0,0,0,0,0,0,0,0,0,0.393351845955556,0,0,0,0,0,0,0.249989421210987
"GATCGCTGTGGTGCGT-1_V11L05-333_A1",0.0907834239182523,0.119117402589724,0,0,0,0,0,0,0.619272216436672,0,0,0,0,0,0,0,0,0,0,0,0.170826957055351
"GATCGGATAGAACCAT-1_V11L05-333_A1",0.138310210245591,0.40252359283555,0,0,0,0,0,0,0,0,0,0,0,0,0,0,0,0,0,0.268761743229831,0.190404453689028
"GATCGGCGATAAGTCG-1_V11L05-333_A1",0.640036561303171,0.359963438696829,0,0,0,0,0,0,0,0,0,0,0,0,0,0,0,0,0,0,0
"GATCGGTGGCCATAAC-1_V11L05-333_A1",0.640377049464382,0.229008534776163,0.130614415759455,0,0,0,0,0,0,0,0,0,0,0,0,0,0,0,0,0,0
"GATCGTGACTGATATC-1_V11L05-333_A1",0.659430267046581,0.191765607875474,0.148804125077945,0,0,0,0,0,0,0,0,0,0,0,0,0,0,0,0,0,0
"GATCTAACCGTATTCA-1_V11L05-333_A1",0.102999508623692,0.28966542980035,0.308215347291629,0,0,0,0,0,0,0,0,0,0,0,0,0,0,0,0,0.132382668483656,0.166737045800672
"GATCTGCTATCTAAGG-1_V11L05-333_A1",0.110574528438307,0.413320417197008,0,0,0,0,0,0,0,0,0,0,0,0,0,0,0,0,0,0.261262396084769,0.214842658279916
"GATCTTAGTGAACGTG-1_V11L05-333_A1",0,0.24374581566113,0,0,0,0,0,0,0,0,0.26693868168308,0,0,0.317941883261829,0,0,0,0,0,0,0.171373619393962
"GATCTTCATTGTCCTC-1_V11L05-333_A1",0.414659681552091,0.192550324357495,0,0,0,0,0,0,0,0,0,0,0,0,0.392789994090414,0,0,0,0,0,0
"GATCTTGGAGGGCATA-1_V11L05-333_A1",0.629986830907267,0.278117088648943,0.0918960804437905,0,0,0,0,0,0,0,0,0,0,0,0,0,0,0,0,0,0
"GATCTTTGCAGGGTAT-1_V11L05-333_A1",0.563037922834974,0.436962077165026,0,0,0,0,0,0,0,0,0,0,0,0,0,0,0,0,0,0,0
"GATCTTTGCTCAAAGA-1_V11L05-333_A1",0,0.227903652460819,0.192060235872911,0,0,0,0,0,0,0,0,0,0,0.288836270818693,0,0.291199840847576,0,0,0,0,0
"GATGACAAGTAGGGCA-1_V11L05-333_A1",0.0922680442088399,0.267179055768473,0.234213950621122,0,0,0,0,0,0,0,0,0,0,0.143669061148614,0,0,0,0,0,0,0.26266988825295
"GATGACGATGATCGCG-1_V11L05-333_A1",0.0456442263764896,0.159010644471129,0.0503267836274069,0,0,0,0,0,0,0,0,0,0,0,0,0.745018345524975,0,0,0,0,0
"GATGAGGAACCTTCGG-1_V11L05-333_A1",0.529673322095821,0.303898687830232,0,0,0,0,0,0,0,0,0,0,0,0,0,0,0,0,0,0.166427990073947,0
"GATGATTTGAAACTGG-1_V11L05-333_A1",0.484810781468197,0.352042594248022,0.163146624283781,0,0,0,0,0,0,0,0,0,0,0,0,0,0,0,0,0,0
"GATGCCACACTACAGC-1_V11L05-333_A1",0.653051487168466,0.181665894067763,0.165282618763771,0,0,0,0,0,0,0,0,0,0,0,0,0,0,0,0,0,0
"GATGCCAGCAGAAGGC-1_V11L05-333_A1",0.675293809837732,0.324706190162268,0,0,0,0,0,0,0,0,0,0,0,0,0,0,0,0,0,0,0
"GATGCCTTCTGCGGCA-1_V11L05-333_A1",0,0.296111191867187,0.117350047538071,0,0.323466403008696,0,0,0,0,0,0,0,0,0,0,0,0,0,0,0,0.263072357586046
"GATGCGAATGGTATTA-1_V11L05-333_A1",0.41758554093005,0.189931562789846,0,0,0,0,0,0,0.392482896280104,0,0,0,0,0,0,0,0,0,0,0,0
"GATGCGTCCTGCATTC-1_V11L05-333_A1",0.62485924540925,0.37514075459075,0,0,0,0,0,0,0,0,0,0,0,0,0,0,0,0,0,0,0
"GATGCTACAAGCGCCT-1_V11L05-333_A1",0.859798746822467,0.140201253177533,0,0,0,0,0,0,0,0,0,0,0,0,0,0,0,0,0,0,0
"GATGCTACCTTCGATG-1_V11L05-333_A1",0.0612897248476552,0.197128030722171,0,0,0,0,0,0,0,0,0,0,0.55963165726932,0,0,0,0,0,0,0,0.181950587160854
"GATGCTGTATTTCATC-1_V11L05-333_A1",0.889440415012109,0.110559584987891,0,0,0,0,0,0,0,0,0,0,0,0,0,0,0,0,0,0,0
"GATGGCGCACACATTA-1_V11L05-333_A1",0.675603731987026,0.324396268012975,0,0,0,0,0,0,0,0,0,0,0,0,0,0,0,0,0,0,0
"GATGGTGAAATAACCC-1_V11L05-333_A1",0,0.295276633224014,0.10729131109708,0,0,0,0,0,0,0,0,0,0,0.597432055678906,0,0,0,0,0,0,0
"GATGGTGCCCTAGGCA-1_V11L05-333_A1",0.204944572179805,0.114573116212395,0.175865007738201,0,0,0,0,0,0,0,0,0,0,0,0.5046173038696,0,0,0,0,0,0
"GATGTAACGAACCACC-1_V11L05-333_A1",0.096561624412362,0.220574237735449,0,0,0,0,0,0,0,0,0,0,0,0,0,0,0,0,0,0.509945493093935,0.172918644758254
"GATGTCCGGATCACAT-1_V11L05-333_A1",0.710279209655172,0.289720790344828,0,0,0,0,0,0,0,0,0,0,0,0,0,0,0,0,0,0,0
"GATGTCGGTCAACTGC-1_V11L05-333_A1",0.704575869997508,0.295424130002492,0,0,0,0,0,0,0,0,0,0,0,0,0,0,0,0,0,0,0
"GATGTGTTGTCACAAG-1_V11L05-333_A1",0.180864738939838,0.145238190091239,0.14487965487978,0,0,0,0,0,0,0,0,0,0,0,0,0.529017416089144,0,0,0,0,0
"GATGTTCAATCCACGA-1_V11L05-333_A1",0.545903274062637,0.223146368386365,0,0,0,0,0,0,0,0.230950357550998,0,0,0,0,0,0,0,0,0,0,0
"GATGTTTGTGCGAGAT-1_V11L05-333_A1",0.623476470808293,0.376523529191707,0,0,0,0,0,0,0,0,0,0,0,0,0,0,0,0,0,0,0
"GATTAACCGAAAGCCC-1_V11L05-333_A1",0.787752390661515,0.212247609338485,0,0,0,0,0,0,0,0,0,0,0,0,0,0,0,0,0,0,0
"GATTAATCCTGGCTCA-1_V11L05-333_A1",0.626875263300973,0.373124736699027,0,0,0,0,0,0,0,0,0,0,0,0,0,0,0,0,0,0,0
"GATTACTGAATTTGGG-1_V11L05-333_A1",0.593702925824763,0.406297074175237,0,0,0,0,0,0,0,0,0,0,0,0,0,0,0,0,0,0,0
"GATTAGAAACAAGCGT-1_V11L05-333_A1",0,0.2258205634243,0.125597725963635,0.367120283264138,0,0,0,0,0,0,0,0,0,0.124185038609588,0,0,0,0,0,0,0.15727638873834
"GATTATCTTGCATTAT-1_V11L05-333_A1",0.116852063025583,0.363610608897447,0.242663387105917,0,0,0,0,0,0,0,0,0,0,0,0,0,0,0,0,0.276873940971053,0
"GATTCCCTTGTCGCAG-1_V11L05-333_A1",0.615777232344338,0.163594558451736,0.220628209203926,0,0,0,0,0,0,0,0,0,0,0,0,0,0,0,0,0,0
"GATTCCGCGTTTCCGT-1_V11L05-333_A1",0.47821333093704,0.190110198656026,0,0,0,0,0,0,0,0,0,0,0,0,0,0.331676470406934,0,0,0,0,0
"GATTCCTATACGGCGC-1_V11L05-333_A1",0.525850739929485,0.356459704989006,0.117689555081508,0,0,0,0,0,0,0,0,0,0,0,0,0,0,0,0,0,0
"GATTCGACGGTTCACG-1_V11L05-333_A1",0.63867353987412,0.230494921192065,0.130831538933815,0,0,0,0,0,0,0,0,0,0,0,0,0,0,0,0,0,0
"GATTCTGTTAATGAGT-1_V11L05-333_A1",0.0792604737459856,0.110010699506761,0,0.498483839106887,0,0,0,0,0,0,0,0,0,0.312244987640367,0,0,0,0,0,0,0
"GATTGACACTCTGCTC-1_V11L05-333_A1",0.593726419227821,0.271599927112906,0,0,0,0,0,0,0,0,0,0,0,0,0,0,0,0,0,0.134673653659274,0
"GATTGCTCCAGTTGCA-1_V11L05-333_A1",0.0642573603089023,0.162227709574341,0,0,0,0,0,0,0,0,0,0,0.6411304281866,0,0,0,0,0,0,0,0.132384501930157
"GATTGGGAAAGGTTGT-1_V11L05-333_A1",0.456707011943868,0.303002934499033,0,0,0,0,0,0,0,0,0,0,0,0.240290053557099,0,0,0,0,0,0,0
"GATTTAGTGCGTACTG-1_V11L05-333_A1",0.130279411442757,0.225511962063493,0.306879792019667,0,0,0,0,0,0,0,0,0,0,0.337328834474083,0,0,0,0,0,0,0
"GATTTGCGCTAACACC-1_V11L05-333_A1",0,0.392025450663112,0,0,0,0,0,0,0,0,0,0,0,0.348864640464223,0,0,0,0,0,0,0.259109908872665
"GCAAACCCTACATTAT-1_V11L05-333_A1",0.83011498502273,0.169885014977271,0,0,0,0,0,0,0,0,0,0,0,0,0,0,0,0,0,0,0
"GCAAACCTTGGCCATA-1_V11L05-333_A1",0.395157565628298,0.391834205474368,0,0,0,0,0,0,0,0,0,0,0,0,0,0,0,0,0,0.213008228897333,0
"GCAAACGTAAGCGACC-1_V11L05-333_A1",0.0800656218018187,0.443809070102365,0,0,0.261831266569409,0,0,0,0,0,0,0,0,0,0,0,0,0,0,0,0.214294041526407
"GCAAACGTCGCCAGGT-1_V11L05-333_A1",0.683430363785378,0.316569636214622,0,0,0,0,0,0,0,0,0,0,0,0,0,0,0,0,0,0,0
"GCAAAGGGCGTTAGCC-1_V11L05-333_A1",0,0.178857256137134,0,0.345214525402969,0,0,0,0,0,0,0,0,0.307718746862783,0,0,0,0,0,0,0,0.168209471597113
"GCAAATATTACGCTTT-1_V11L05-333_A1",0.80285475134093,0.19714524865907,0,0,0,0,0,0,0,0,0,0,0,0,0,0,0,0,0,0,0
"GCAAATGAGGACACTT-1_V11L05-333_A1",0.3154196112376,0.425960320949323,0,0,0,0,0,0,0,0,0,0,0,0,0,0,0,0,0,0,0.258620067813077
"GCAACACACTAGAACT-1_V11L05-333_A1",0.0798344428439327,0.466381351385389,0,0,0,0,0,0,0,0,0,0,0,0,0,0,0,0,0,0.243522006187427,0.210262199583251
"GCAACAGCAGTATGCG-1_V11L05-333_A1",0.123678498753583,0.228714059920099,0.131409263810408,0,0,0,0,0,0,0,0,0,0,0,0,0.51619817751591,0,0,0,0,0
"GCAACCACCAGACCGG-1_V11L05-333_A1",0.614370289189768,0.200314566111913,0,0,0,0,0,0,0,0,0,0,0,0,0,0.185315144698319,0,0,0,0,0
"GCAACCACGGCCGCGT-1_V11L05-333_A1",0.195338714974273,0.329043450012201,0,0,0,0,0,0,0,0,0,0,0,0,0,0,0,0,0,0.244540338614872,0.231077496398654
"GCAACCCAAGTTGTTT-1_V11L05-333_A1",0.67504734506442,0.32495265493558,0,0,0,0,0,0,0,0,0,0,0,0,0,0,0,0,0,0,0
"GCAACGGCTAGTTATG-1_V11L05-333_A1",0.718770212649097,0.281229787350903,0,0,0,0,0,0,0,0,0,0,0,0,0,0,0,0,0,0,0
"GCAAGAATTCCTTGGC-1_V11L05-333_A1",0.363462920284849,0.320375180831468,0.089138972868085,0,0,0,0,0,0,0,0,0,0,0,0,0,0,0,0,0,0.227022926015599
"GCAAGATGTGTTCGCG-1_V11L05-333_A1",0.767586308545266,0.232413691454734,0,0,0,0,0,0,0,0,0,0,0,0,0,0,0,0,0,0,0
"GCAAGCTGGAAACCGC-1_V11L05-333_A1",0.107928277737008,0.146933898601318,0,0,0,0,0,0,0,0,0,0,0,0.204532194839704,0,0,0,0,0.32684163248386,0,0.21376399633811
"GCAAGTGCACAGAGAA-1_V11L05-333_A1",0.28622338868395,0.276056357370601,0.0879011733182992,0,0,0,0,0,0,0,0,0,0,0,0,0,0.349819080627149,0,0,0,0
"GCAAGTGTAAAGCATG-1_V11L05-333_A1",0.0249487567265613,0.136051474280379,0,0.490775415532993,0,0,0,0,0,0,0,0,0,0.348224353460067,0,0,0,0,0,0,0
"GCAATTAGTCGCACCG-1_V11L05-333_A1",0.402542461510341,0.227976991645023,0.124285968576981,0,0,0,0,0,0,0,0,0,0,0.245194578267655,0,0,0,0,0,0,0
"GCACAAACCCTAGATG-1_V11L05-333_A1",0,0.138426141435146,0,0,0.305706419157999,0,0,0,0,0,0,0,0.555867439406855,0,0,0,0,0,0,0,0
"GCACAAACGAGGCGTG-1_V11L05-333_A1",0.824643643025005,0.175356356974995,0,0,0,0,0,0,0,0,0,0,0,0,0,0,0,0,0,0,0
"GCACAACCTCGGGCGT-1_V11L05-333_A1",0,0.251697842176023,0.163600785065507,0,0,0,0,0,0,0,0,0,0,0.0818095148531279,0,0,0,0,0,0.355871687689215,0.147020170216127
"GCACAAGTGGATCATA-1_V11L05-333_A1",0.865574978674414,0.134425021325586,0,0,0,0,0,0,0,0,0,0,0,0,0,0,0,0,0,0,0
"GCACAAGTGTCGGAAG-1_V11L05-333_A1",0.537173358579052,0.462826641420948,0,0,0,0,0,0,0,0,0,0,0,0,0,0,0,0,0,0,0
"GCACACACTGGTAGCC-1_V11L05-333_A1",0.81716010602471,0.18283989397529,0,0,0,0,0,0,0,0,0,0,0,0,0,0,0,0,0,0,0
"GCACACAGCTATTACC-1_V11L05-333_A1",0.0897567386730923,0.354241655935331,0.160472324910736,0,0,0,0,0,0,0,0,0,0.39552928048084,0,0,0,0,0,0,0,0
"GCACACGCCCATGGTC-1_V11L05-333_A1",0.204461947244498,0.122172762923783,0,0,0,0,0,0,0,0,0.450388999442066,0,0,0,0,0,0,0,0,0,0.222976290389653
"GCACAGCACGGGCCGA-1_V11L05-333_A1",0,0.197385203088132,0.098084589778876,0,0.284193045368452,0,0,0,0,0,0,0,0,0.277814321656054,0,0,0,0,0,0,0.142522840108486
"GCACCTAGGCGAGTCC-1_V11L05-333_A1",0.875432827408441,0.124567172591559,0,0,0,0,0,0,0,0,0,0,0,0,0,0,0,0,0,0,0
"GCACCTTCCCGAAGGT-1_V11L05-333_A1",0.559265754458126,0.440734245541874,0,0,0,0,0,0,0,0,0,0,0,0,0,0,0,0,0,0,0
"GCACGCCGATTCCCGC-1_V11L05-333_A1",0.0786212959168623,0.162800839207471,0,0,0,0,0,0,0,0,0,0,0,0.361561191001654,0,0,0,0,0.397016673874012,0,0
"GCACGCCTACTTAGAT-1_V11L05-333_A1",0.0802330316264632,0.259161680584776,0,0,0,0,0,0,0,0,0,0,0,0.407721337370397,0,0,0,0,0,0,0.252883950418364
"GCACGTGGTTTACTTA-1_V11L05-333_A1",0,0,0,0,0,0,0,0,0,0,0,0,0,0,0,0,0,0,0,0,0
"GCACTAGTCGCGCTAT-1_V11L05-333_A1",0.575373960535057,0.424626039464943,0,0,0,0,0,0,0,0,0,0,0,0,0,0,0,0,0,0,0
"GCACTCCCACAGTCCC-1_V11L05-333_A1",0.74082702329095,0.25917297670905,0,0,0,0,0,0,0,0,0,0,0,0,0,0,0,0,0,0,0
"GCACTGCCTACCTTTA-1_V11L05-333_A1",0.20213225206675,0.277663077625658,0,0,0,0,0,0,0,0,0,0,0,0.520204670307592,0,0,0,0,0,0,0
"GCACTGTGCAAATGTA-1_V11L05-333_A1",0.538081316876682,0.322947448616661,0.138971234506657,0,0,0,0,0,0,0,0,0,0,0,0,0,0,0,0,0,0
"GCAGAAACGTAATCCA-1_V11L05-333_A1",0,0.246143631794294,0.133846247251795,0,0,0,0,0,0,0,0,0,0.373774895559189,0,0,0,0,0,0,0,0.246235225394722
"GCAGAAGGTAATCTCC-1_V11L05-333_A1",0.686995482524918,0.313004517475082,0,0,0,0,0,0,0,0,0,0,0,0,0,0,0,0,0,0,0
"GCAGACCCAGCACGTA-1_V11L05-333_A1",0.813059493904242,0.186940506095758,0,0,0,0,0,0,0,0,0,0,0,0,0,0,0,0,0,0,0
"GCAGATCCATAAGACT-1_V11L05-333_A1",0.766329141416841,0.233670858583159,0,0,0,0,0,0,0,0,0,0,0,0,0,0,0,0,0,0,0
"GCAGATCCTCGCAAAT-1_V11L05-333_A1",0.541674429648653,0.458325570351347,0,0,0,0,0,0,0,0,0,0,0,0,0,0,0,0,0,0,0
"GCAGATTAGGGATATC-1_V11L05-333_A1",0.535358012747446,0.342263426947678,0.122378560304875,0,0,0,0,0,0,0,0,0,0,0,0,0,0,0,0,0,0
"GCAGCACACAGCCCAG-1_V11L05-333_A1",0.557227670089377,0.442772329910623,0,0,0,0,0,0,0,0,0,0,0,0,0,0,0,0,0,0,0
"GCAGCCTATATCACAT-1_V11L05-333_A1",0.536370274385909,0.184577451260903,0.0860778108430657,0,0,0,0,0,0,0,0,0,0,0,0,0.192974463510122,0,0,0,0,0
"GCAGCGGTGGGCATTA-1_V11L05-333_A1",0.66364741077065,0.33635258922935,0,0,0,0,0,0,0,0,0,0,0,0,0,0,0,0,0,0,0
"GCAGCTATGGACAGGT-1_V11L05-333_A1",0.104151528297043,0.295482623433202,0.393791753091845,0,0,0,0,0,0,0,0,0,0,0,0,0.206574095177909,0,0,0,0,0
"GCAGCTGTCAACGCAT-1_V11L05-333_A1",0.308992897940594,0.467603037607352,0,0,0,0,0,0,0,0,0,0,0,0,0,0,0,0,0,0,0.223404064452054
"GCAGGAACTTAGATCT-1_V11L05-333_A1",0.128146279398431,0.277469642420802,0,0,0,0,0,0,0,0,0,0,0,0.594384078180767,0,0,0,0,0,0,0
"GCAGGACTATAGAATA-1_V11L05-333_A1",0.669927453336949,0.209539582422071,0.120532964240979,0,0,0,0,0,0,0,0,0,0,0,0,0,0,0,0,0,0
"GCAGGTAGAGTATGGT-1_V11L05-333_A1",0.387243611823904,0.386954790627462,0.225801597548634,0,0,0,0,0,0,0,0,0,0,0,0,0,0,0,0,0,0
"GCAGTGCGGGCGGATG-1_V11L05-333_A1",0.439044511524669,0.324188843470716,0.236766645004615,0,0,0,0,0,0,0,0,0,0,0,0,0,0,0,0,0,0
"GCAGTGTGGCTATAGG-1_V11L05-333_A1",0.619227995082443,0.255412352509528,0.125359652408029,0,0,0,0,0,0,0,0,0,0,0,0,0,0,0,0,0,0
"GCAGTTCGATCCGAGC-1_V11L05-333_A1",0.507483098157986,0.492516901842014,0,0,0,0,0,0,0,0,0,0,0,0,0,0,0,0,0,0,0
"GCATAAATTGAACGCC-1_V11L05-333_A1",0,0.196285055904543,0.0897756403614389,0,0,0,0,0,0,0,0,0,0.400771660177884,0,0,0,0,0,0,0,0.313167643556134
"GCATACGAGGTCTTTA-1_V11L05-333_A1",0.286352896749093,0.387201603569111,0,0,0,0,0,0,0,0,0,0,0,0,0.326445499681797,0,0,0,0,0,0
"GCATAGAGCACTCAGG-1_V11L05-333_A1",0.684605051707531,0.315394948292469,0,0,0,0,0,0,0,0,0,0,0,0,0,0,0,0,0,0,0
"GCATCCCTAACTTTGA-1_V11L05-333_A1",0.639100326490505,0.242495625632317,0.118404047877178,0,0,0,0,0,0,0,0,0,0,0,0,0,0,0,0,0,0
"GCATCCTCTCCTATTA-1_V11L05-333_A1",0.490150022303225,0.357229490813876,0,0,0,0,0,0,0,0,0,0,0,0,0,0,0,0,0,0.152620486882899,0
"GCATGACACAAAGGAA-1_V11L05-333_A1",0.718339472481719,0.281660527518281,0,0,0,0,0,0,0,0,0,0,0,0,0,0,0,0,0,0,0
"GCATGAGGGACGCGGC-1_V11L05-333_A1",0.780348007612852,0.219651992387148,0,0,0,0,0,0,0,0,0,0,0,0,0,0,0,0,0,0,0
"GCATGCTAATAACGAT-1_V11L05-333_A1",0.763355299042968,0.236644700957032,0,0,0,0,0,0,0,0,0,0,0,0,0,0,0,0,0,0,0
"GCATGGGTACTGACGC-1_V11L05-333_A1",0.207885763013608,0.392787467606685,0.111981933344925,0,0,0,0,0,0,0,0,0,0,0,0,0,0,0,0,0.287344836034782,0
"GCATTCAAGGCAACGC-1_V11L05-333_A1",0.718510391640311,0.281489608359689,0,0,0,0,0,0,0,0,0,0,0,0,0,0,0,0,0,0,0
"GCATTCGAAATGAACA-1_V11L05-333_A1",0.362199104681688,0.173427965818292,0,0,0,0,0,0,0,0,0,0,0,0.191204627433934,0,0.273168302066086,0,0,0,0,0
"GCATTGACTTGCGGAA-1_V11L05-333_A1",0.0537579086937485,0.221086277956671,0,0,0,0,0,0,0,0,0.425552976358482,0,0,0,0,0,0,0,0,0,0.299602836991099
"GCATTGTAATTCATAT-1_V11L05-333_A1",0.320778748715143,0.204101237882357,0,0,0,0,0,0,0,0,0,0,0,0,0,0,0,0,0,0.4751200134025,0
"GCATTTCCAAGGCTCC-1_V11L05-333_A1",0.778394583333005,0.221605416666995,0,0,0,0,0,0,0,0,0,0,0,0,0,0,0,0,0,0,0
"GCCAACCATTTCCGGA-1_V11L05-333_A1",0.392654689231494,0.197220121790262,0,0,0,0,0,0,0,0,0,0,0,0,0,0.410125188978243,0,0,0,0,0
"GCCAAGAATACTTCTG-1_V11L05-333_A1",0.0647481155546655,0.350367963572988,0.252061616372247,0,0,0,0,0,0,0,0,0,0,0,0,0,0,0,0,0.187746906116696,0.145075398383403
"GCCAATAGGGCATCTC-1_V11L05-333_A1",0.567640191224962,0.432359808775038,0,0,0,0,0,0,0,0,0,0,0,0,0,0,0,0,0,0,0
"GCCACAATTTAAGGAC-1_V11L05-333_A1",0.253137569229146,0.200053257564829,0,0,0,0,0,0,0,0,0,0,0,0.219057579088547,0,0,0,0,0,0.327751594117478,0
"GCCACCCATTCCACTT-1_V11L05-333_A1",0.510161730460203,0.489838269539797,0,0,0,0,0,0,0,0,0,0,0,0,0,0,0,0,0,0,0
"GCCACCTTATTCGCGA-1_V11L05-333_A1",0.325496485106929,0.363771395459539,0.310732119433532,0,0,0,0,0,0,0,0,0,0,0,0,0,0,0,0,0,0
"GCCACTCAGAGCGCGA-1_V11L05-333_A1",0.635089657852333,0.364910342147667,0,0,0,0,0,0,0,0,0,0,0,0,0,0,0,0,0,0,0
"GCCACTCCTTACGGTA-1_V11L05-333_A1",0.378415164982911,0.297541810327043,0.324043024690045,0,0,0,0,0,0,0,0,0,0,0,0,0,0,0,0,0,0
"GCCAGGAAAGAACACT-1_V11L05-333_A1",0.100019658194579,0.358866210035882,0.0821262741259883,0,0,0,0,0,0,0,0,0,0.271351249743489,0,0,0,0,0,0,0,0.187636607900062
"GCCAGGAGTAACCGAT-1_V11L05-333_A1",0.371154062589782,0.113800501872707,0,0,0,0,0,0,0,0,0,0,0,0,0,0.515045435537511,0,0,0,0,0
"GCCAGGCGTTCGCATG-1_V11L05-333_A1",0.548210002518677,0.260927057091739,0,0,0,0,0,0,0,0,0,0,0,0,0,0.190862940389584,0,0,0,0,0
"GCCAGGCTTAGTGGTA-1_V11L05-333_A1",0.789104346849,0.210895653151,0,0,0,0,0,0,0,0,0,0,0,0,0,0,0,0,0,0,0
"GCCATATTGCACACAG-1_V11L05-333_A1",0.658468887754539,0.244459055103136,0.0970720571423251,0,0,0,0,0,0,0,0,0,0,0,0,0,0,0,0,0,0
"GCCATCGAGCTGCGTG-1_V11L05-333_A1",0.273080945413685,0.400195842083311,0,0,0,0,0,0,0,0,0,0,0,0,0,0,0,0,0,0,0.326723212503004
"GCCATCGATGCTGCAT-1_V11L05-333_A1",0.674756665088357,0.201355911795001,0.123887423116643,0,0,0,0,0,0,0,0,0,0,0,0,0,0,0,0,0,0
"GCCATTAGCCTCAAAC-1_V11L05-333_A1",0.269397038534813,0.233109329413701,0,0,0,0,0,0,0,0,0,0,0,0.296073237542787,0,0,0,0,0,0,0.201420394508699
"GCCCACCAAGGCTGTC-1_V11L05-333_A1",0.598240266321686,0.401759733678314,0,0,0,0,0,0,0,0,0,0,0,0,0,0,0,0,0,0,0
"GCCCACTGGTCCACAA-1_V11L05-333_A1",0.043038391415948,0.143137704899033,0,0,0,0,0,0,0,0,0,0,0.59279495632601,0,0,0,0,0,0,0,0.221028947359009
"GCCCAGATGCTGGAGA-1_V11L05-333_A1",0.530604260645973,0.268162934943835,0.201232804410191,0,0,0,0,0,0,0,0,0,0,0,0,0,0,0,0,0,0
"GCCCAGCGACACAAAG-1_V11L05-333_A1",0.208187207545486,0.461405828514158,0.330406963940356,0,0,0,0,0,0,0,0,0,0,0,0,0,0,0,0,0,0
"GCCCAGTTGGTATGCC-1_V11L05-333_A1",0.739060656730659,0.260939343269341,0,0,0,0,0,0,0,0,0,0,0,0,0,0,0,0,0,0,0
"GCCCATGGGTGCAATG-1_V11L05-333_A1",0.469992723738539,0.344512364249956,0,0,0,0,0,0,0,0,0,0,0,0,0,0.185494912011505,0,0,0,0,0
"GCCCGACTTCTTCCCG-1_V11L05-333_A1",0.223627868084553,0.308532613664697,0,0,0,0,0,0,0,0,0,0,0,0,0,0,0,0,0,0.46783951825075,0
"GCCCGAGAGTCTAAAT-1_V11L05-333_A1",0.116761974205701,0.227703036212819,0.150814031200856,0,0,0,0,0,0,0,0,0,0,0.342518110570762,0,0,0,0,0,0,0.162202847809862
"GCCCGATCTGTGGTCG-1_V11L05-333_A1",0.270506597134586,0.494264518233256,0.235228884632158,0,0,0,0,0,0,0,0,0,0,0,0,0,0,0,0,0,0
"GCCCGATGCCCAGTTC-1_V11L05-333_A1",0,0.409728478048305,0.314275022482208,0,0,0,0,0,0,0,0,0,0,0,0,0,0,0,0,0,0.275996499469488
"GCCCGCGCGTAAACGG-1_V11L05-333_A1",0.0481387654336079,0.168308269190519,0,0,0,0,0,0,0,0,0,0,0,0.222724457917562,0,0,0,0,0,0.408708657556115,0.152119849902196
"GCCCGCGCGTTTGACA-1_V11L05-333_A1",0.60393227104216,0.39606772895784,0,0,0,0,0,0,0,0,0,0,0,0,0,0,0,0,0,0,0
"GCCCGTAATACCTTCT-1_V11L05-333_A1",0.582128410011147,0.417871589988853,0,0,0,0,0,0,0,0,0,0,0,0,0,0,0,0,0,0,0
"GCCCGTCAAGCCCAAT-1_V11L05-333_A1",0.700790564791214,0.299209435208785,0,0,0,0,0,0,0,0,0,0,0,0,0,0,0,0,0,0,0
"GCCCGTTCACACAATT-1_V11L05-333_A1",0,0.0774532884985701,0,0,0,0.121099591671405,0,0,0.618450987349457,0,0,0,0,0,0,0,0,0,0,0,0.182996132480569
"GCCCTAAGTGCAGGAT-1_V11L05-333_A1",0.15093781045468,0.115826113112708,0.0760147211452022,0.424919944598451,0,0,0,0,0,0,0,0,0,0.23230141068896,0,0,0,0,0,0,0
"GCCCTAGCCGTCGCGA-1_V11L05-333_A1",0.317463947244789,0.303550961490883,0,0,0,0,0,0,0,0,0,0,0,0,0,0,0,0,0,0.19525573954402,0.183729351720308
"GCCCTGAGGATGGGCT-1_V11L05-333_A1",0.0923185935082695,0.2607371837562,0,0,0,0,0,0,0,0,0,0,0,0.399851475659454,0,0,0,0,0,0,0.247092747076077
"GCCGAAATTCCTACGT-1_V11L05-333_A1",0.583621997967635,0.297141251447085,0.119236750585279,0,0,0,0,0,0,0,0,0,0,0,0,0,0,0,0,0,0
"GCCGACCCACGACTGC-1_V11L05-333_A1",0,0.271287636251872,0,0,0,0,0,0,0,0,0,0,0,0.413235895627007,0,0,0,0,0,0,0.315476468121121
"GCCGATTGGCCAAGCT-1_V11L05-333_A1",0.859569970374267,0.140430029625733,0,0,0,0,0,0,0,0,0,0,0,0,0,0,0,0,0,0,0
"GCCGCACTCCGTTTCA-1_V11L05-333_A1",0.291710895931375,0.210388924345519,0.193098029259053,0,0,0,0,0,0,0,0,0,0,0,0,0.287228798323447,0,0.0175733521406062,0,0,0
"GCCGCATTAGTCCGGC-1_V11L05-333_A1",0.567520873930763,0.287832120429527,0,0,0,0,0,0,0,0,0,0,0,0,0,0,0,0,0,0.144647005639711,0
"GCCGCTAGATACGCAG-1_V11L05-333_A1",0.474016412875888,0.525983587124112,0,0,0,0,0,0,0,0,0,0,0,0,0,0,0,0,0,0,0
"GCCGCTTGTGAGAAAC-1_V11L05-333_A1",0.794517648078922,0.205482351921078,0,0,0,0,0,0,0,0,0,0,0,0,0,0,0,0,0,0,0
"GCCGGAAACACATCTT-1_V11L05-333_A1",0.604016797362461,0.395983202637539,0,0,0,0,0,0,0,0,0,0,0,0,0,0,0,0,0,0,0
"GCCGGGTTAGGGTCGC-1_V11L05-333_A1",0.672999191070654,0.327000808929346,0,0,0,0,0,0,0,0,0,0,0,0,0,0,0,0,0,0,0
"GCCGGTCGTATCTCTC-1_V11L05-333_A1",0.0922350717460381,0.345079088311432,0,0,0,0,0,0,0,0,0,0,0.56268583994253,0,0,0,0,0,0,0,0
"GCCGGTTTGGGCGGAT-1_V11L05-333_A1",0.547101661103738,0.452898338896262,0,0,0,0,0,0,0,0,0,0,0,0,0,0,0,0,0,0,0
"GCCGTCGGTTTCGGGC-1_V11L05-333_A1",0,0.21648053673047,0.0653345890643106,0,0,0,0,0,0,0,0,0,0,0.296790092901872,0.421394781303348,0,0,0,0,0,0
"GCCGTGGAAGAAATGT-1_V11L05-333_A1",0.659417439907532,0.204275095910149,0.136307464182319,0,0,0,0,0,0,0,0,0,0,0,0,0,0,0,0,0,0
"GCCTACGTTCTGTGCA-1_V11L05-333_A1",0.314154915148178,0.398284363493194,0.102972848726889,0,0,0,0,0,0,0,0,0,0,0,0,0,0,0,0,0.184587872631739,0
"GCCTAGCGATCTGACC-1_V11L05-333_A1",0.81094767401261,0.18905232598739,0,0,0,0,0,0,0,0,0,0,0,0,0,0,0,0,0,0,0
"GCCTATAGTGTCAGGG-1_V11L05-333_A1",0.765907460051515,0.234092539948485,0,0,0,0,0,0,0,0,0,0,0,0,0,0,0,0,0,0,0
"GCCTATCAGGTAAGAT-1_V11L05-333_A1",0.666728551163066,0.333271448836934,0,0,0,0,0,0,0,0,0,0,0,0,0,0,0,0,0,0,0
"GCCTATGCTGGGCCTT-1_V11L05-333_A1",0.314097118774179,0.329195683614262,0.202147777467829,0,0,0,0,0,0,0,0,0,0,0,0,0.15455942014373,0,0,0,0,0
"GCCTATTCCGATATAG-1_V11L05-333_A1",0.648377483634268,0.351622516365731,0,0,0,0,0,0,0,0,0,0,0,0,0,0,0,0,0,0,0
"GCCTATTTGCTACACA-1_V11L05-333_A1",0.700980012946924,0.299019987053076,0,0,0,0,0,0,0,0,0,0,0,0,0,0,0,0,0,0,0
"GCCTCAGGTACCGGTC-1_V11L05-333_A1",0.202053380295402,0.547398835505255,0.250547784199343,0,0,0,0,0,0,0,0,0,0,0,0,0,0,0,0,0,0
"GCCTCATCTGGAAATA-1_V11L05-333_A1",0.79995778402016,0.20004221597984,0,0,0,0,0,0,0,0,0,0,0,0,0,0,0,0,0,0,0
"GCCTCCGACAATTCAC-1_V11L05-333_A1",0.68154884207138,0.318451157928621,0,0,0,0,0,0,0,0,0,0,0,0,0,0,0,0,0,0,0
"GCCTCTATACATAGCA-1_V11L05-333_A1",0.675990607088246,0.230325980508621,0.0936834124031329,0,0,0,0,0,0,0,0,0,0,0,0,0,0,0,0,0,0
"GCCTGCTACACTGAGA-1_V11L05-333_A1",0.298447797219378,0.436468183243296,0,0,0,0.265084019537326,0,0,0,0,0,0,0,0,0,0,0,0,0,0,0
"GCCTGTCCCGGTGCAT-1_V11L05-333_A1",0.118994649777525,0.179913324375629,0,0,0.35939570447619,0,0,0,0,0,0,0,0,0.341696321370656,0,0,0,0,0,0,0
"GCCTTCAGCCCTACCG-1_V11L05-333_A1",0.550957303503123,0.449042696496877,0,0,0,0,0,0,0,0,0,0,0,0,0,0,0,0,0,0,0
"GCCTTGTATATGCAGT-1_V11L05-333_A1",0.670377319824067,0.329622680175933,0,0,0,0,0,0,0,0,0,0,0,0,0,0,0,0,0,0,0
"GCCTTTGTCAGTGGAC-1_V11L05-333_A1",0,0.257773656423363,0.103920037327448,0,0,0,0,0,0,0,0,0,0,0.638306306249189,0,0,0,0,0,0,0
"GCGAAACGATCGGGAG-1_V11L05-333_A1",0.610142630760502,0.190738167010692,0,0,0,0,0,0,0,0,0,0,0,0,0,0,0.199119202228806,0,0,0,0
"GCGAAACTTAACTGGA-1_V11L05-333_A1",0.849491978299989,0.150508021700011,0,0,0,0,0,0,0,0,0,0,0,0,0,0,0,0,0,0,0
"GCGAAGAATCTGACGG-1_V11L05-333_A1",0.598843758174424,0.267907212664027,0,0,0,0,0,0,0,0,0,0,0,0,0,0,0,0,0,0.133249029161549,0
"GCGAAGCCATACCCGT-1_V11L05-333_A1",0.881393672586693,0.118606327413306,0,0,0,0,0,0,0,0,0,0,0,0,0,0,0,0,0,0,0
"GCGAATGGACTAGCGA-1_V11L05-333_A1",0.18160699146031,0.146558203002163,0,0,0,0,0,0,0,0,0,0,0.671834805537526,0,0,0,0,0,0,0,0
"GCGACATGTAAACATC-1_V11L05-333_A1",0.511510680870954,0.255093972251048,0.233395346877998,0,0,0,0,0,0,0,0,0,0,0,0,0,0,0,0,0,0
"GCGACCCAACCATCTG-1_V11L05-333_A1",0.0985301075352071,0.298026408553717,0.357897327940371,0,0,0,0,0,0,0,0,0,0,0,0,0,0,0,0,0,0.245546155970705
"GCGACGATAGTTGTAC-1_V11L05-333_A1",0.325733135145526,0.674266864854474,0,0,0,0,0,0,0,0,0,0,0,0,0,0,0,0,0,0,0
"GCGACGGTAGTCTCCT-1_V11L05-333_A1",0.0605129411043088,0.23258333729328,0.0864515542349403,0,0,0,0,0,0,0,0,0,0.470815846412206,0,0,0,0,0,0,0,0.149636320955265
"GCGAGAAACGGGAGTT-1_V11L05-333_A1",0.728224593762732,0.271775406237268,0,0,0,0,0,0,0,0,0,0,0,0,0,0,0,0,0,0,0
"GCGAGAGGCCATGTAA-1_V11L05-333_A1",0.380507785922184,0.203495741714836,0,0,0,0,0,0,0,0,0,0,0,0.41599647236298,0,0,0,0,0,0,0
"GCGAGAGTTGCGTCCA-1_V11L05-333_A1",0.53093508192138,0.274925159118853,0,0,0,0,0,0,0,0,0,0,0,0,0,0.194139758959767,0,0,0,0,0
"GCGAGCGCATGCTCCC-1_V11L05-333_A1",0.475875181250631,0.335655376294606,0.188469442454763,0,0,0,0,0,0,0,0,0,0,0,0,0,0,0,0,0,0
"GCGAGGCCCGAGCAGA-1_V11L05-333_A1",0.624583009458003,0.375416990541997,0,0,0,0,0,0,0,0,0,0,0,0,0,0,0,0,0,0,0
"GCGAGGGACTGCTAGA-1_V11L05-333_A1",0.563243613292633,0.436756386707367,0,0,0,0,0,0,0,0,0,0,0,0,0,0,0,0,0,0,0
"GCGAGTTCTGCAAAGA-1_V11L05-333_A1",0.856945627415314,0.143054372584686,0,0,0,0,0,0,0,0,0,0,0,0,0,0,0,0,0,0,0
"GCGATGTCTGTGCTTG-1_V11L05-333_A1",0.715006452838362,0.284993547161638,0,0,0,0,0,0,0,0,0,0,0,0,0,0,0,0,0,0,0
"GCGATTCTGGAAGCAG-1_V11L05-333_A1",0.60800911362728,0.228912603704828,0.163078282667892,0,0,0,0,0,0,0,0,0,0,0,0,0,0,0,0,0,0
"GCGATTGTTAACGTTA-1_V11L05-333_A1",0.743157427108683,0.256842572891317,0,0,0,0,0,0,0,0,0,0,0,0,0,0,0,0,0,0,0
"GCGCAAATATATTCAA-1_V11L05-333_A1",0.0773562787399566,0.232846427312104,0.12754304145478,0,0,0,0,0,0,0,0,0,0,0.288968566578359,0,0,0,0,0,0,0.273285685914799
"GCGCAAGAGCGCGCTG-1_V11L05-333_A1",0.628762153330779,0.187806789420906,0.183431057248315,0,0,0,0,0,0,0,0,0,0,0,0,0,0,0,0,0,0
"GCGCATCCAGTCAGCA-1_V11L05-333_A1",0.671062328967875,0.212757904352031,0.116179766680094,0,0,0,0,0,0,0,0,0,0,0,0,0,0,0,0,0,0
"GCGCCGTTCCACGATA-1_V11L05-333_A1",0.775022358759221,0.224977641240779,0,0,0,0,0,0,0,0,0,0,0,0,0,0,0,0,0,0,0
"GCGCCTCCCACTCCGA-1_V11L05-333_A1",0.610969719861374,0.389030280138626,0,0,0,0,0,0,0,0,0,0,0,0,0,0,0,0,0,0,0
"GCGCGATGGGTCAAGT-1_V11L05-333_A1",0.731460382796824,0.268539617203176,0,0,0,0,0,0,0,0,0,0,0,0,0,0,0,0,0,0,0
"GCGCGGTCTAGTAACT-1_V11L05-333_A1",0.063629051306982,0.199897212195219,0,0,0,0,0,0,0,0,0,0,0,0.57286289504889,0,0,0,0,0,0,0.163610841448908
"GCGCGTCATTGGTACA-1_V11L05-333_A1",0.696597106925881,0.303402893074119,0,0,0,0,0,0,0,0,0,0,0,0,0,0,0,0,0,0,0
"GCGCGTTTAAATCGTA-1_V11L05-333_A1",0.560115623397658,0.439884376602342,0,0,0,0,0,0,0,0,0,0,0,0,0,0,0,0,0,0,0
"GCGCTAAGTATGCATG-1_V11L05-333_A1",0.254400648516435,0.317790023100302,0,0,0,0,0,0,0,0,0,0,0,0,0,0.427809328383263,0,0,0,0,0
"GCGCTAATTGAATAGA-1_V11L05-333_A1",0.668112686733793,0.331887313266207,0,0,0,0,0,0,0,0,0,0,0,0,0,0,0,0,0,0,0
"GCGCTATGCCGAGGCA-1_V11L05-333_A1",0.368713489876736,0.337771288596556,0,0,0,0,0,0,0,0,0,0,0,0,0,0.293515221526708,0,0,0,0,0
"GCGCTCGATCACCTGT-1_V11L05-333_A1",0.420014597067201,0.358367595649475,0,0,0,0,0,0,0,0,0,0,0,0,0,0,0,0,0,0,0.221617807283324
"GCGCTGATCCAGACTC-1_V11L05-333_A1",0.418428990797069,0.108457597096061,0,0,0,0,0,0,0,0,0,0,0,0,0,0.473113412106869,0,0,0,0,0
"GCGCTGCTTTGCATTT-1_V11L05-333_A1",0.458031153780905,0.141649355454166,0,0,0,0,0,0,0,0,0,0,0,0,0,0.400319490764929,0,0,0,0,0
"GCGCTGGCGGAAAGTC-1_V11L05-333_A1",0.700100351196477,0.299899648803523,0,0,0,0,0,0,0,0,0,0,0,0,0,0,0,0,0,0,0
"GCGCTTAAATAATTGG-1_V11L05-333_A1",0.783983468991491,0.21601653100851,0,0,0,0,0,0,0,0,0,0,0,0,0,0,0,0,0,0,0
"GCGGACCGCGTTGTGG-1_V11L05-333_A1",0.101429437571619,0.289774897116645,0.154497562810891,0,0,0,0,0,0,0,0,0,0,0,0,0,0,0,0,0.267127370547791,0.187170731953055
"GCGGAGAAACTTCGCA-1_V11L05-333_A1",0.112796414742674,0.220181374996848,0.17375711321964,0,0,0,0,0,0,0,0,0,0,0.280941938822372,0,0,0,0,0,0,0.212323158218465
"GCGGAGAGGGAGAACG-1_V11L05-333_A1",0.835813916755184,0.164186083244816,0,0,0,0,0,0,0,0,0,0,0,0,0,0,0,0,0,0,0
"GCGGATTACTTGTTCT-1_V11L05-333_A1",0.666920412548002,0.333079587451998,0,0,0,0,0,0,0,0,0,0,0,0,0,0,0,0,0,0,0
"GCGGCAAAGTATTGCC-1_V11L05-333_A1",0.0843792793709956,0.344540626110363,0,0,0,0,0,0,0,0,0,0,0,0,0,0,0,0,0.382388386733977,0,0.188691707784664
"GCGGCTCTGACGTACC-1_V11L05-333_A1",0.627543819373458,0.265336191925715,0,0,0,0,0,0,0,0,0,0,0,0,0,0,0,0.107119988700827,0,0,0
"GCGGCTTTAGCAAGTT-1_V11L05-333_A1",0.118083257011774,0.318360864062741,0,0,0,0,0,0,0,0,0,0,0,0.349387955850149,0,0,0,0,0,0,0.214167923075335
"GCGGGAACCAGGCCCT-1_V11L05-333_A1",0.40018620677043,0.393894240967484,0.205919552262086,0,0,0,0,0,0,0,0,0,0,0,0,0,0,0,0,0,0
"GCGGGCAGACGGGTGA-1_V11L05-333_A1",0.0787569610933042,0.212282085801384,0,0,0,0,0,0,0,0,0,0,0.440230576727294,0,0,0,0,0,0,0,0.268730376378018
"GCGGGCATTACGATGC-1_V11L05-333_A1",0.749266123763528,0.250733876236472,0,0,0,0,0,0,0,0,0,0,0,0,0,0,0,0,0,0,0
"GCGGGCGAGCCTTACC-1_V11L05-333_A1",0.0872205325061229,0.178062153146899,0,0,0,0,0,0,0,0,0,0,0,0,0,0,0,0,0.260305025526336,0.474412288820643,0
"GCGGTAACCCAAATGA-1_V11L05-333_A1",0.526023057942384,0.353610176858727,0.120366765198888,0,0,0,0,0,0,0,0,0,0,0,0,0,0,0,0,0,0
"GCGGTCCCGGTGAAGG-1_V11L05-333_A1",0,0.174819093824111,0.222469024428353,0,0,0,0,0,0,0,0,0,0,0,0.602711881747536,0,0,0,0,0,0
"GCGGTCCCTAGACGCA-1_V11L05-333_A1",0.71634268276965,0.28365731723035,0,0,0,0,0,0,0,0,0,0,0,0,0,0,0,0,0,0,0
"GCGGTCTTGCTTTCAC-1_V11L05-333_A1",0.160871054702953,0.286219739580147,0.165333624311995,0,0,0,0,0,0,0,0,0,0,0,0,0,0,0,0,0.387575581404905,0
"GCGGTGAACTGCGCTC-1_V11L05-333_A1",0.423923142186616,0.105134911530491,0,0,0,0,0,0,0,0,0,0,0,0,0,0.470941946282893,0,0,0,0,0
"GCGGTGCGGAGCATCG-1_V11L05-333_A1",0.699785880942086,0.300214119057914,0,0,0,0,0,0,0,0,0,0,0,0,0,0,0,0,0,0,0
"GCGGTTCCCTATCATG-1_V11L05-333_A1",0.222607539115354,0.353651676871061,0.1278441131335,0,0,0,0,0,0,0,0,0,0,0,0,0,0.136029135372763,0,0,0.159867535507322,0
"GCGTAAATGGCCATAA-1_V11L05-333_A1",0.285546419822132,0.258938754027983,0,0,0,0,0,0,0.455514826149884,0,0,0,0,0,0,0,0,0,0,0,0
"GCGTCCAGCTCGTGGC-1_V11L05-333_A1",0.557585543055547,0.442414456944453,0,0,0,0,0,0,0,0,0,0,0,0,0,0,0,0,0,0,0
"GCGTCCCTAAGACATA-1_V11L05-333_A1",0.214663837793427,0.273911512656938,0,0,0,0,0,0,0,0,0,0,0,0.29758941217208,0,0,0,0,0,0,0.213835237377555
"GCGTCGAAATGTCGGT-1_V11L05-333_A1",0.576435583245252,0.423564416754748,0,0,0,0,0,0,0,0,0,0,0,0,0,0,0,0,0,0,0
"GCGTCGCCAGGGTGAT-1_V11L05-333_A1",0.390310517870832,0.427037093631876,0,0,0,0,0,0,0,0,0,0,0,0,0,0,0,0,0,0.182652388497292,0
"GCGTCGTAACATGGTC-1_V11L05-333_A1",0.149618042348165,0.256618363609663,0,0,0,0,0,0,0,0,0,0,0,0.366460580484675,0,0,0,0,0,0,0.227303013557497
"GCGTCTAACCTCCTAA-1_V11L05-333_A1",0.539222053533345,0.294533804987475,0.16624414147918,0,0,0,0,0,0,0,0,0,0,0,0,0,0,0,0,0,0
"GCGTCTCTGCATTGGG-1_V11L05-333_A1",0,0,0,0,0,0,0,0,0,0,0,0,0,0,0,0,0,0,0,0,0
"GCGTGGTACTGGGTTA-1_V11L05-333_A1",0.70545257730685,0.29454742269315,0,0,0,0,0,0,0,0,0,0,0,0,0,0,0,0,0,0,0
"GCGTGTATGTCGTATT-1_V11L05-333_A1",0.658679358120616,0.341320641879384,0,0,0,0,0,0,0,0,0,0,0,0,0,0,0,0,0,0,0
"GCGTTATATTTGGAAC-1_V11L05-333_A1",0.416966678847141,0.411031073223703,0.172002247929156,0,0,0,0,0,0,0,0,0,0,0,0,0,0,0,0,0,0
"GCGTTCGGAGACCGGG-1_V11L05-333_A1",0.510496224063858,0.33709206629659,0,0,0,0,0,0,0,0,0,0,0,0,0,0.152411709639552,0,0,0,0,0
"GCGTTCTGACTAAGCG-1_V11L05-333_A1",0.741450823338486,0.258549176661514,0,0,0,0,0,0,0,0,0,0,0,0,0,0,0,0,0,0,0
"GCTAAACCTGAGGTGA-1_V11L05-333_A1",0.291442606747929,0.297209077691293,0.143687535706253,0,0,0,0,0,0,0,0,0,0,0,0,0.267660779854525,0,0,0,0,0
"GCTAACTGAAGTCTGA-1_V11L05-333_A1",0.595572965333756,0.404427034666244,0,0,0,0,0,0,0,0,0,0,0,0,0,0,0,0,0,0,0
"GCTAAGCCCAGTATGC-1_V11L05-333_A1",0.737964548933726,0.262035451066274,0,0,0,0,0,0,0,0,0,0,0,0,0,0,0,0,0,0,0
"GCTAAGTAAAGGCGAT-1_V11L05-333_A1",0.582570946541052,0.417429053458948,0,0,0,0,0,0,0,0,0,0,0,0,0,0,0,0,0,0,0
"GCTAAGTAGTTTCTCT-1_V11L05-333_A1",0.644353107186792,0.355646892813208,0,0,0,0,0,0,0,0,0,0,0,0,0,0,0,0,0,0,0
"GCTAATACCGAATGCC-1_V11L05-333_A1",0.655516874260632,0.247251939793296,0.0972311859460722,0,0,0,0,0,0,0,0,0,0,0,0,0,0,0,0,0,0
"GCTACAATCGAGGATA-1_V11L05-333_A1",0.867331701309296,0,0,0,0,0,0.132668298690704,0,0,0,0,0,0,0,0,0,0,0,0,0,0
"GCTACACTGTCCGAAC-1_V11L05-333_A1",0.586948908612288,0.413051091387712,0,0,0,0,0,0,0,0,0,0,0,0,0,0,0,0,0,0,0
"GCTACAGTACGGACCG-1_V11L05-333_A1",0.370938102443208,0.22720794552327,0,0,0,0,0,0,0,0,0,0,0,0.401853952033523,0,0,0,0,0,0,0
"GCTACGACTTATTGGG-1_V11L05-333_A1",0.660912534207706,0.339087465792294,0,0,0,0,0,0,0,0,0,0,0,0,0,0,0,0,0,0,0
"GCTACTATAGTAGAGT-1_V11L05-333_A1",0.543792828952202,0.180107441006165,0.122205313206596,0,0,0,0,0,0,0,0.153894416835037,0,0,0,0,0,0,0,0,0,0
"GCTACTCGGACGCAGA-1_V11L05-333_A1",0.217153414145497,0.398584385565895,0.384262200288608,0,0,0,0,0,0,0,0,0,0,0,0,0,0,0,0,0,0
"GCTAGACCGTCTACTG-1_V11L05-333_A1",0.800198162536181,0.199801837463819,0,0,0,0,0,0,0,0,0,0,0,0,0,0,0,0,0,0,0
"GCTAGAGTAGAGATGT-1_V11L05-333_A1",0.506108008163504,0.342699651769495,0.151192340067001,0,0,0,0,0,0,0,0,0,0,0,0,0,0,0,0,0,0
"GCTAGCAACGCACCTA-1_V11L05-333_A1",0.655414499611809,0.344585500388191,0,0,0,0,0,0,0,0,0,0,0,0,0,0,0,0,0,0,0
"GCTAGCACCTGGGCCA-1_V11L05-333_A1",0.375647916154744,0.0943750740686814,0,0,0,0,0,0,0,0,0,0,0,0,0,0.529977009776575,0,0,0,0,0
"GCTAGCAGGGAGTGGG-1_V11L05-333_A1",0.373643358520319,0.255021554275495,0,0,0,0,0,0,0,0,0,0,0.371335087204186,0,0,0,0,0,0,0,0
"GCTAGCGATAGGTCTT-1_V11L05-333_A1",0.041619341215702,0.199071144168646,0,0,0,0,0,0,0,0,0,0,0.622640055595623,0,0,0,0,0,0,0,0.136669459020029
"GCTAGCTTGAATAGCT-1_V11L05-333_A1",0.286168439669194,0.275338043257758,0,0,0,0,0,0,0,0,0,0,0,0.223884789490201,0,0,0,0,0,0,0.214608727582848
"GCTAGGCACCACGGAG-1_V11L05-333_A1",0.661792590762319,0.338207409237681,0,0,0,0,0,0,0,0,0,0,0,0,0,0,0,0,0,0,0
"GCTAGTAGAGCTTGTA-1_V11L05-333_A1",0.871757173538745,0.128242826461255,0,0,0,0,0,0,0,0,0,0,0,0,0,0,0,0,0,0,0
"GCTAGTTTCATTGAGG-1_V11L05-333_A1",0.441443286923696,0.357352358433588,0.201204354642716,0,0,0,0,0,0,0,0,0,0,0,0,0,0,0,0,0,0
"GCTATAAGGGCCAGGA-1_V11L05-333_A1",0.560459149008209,0.276153740395394,0.163387110596397,0,0,0,0,0,0,0,0,0,0,0,0,0,0,0,0,0,0
"GCTATACGTCTCGGAC-1_V11L05-333_A1",0.7370665321486,0,0,0,0,0,0,0,0,0,0,0,0,0,0,0,0.2629334678514,0,0,0,0
"GCTATCATACTCATGG-1_V11L05-333_A1",0.819978603675981,0.180021396324019,0,0,0,0,0,0,0,0,0,0,0,0,0,0,0,0,0,0,0
"GCTATCGCGGCGCAAC-1_V11L05-333_A1",0.60910646291716,0.39089353708284,0,0,0,0,0,0,0,0,0,0,0,0,0,0,0,0,0,0,0
"GCTATGCCAGCTTATG-1_V11L05-333_A1",0.0872267322653848,0.212208606529734,0,0,0,0,0,0,0,0,0,0,0,0,0,0,0,0,0,0.554169302996482,0.1463953582084
"GCTCAACCTCTTAGAG-1_V11L05-333_A1",0.672216207606822,0.327783792393178,0,0,0,0,0,0,0,0,0,0,0,0,0,0,0,0,0,0,0
"GCTCAATCCGTTTATT-1_V11L05-333_A1",0.0624703278326975,0.161329386330331,0,0,0,0,0,0,0.119325549278463,0,0,0,0,0,0,0,0,0,0,0.656874736558509,0
"GCTCAATGTAATACCG-1_V11L05-333_A1",0.0690329984500359,0.270984227373173,0.0956662251352302,0,0,0,0,0,0,0,0,0,0,0.318901825315371,0,0,0,0,0,0,0.24541472372619
"GCTCATTACTGCATGT-1_V11L05-333_A1",0.251979270052543,0.196231349201122,0,0,0,0,0,0,0,0,0,0,0,0,0,0.551789380746335,0,0,0,0,0
"GCTCATTGATCATATC-1_V11L05-333_A1",0,0.20403110829015,0,0,0.297639566808059,0,0,0,0,0,0,0,0.498329324901791,0,0,0,0,0,0,0,0
"GCTCCATGAGTGCAGA-1_V11L05-333_A1",0.75834970412217,0.24165029587783,0,0,0,0,0,0,0,0,0,0,0,0,0,0,0,0,0,0,0
"GCTCCATGCAAAGCAA-1_V11L05-333_A1",0.0793327438970611,0.181581346843003,0,0,0,0,0,0,0,0,0,0,0,0.325907261867488,0,0,0,0,0.413178647392448,0,0
"GCTCCCAGTCGGTCCA-1_V11L05-333_A1",0.547300400837785,0.29108576495016,0.161613834212055,0,0,0,0,0,0,0,0,0,0,0,0,0,0,0,0,0,0
"GCTCCGCTCGCTTCAG-1_V11L05-333_A1",0.824451629350996,0.175548370649004,0,0,0,0,0,0,0,0,0,0,0,0,0,0,0,0,0,0,0
"GCTCCGGACGTTGATA-1_V11L05-333_A1",0.128687914306995,0.301175388687418,0.188298713735588,0,0,0,0,0,0,0,0,0,0,0,0,0.321255687022001,0,0.0605822962479979,0,0,0
"GCTCCTGACATACTGG-1_V11L05-333_A1",0.06816101906195,0.245818297150695,0,0,0,0,0,0,0,0,0,0,0,0.127136616303594,0,0,0,0,0.272943394835839,0,0.285940672647922
"GCTCGACCGAACTGAA-1_V11L05-333_A1",0.0758398157830908,0.233844661827911,0,0,0,0,0,0,0,0,0,0,0.690315522388999,0,0,0,0,0,0,0,0
"GCTCGCGGTTCCGCTC-1_V11L05-333_A1",0.474407390241907,0.370388410630028,0.155204199128064,0,0,0,0,0,0,0,0,0,0,0,0,0,0,0,0,0,0
"GCTCGCTCATGTCCAA-1_V11L05-333_A1",0.410231784147617,0.262114886194996,0.327653329657388,0,0,0,0,0,0,0,0,0,0,0,0,0,0,0,0,0,0
"GCTCGGAATTTAAAGC-1_V11L05-333_A1",0.230795128597255,0.222942812748403,0.175267509146777,0,0,0,0,0,0.338016283060104,0,0,0,0,0,0,0,0,0.0329782664474609,0,0,0
"GCTCTAAACCCTGACG-1_V11L05-333_A1",0.249893784320303,0.319863342595043,0.430242873084654,0,0,0,0,0,0,0,0,0,0,0,0,0,0,0,0,0,0
"GCTCTATGTTACGTGC-1_V11L05-333_A1",0.58303494418477,0.41696505581523,0,0,0,0,0,0,0,0,0,0,0,0,0,0,0,0,0,0,0
"GCTCTCGGGTACCGAA-1_V11L05-333_A1",0.376307908866178,0.252600743145027,0.371091347988795,0,0,0,0,0,0,0,0,0,0,0,0,0,0,0,0,0,0
"GCTCTTTCCGCTAGTG-1_V11L05-333_A1",0.177576659017916,0.326313405082446,0,0,0,0,0,0,0,0,0,0,0,0,0,0,0.0898382789855274,0,0,0.406271656914111,0
"GCTGAACTCTCCAGGG-1_V11L05-333_A1",0.388541463846949,0.245458286488954,0.207962853424339,0,0,0,0,0,0,0,0,0,0,0,0,0.158037396239758,0,0,0,0,0
"GCTGAAGGGTTCTTGG-1_V11L05-333_A1",0.171624906784605,0.496711209770565,0,0,0,0,0,0,0,0,0,0,0,0,0,0,0,0,0,0,0.33166388344483
"GCTGAATCTTCCAATC-1_V11L05-333_A1",0,0.386289683516162,0,0,0,0,0,0,0,0,0,0,0,0,0,0.274104736642794,0,0,0,0,0.339605579841045
"GCTGAGCAACGGTTCT-1_V11L05-333_A1",0.322796635793949,0.294140801451584,0,0,0,0,0,0,0,0,0,0,0,0.383062562754467,0,0,0,0,0,0,0
"GCTGAGGCGTGAGTAT-1_V11L05-333_A1",0.632195653824263,0.367804346175737,0,0,0,0,0,0,0,0,0,0,0,0,0,0,0,0,0,0,0
"GCTGCACGGTTTCTTA-1_V11L05-333_A1",0,0,0,0,0,0,0,0,0,0,0,0,0,0,0,0,0,0,0,0,0
"GCTGCGAAGAATTATT-1_V11L05-333_A1",0.0393557533347589,0.189912564541597,0,0,0,0,0,0,0,0,0,0,0.770731682123644,0,0,0,0,0,0,0,0
"GCTGCGCCTCCCACGT-1_V11L05-333_A1",0.598389200091558,0.26199939260192,0.139611407306523,0,0,0,0,0,0,0,0,0,0,0,0,0,0,0,0,0,0
"GCTGCTAAGTAGTCGA-1_V11L05-333_A1",0.140733194235172,0.215863024945353,0.0769671175254023,0,0,0,0,0,0,0,0,0,0,0,0,0,0,0,0,0.566436663294073,0
"GCTGCTACTGCGTAGC-1_V11L05-333_A1",0.777837833399898,0.222162166600102,0,0,0,0,0,0,0,0,0,0,0,0,0,0,0,0,0,0,0
"GCTGCTCTCCGGACAC-1_V11L05-333_A1",0.659698696328728,0.240933876227264,0.099367427444008,0,0,0,0,0,0,0,0,0,0,0,0,0,0,0,0,0,0
"GCTGGACCCAAAGTGG-1_V11L05-333_A1",0.183700401350174,0.17901024910553,0.0983750142236053,0,0,0,0,0,0,0,0,0,0,0.106428361386522,0,0.432485973934168,0,0,0,0,0
"GCTGGCAGGTGCCGTG-1_V11L05-333_A1",0.54370922234518,0.243934957822129,0,0,0,0,0,0,0.212355819832691,0,0,0,0,0,0,0,0,0,0,0,0
"GCTGGCATATTCACCT-1_V11L05-333_A1",0.699717618980846,0.300282381019154,0,0,0,0,0,0,0,0,0,0,0,0,0,0,0,0,0,0,0
"GCTGGCGGCGCATGCT-1_V11L05-333_A1",0.773579474076501,0.226420525923499,0,0,0,0,0,0,0,0,0,0,0,0,0,0,0,0,0,0,0
"GCTGGGAGCGCGTCAA-1_V11L05-333_A1",0.137192674854608,0.419960140168039,0,0,0,0,0,0,0,0,0,0,0,0,0,0,0,0,0,0,0.442847184977352
"GCTGGGTCCGCTGTTA-1_V11L05-333_A1",0.52742786598324,0.316994253023606,0,0,0,0,0,0,0,0,0,0,0,0,0,0,0,0.155577880993154,0,0,0
"GCTGGTGACTCGTAGT-1_V11L05-333_A1",0.14471845205436,0.307936170378421,0,0,0,0,0,0,0.54734537756722,0,0,0,0,0,0,0,0,0,0,0,0
"GCTGGTTTAGGCCATA-1_V11L05-333_A1",0,0.165905478144123,0,0,0,0,0,0,0,0,0,0,0,0.312259725335977,0.399149417478885,0,0,0,0,0,0.122685379041015
"GCTGTATTACTGGCCC-1_V11L05-333_A1",0.0497060884784807,0.174962068289821,0,0,0,0,0,0,0,0,0,0,0,0,0,0,0,0,0,0.775331843231698,0
"GCTGTCTGTGATCGAC-1_V11L05-333_A1",0.261023342056762,0.297984905624162,0.440991752319076,0,0,0,0,0,0,0,0,0,0,0,0,0,0,0,0,0,0
"GCTGTTGCTACCGAAC-1_V11L05-333_A1",0.264547458381023,0.199309661167794,0,0,0,0,0,0,0,0,0,0,0,0,0,0.536142880451183,0,0,0,0,0
"GCTTAATGTAACTAAC-1_V11L05-333_A1",0.472914081952427,0.256631622962367,0.270454295085207,0,0,0,0,0,0,0,0,0,0,0,0,0,0,0,0,0,0
"GCTTACGTAGTTAGTA-1_V11L05-333_A1",0.387562487317194,0.154993417949813,0.127720980722272,0,0,0,0,0,0,0,0,0,0,0.329723114010722,0,0,0,0,0,0,0
"GCTTAGGGAAGCGGTA-1_V11L05-333_A1",0,0.226769401877259,0,0,0,0,0,0,0,0,0,0,0,0.269467170705473,0.503763427417268,0,0,0,0,0,0
"GCTTATGAAGCAGGAA-1_V11L05-333_A1",0.83050213044372,0.16949786955628,0,0,0,0,0,0,0,0,0,0,0,0,0,0,0,0,0,0,0
"GCTTCAGTGGGATTAC-1_V11L05-333_A1",0.345593731292804,0.478881623578129,0,0,0,0,0,0,0,0,0,0,0,0,0,0.175524645129066,0,0,0,0,0
"GCTTCCAGCTTAGATT-1_V11L05-333_A1",0.545033064802902,0.454966935197098,0,0,0,0,0,0,0,0,0,0,0,0,0,0,0,0,0,0,0
"GCTTCCATGTAACCGC-1_V11L05-333_A1",0.682184392444912,0.317815607555088,0,0,0,0,0,0,0,0,0,0,0,0,0,0,0,0,0,0,0
"GCTTCCCGTAAGCTCC-1_V11L05-333_A1",0.315686949128564,0.317252208782358,0,0,0,0,0,0,0,0,0.367060842089078,0,0,0,0,0,0,0,0,0,0
"GCTTCCGTCCCTAGAC-1_V11L05-333_A1",0.457899706625563,0.179900123493754,0.165310149895433,0,0,0,0,0,0,0.19689001998525,0,0,0,0,0,0,0,0,0,0,0
"GCTTCGACGTTCAATC-1_V11L05-333_A1",0,0.207587552491547,0,0,0,0,0,0,0.513105530093796,0,0,0,0,0,0,0,0,0,0,0,0.279306917414656
"GCTTGAGTGACCTCTG-1_V11L05-333_A1",0,0,0,0,0,0,0,0,0,0,0,0,0,0,0,0,0,0,0,0,0
"GCTTGATGATAATCAG-1_V11L05-333_A1",0.687664054696945,0.197276957813187,0.115058987489868,0,0,0,0,0,0,0,0,0,0,0,0,0,0,0,0,0,0
"GCTTGCAGCACAATTG-1_V11L05-333_A1",0.338250912769256,0.30612919063775,0.150862387476151,0,0,0,0,0,0,0,0,0,0,0,0,0.204757509116843,0,0,0,0,0
"GCTTGGATCGATTAGG-1_V11L05-333_A1",0.328739591311444,0.251044075539824,0.130362080737781,0,0,0,0,0,0,0,0,0,0,0,0,0,0,0,0,0.289854252410951,0
"GCTTTACACAACTGGG-1_V11L05-333_A1",0.739149394862232,0.260850605137768,0,0,0,0,0,0,0,0,0,0,0,0,0,0,0,0,0,0,0
"GCTTTATTAAGTTACC-1_V11L05-333_A1",0.0463163858374526,0.125532833252114,0,0.444312159587015,0,0,0,0,0,0,0,0,0,0.236838011030998,0,0,0,0,0,0,0.147000610292421
"GCTTTCAGAGGAGGTG-1_V11L05-333_A1",0.802815820684223,0.197184179315777,0,0,0,0,0,0,0,0,0,0,0,0,0,0,0,0,0,0,0
"GCTTTCTATCTCAACT-1_V11L05-333_A1",0,0.306713236994827,0.266803200423172,0,0,0,0,0,0,0,0,0,0,0,0.426483562582001,0,0,0,0,0,0
"GCTTTGCTGCCGGGTA-1_V11L05-333_A1",0.0898729580693094,0.203497364343063,0,0,0,0,0,0,0,0,0,0,0,0.500150114244288,0,0,0,0,0,0,0.206479563343339
"GGAAACAGAGCTTGGG-1_V11L05-333_A1",0.241959563865081,0.377729199347269,0.138767006470723,0,0,0,0,0,0.241544230316927,0,0,0,0,0,0,0,0,0,0,0,0
"GGAAACCTTGTTGAAT-1_V11L05-333_A1",0.245960566775158,0.199574268875426,0,0,0,0,0,0,0,0,0,0,0.187124016827613,0,0,0,0.0861943506268583,0,0,0.281146796894945,0
"GGAAACTAAATGGGCC-1_V11L05-333_A1",0.84265019682902,0.15734980317098,0,0,0,0,0,0,0,0,0,0,0,0,0,0,0,0,0,0,0
"GGAAAGGGAATTGAGC-1_V11L05-333_A1",0.0449794029639353,0.179699367508702,0,0.496718992590374,0,0,0,0,0,0,0,0,0.278602236936988,0,0,0,0,0,0,0,0
"GGAAAGTCTTGATTGT-1_V11L05-333_A1",0,0.172144793974938,0.0948143198607621,0,0,0,0,0,0,0,0,0,0.7330408861643,0,0,0,0,0,0,0,0
"GGAAAGTGCCCATGCC-1_V11L05-333_A1",0.65553372555124,0,0.115490245458537,0,0,0,0,0,0,0,0,0,0.228976028990223,0,0,0,0,0,0,0,0
"GGAACCCGAACAAGAA-1_V11L05-333_A1",0.546627609732041,0.453372390267959,0,0,0,0,0,0,0,0,0,0,0,0,0,0,0,0,0,0,0
"GGAACCGTGTAAATTG-1_V11L05-333_A1",0.180616008744859,0.373825491231977,0.197598628115398,0,0,0,0,0,0,0,0,0,0,0,0,0,0,0,0,0.247959871907767,0
"GGAACCTTGACTCTGC-1_V11L05-333_A1",0,0.209073295087055,0,0,0,0,0,0,0,0,0,0,0,0.189973117919406,0,0,0,0,0.365249631164447,0,0.235703955829092
"GGAACGGCCTGCAGCC-1_V11L05-333_A1",0.514280751796209,0.32293507721321,0.162784170990581,0,0,0,0,0,0,0,0,0,0,0,0,0,0,0,0,0,0
"GGAACTCGTGAATACG-1_V11L05-333_A1",0,0.267312596137848,0.140041824234501,0,0,0,0,0,0,0,0,0,0,0.339421934951015,0,0,0,0,0,0,0.253223644676636
"GGAACTTTGGCGATTA-1_V11L05-333_A1",0.534797667535929,0.46520233246407,0,0,0,0,0,0,0,0,0,0,0,0,0,0,0,0,0,0,0
"GGAAGATAAGACTGTA-1_V11L05-333_A1",0,0.19263362662568,0.195192162417358,0,0,0,0,0,0,0,0,0,0,0.409550291673481,0,0,0.103961057866515,0.0986628614169662,0,0,0
"GGAAGCTCGCTTACAG-1_V11L05-333_A1",0.381523465911986,0.262674939876219,0,0,0,0,0,0,0,0,0,0,0,0,0,0.355801594211795,0,0,0,0,0
"GGAAGGACACCGTATA-1_V11L05-333_A1",0.110124787289979,0.266295258059785,0,0,0.353860857041367,0,0,0,0,0,0,0,0,0.269719097608868,0,0,0,0,0,0,0
"GGAATAACCTCAAGAA-1_V11L05-333_A1",0.397149991775853,0.199780523964191,0.133747836787444,0,0,0,0,0,0,0,0,0,0,0,0,0,0,0,0,0.269321647472512,0
"GGAATGCGCTAGCGTG-1_V11L05-333_A1",0.66747034419767,0.244011213430812,0.0885184423715182,0,0,0,0,0,0,0,0,0,0,0,0,0,0,0,0,0,0
"GGACAACCATGAAGCC-1_V11L05-333_A1",0.826228227622397,0.173771772377602,0,0,0,0,0,0,0,0,0,0,0,0,0,0,0,0,0,0,0
"GGACAAGCCATGATCG-1_V11L05-333_A1",0,0.282471593628148,0,0,0,0,0,0,0,0,0,0,0,0.448391727979711,0,0,0,0,0,0,0.269136678392141
"GGACAAGTTGCAGTGA-1_V11L05-333_A1",0.738820046356766,0.261179953643234,0,0,0,0,0,0,0,0,0,0,0,0,0,0,0,0,0,0,0
"GGACACAAGTTTACAC-1_V11L05-333_A1",0.40563617040535,0.370397403754716,0.223966425839934,0,0,0,0,0,0,0,0,0,0,0,0,0,0,0,0,0,0
"GGACACCTCGGTGTTG-1_V11L05-333_A1",0.0714847211491922,0.186070689309572,0,0,0.445080602651943,0,0,0,0,0,0,0,0,0.297363986889293,0,0,0,0,0,0,0
"GGACCAACAGGATAAC-1_V11L05-333_A1",0.552184114415945,0.220756091874444,0.227059793709611,0,0,0,0,0,0,0,0,0,0,0,0,0,0,0,0,0,0
"GGACCTACGGTAACGT-1_V11L05-333_A1",0.465070604114981,0.246162147243756,0,0,0,0,0,0,0,0,0,0,0,0.288767248641264,0,0,0,0,0,0,0
"GGACCTCTAGGCCGCC-1_V11L05-333_A1",0.0722922836286454,0.234425745371223,0,0,0,0,0,0,0,0,0,0,0,0,0.195927845193743,0,0,0,0.272578853625593,0,0.224775272180795
"GGACGGCTTGCGCAAC-1_V11L05-333_A1",0.17740563337646,0.242148708418166,0,0,0,0,0,0,0,0,0.580445658205374,0,0,0,0,0,0,0,0,0,0
"GGACGGGCGACCAACC-1_V11L05-333_A1",0.454832437026049,0.34654977784053,0.19861778513342,0,0,0,0,0,0,0,0,0,0,0,0,0,0,0,0,0,0
"GGACGTCCATAGTTGG-1_V11L05-333_A1",0.243198901791733,0.270946406987607,0.143570174586193,0,0,0,0,0,0,0,0,0,0,0,0,0.342284516634467,0,0,0,0,0
"GGACTAAGTCAGGAGT-1_V11L05-333_A1",0.613439514577665,0.386560485422335,0,0,0,0,0,0,0,0,0,0,0,0,0,0,0,0,0,0,0
"GGACTCACAAATTAGG-1_V11L05-333_A1",0.669137049251215,0.330862950748785,0,0,0,0,0,0,0,0,0,0,0,0,0,0,0,0,0,0,0
"GGACTCGAAGCTTTCA-1_V11L05-333_A1",0.607691511673795,0.231222500048716,0.161085988277489,0,0,0,0,0,0,0,0,0,0,0,0,0,0,0,0,0,0
"GGACTCGACAGCGCAT-1_V11L05-333_A1",0,0.235846340846296,0.189243252399754,0,0,0,0,0,0,0,0,0,0,0.416010145235701,0,0,0,0,0,0,0.15890026151825
"GGACTCGTGAGTGGTC-1_V11L05-333_A1",0.0435801601693071,0.285985177410929,0.128844192337147,0,0,0,0,0,0,0,0,0,0,0.355005150816483,0,0,0,0,0,0,0.186585319266134
"GGACTCTTCCGGTTGA-1_V11L05-333_A1",0.437170472153236,0.562829527846764,0,0,0,0,0,0,0,0,0,0,0,0,0,0,0,0,0,0,0
"GGACTCTTTGACTAAG-1_V11L05-333_A1",0.334238333933697,0.420924117367079,0,0,0,0,0,0,0,0,0,0,0,0,0,0,0,0,0,0,0.244837548699225
"GGAGAAGTCATTGGCA-1_V11L05-333_A1",0.657999421352236,0.342000578647764,0,0,0,0,0,0,0,0,0,0,0,0,0,0,0,0,0,0,0
"GGAGACATTCACGGGC-1_V11L05-333_A1",0.431797866637268,0.403246497464157,0.164955635898576,0,0,0,0,0,0,0,0,0,0,0,0,0,0,0,0,0,0
"GGAGACCAATGTGCTT-1_V11L05-333_A1",0.636245361540462,0.223584323802193,0,0,0,0,0,0,0,0,0,0,0,0,0,0,0,0.140170314657345,0,0,0
"GGAGACCATCTACATA-1_V11L05-333_A1",0.0854634413465162,0.172346489725872,0,0,0,0,0,0,0,0,0,0,0,0,0,0,0,0,0,0.742190068927612,0
"GGAGACGACACCTTTG-1_V11L05-333_A1",0.717165312597526,0.282834687402474,0,0,0,0,0,0,0,0,0,0,0,0,0,0,0,0,0,0,0
"GGAGCAACATTTCAAG-1_V11L05-333_A1",0.78768464674568,0.21231535325432,0,0,0,0,0,0,0,0,0,0,0,0,0,0,0,0,0,0,0
"GGAGCACCAAGAACTA-1_V11L05-333_A1",0.430410273491183,0.111061470770459,0,0,0,0,0,0,0,0,0,0,0,0,0,0,0,0,0,0.458528255738358,0
"GGAGCGAGGCCTACTT-1_V11L05-333_A1",0.107138603104015,0.23707453849828,0,0,0,0,0,0,0,0,0.460314341524944,0,0,0,0,0,0,0,0,0,0.195472516872761
"GGAGGAGTGTGTTTAT-1_V11L05-333_A1",0.615575234115292,0.384424765884708,0,0,0,0,0,0,0,0,0,0,0,0,0,0,0,0,0,0,0
"GGAGGATTGAAAGGAG-1_V11L05-333_A1",0.605781239400323,0.279976600517996,0,0,0,0,0,0,0,0,0,0,0,0,0,0,0.114242160081681,0,0,0,0
"GGAGGCCGAAGTCGTC-1_V11L05-333_A1",0.475249340655326,0.283082832941858,0.241667826402815,0,0,0,0,0,0,0,0,0,0,0,0,0,0,0,0,0,0
"GGAGGCGAAGAACCGC-1_V11L05-333_A1",0.189970678033527,0.48630246107069,0.323726860895784,0,0,0,0,0,0,0,0,0,0,0,0,0,0,0,0,0,0
"GGAGGGCTTGGTTGGC-1_V11L05-333_A1",0.522860015938912,0.209583783271624,0.267556200789464,0,0,0,0,0,0,0,0,0,0,0,0,0,0,0,0,0,0
"GGAGGGTCAAGTAAGA-1_V11L05-333_A1",0.464386919598412,0.275072995657659,0,0,0,0,0,0,0,0.260540084743929,0,0,0,0,0,0,0,0,0,0,0
"GGAGTACACATGAGCT-1_V11L05-333_A1",0.571179982486863,0.288920190898443,0.139899826614694,0,0,0,0,0,0,0,0,0,0,0,0,0,0,0,0,0,0
"GGAGTGCCGCCCTGGA-1_V11L05-333_A1",0.618977592279018,0.381022407720982,0,0,0,0,0,0,0,0,0,0,0,0,0,0,0,0,0,0,0
"GGAGTTGATTCTGTGT-1_V11L05-333_A1",0.390256634415675,0.246887091414094,0.362856274170232,0,0,0,0,0,0,0,0,0,0,0,0,0,0,0,0,0,0
"GGATACTCATGAATTG-1_V11L05-333_A1",0.634111867067402,0.365888132932598,0,0,0,0,0,0,0,0,0,0,0,0,0,0,0,0,0,0,0
"GGATCAAAGGACGAGG-1_V11L05-333_A1",0.596470871181469,0.403529128818531,0,0,0,0,0,0,0,0,0,0,0,0,0,0,0,0,0,0,0
"GGATCAGAGCCATCAG-1_V11L05-333_A1",0.200493757460351,0.219039657353073,0,0,0,0,0,0,0,0,0,0,0,0,0,0,0,0,0,0.391630903789971,0.188835681396606
"GGATCATCCCGTACGC-1_V11L05-333_A1",0.670606152532479,0.329393847467521,0,0,0,0,0,0,0,0,0,0,0,0,0,0,0,0,0,0,0
"GGATCCCTACCAGCTA-1_V11L05-333_A1",0.561362216375619,0.438637783624381,0,0,0,0,0,0,0,0,0,0,0,0,0,0,0,0,0,0,0
"GGATCCGGAATATACT-1_V11L05-333_A1",0.661295834230798,0.338704165769202,0,0,0,0,0,0,0,0,0,0,0,0,0,0,0,0,0,0,0
"GGATCTACCGTTCGTC-1_V11L05-333_A1",0,0.501182430839836,0,0,0,0,0,0,0,0,0,0,0,0,0,0,0,0,0,0,0.498817569160164
"GGATCTTACTGCCCTT-1_V11L05-333_A1",0,0.1951221517737,0,0,0,0,0,0,0,0,0,0,0,0.548531465050534,0,0,0,0,0,0,0.256346383175767
"GGATCTTGACTCAACC-1_V11L05-333_A1",0.114506400706149,0.335899291538872,0,0,0,0,0,0,0,0,0,0,0,0,0,0,0,0,0,0.292971860853613,0.256622446901365
"GGATGAAGATCGCTGA-1_V11L05-333_A1",0.702301349613007,0.297698650386993,0,0,0,0,0,0,0,0,0,0,0,0,0,0,0,0,0,0,0
"GGATGACGCGAGTTTA-1_V11L05-333_A1",0.657190501673281,0.342809498326719,0,0,0,0,0,0,0,0,0,0,0,0,0,0,0,0,0,0,0
"GGATGCTGGCGTTCCT-1_V11L05-333_A1",0.189987956058249,0.123564795542775,0.153755346275593,0,0,0,0,0,0,0,0,0,0,0,0,0.532691902123382,0,0,0,0,0
"GGATGGCTTGAAGTAT-1_V11L05-333_A1",0,0,0,0,0,0,0,0,0,0,0,0,0,0,0,0,0,0,0,0,0
"GGATGTCCTTACCGCA-1_V11L05-333_A1",0.531214715007913,0.305693773164686,0.1630915118274,0,0,0,0,0,0,0,0,0,0,0,0,0,0,0,0,0,0
"GGATTAAGCTAAGGTC-1_V11L05-333_A1",0.394272215520701,0.435331278710274,0.170396505769025,0,0,0,0,0,0,0,0,0,0,0,0,0,0,0,0,0,0
"GGATTAATCATGGACC-1_V11L05-333_A1",0.153597159631599,0.360847472150971,0,0,0,0,0,0,0,0,0,0,0,0,0.242968578723109,0,0,0,0,0,0.242586789494321
"GGATTCAGTACGGTGG-1_V11L05-333_A1",0.77941120988968,0.22058879011032,0,0,0,0,0,0,0,0,0,0,0,0,0,0,0,0,0,0,0
"GGATTCCGCTATACCC-1_V11L05-333_A1",0.446401889765457,0.302098097136058,0.251500013098486,0,0,0,0,0,0,0,0,0,0,0,0,0,0,0,0,0,0
"GGATTGAAGTAGCCTC-1_V11L05-333_A1",0.799488918528716,0.200511081471284,0,0,0,0,0,0,0,0,0,0,0,0,0,0,0,0,0,0,0
"GGATTGCTGTGACTCC-1_V11L05-333_A1",0.622527327706388,0.377472672293613,0,0,0,0,0,0,0,0,0,0,0,0,0,0,0,0,0,0,0
"GGATTTCACTTCTATA-1_V11L05-333_A1",0.722705948021027,0.175152479483502,0,0,0,0,0,0,0,0,0,0,0,0,0,0.102141572495471,0,0,0,0,0
"GGCAAAGGCGCCAATA-1_V11L05-333_A1",0.100252952825433,0.171499249051287,0,0,0,0,0,0,0,0,0,0,0,0.2214884293498,0,0,0,0,0.303587759031438,0,0.203171609742043
"GGCAAATTACTTTACT-1_V11L05-333_A1",0.777404008968387,0.222595991031613,0,0,0,0,0,0,0,0,0,0,0,0,0,0,0,0,0,0,0
"GGCAAGCCAGGGATAG-1_V11L05-333_A1",0.237397756501148,0.344562675941579,0.19187587510109,0,0,0,0,0,0,0,0,0,0,0,0,0.226163692456183,0,0,0,0,0
"GGCAAGCCCATAGTGG-1_V11L05-333_A1",0.107909815098889,0.265451122959551,0,0,0,0,0,0,0,0,0,0,0,0.41633298470375,0,0,0,0,0,0,0.210306077237811
"GGCAAGGCGAAATAGC-1_V11L05-333_A1",0.852973668363392,0.147026331636608,0,0,0,0,0,0,0,0,0,0,0,0,0,0,0,0,0,0,0
"GGCAATAGTCAATGAG-1_V11L05-333_A1",0.636155811377653,0.363844188622347,0,0,0,0,0,0,0,0,0,0,0,0,0,0,0,0,0,0,0
"GGCACGCTGCTACAGT-1_V11L05-333_A1",0.726152810806921,0.273847189193079,0,0,0,0,0,0,0,0,0,0,0,0,0,0,0,0,0,0,0
"GGCACTCAGCCGACCC-1_V11L05-333_A1",0.841162686594329,0.158837313405671,0,0,0,0,0,0,0,0,0,0,0,0,0,0,0,0,0,0,0
"GGCACTCCACTGGGCA-1_V11L05-333_A1",0.774827732923001,0.225172267076999,0,0,0,0,0,0,0,0,0,0,0,0,0,0,0,0,0,0,0
"GGCACTGCGGTGGTTT-1_V11L05-333_A1",0,0,0,0,0,0,0,0,0,0,0,0,0,0,0,0,0,0,0,0,0
"GGCAGAGAGATCGGGA-1_V11L05-333_A1",0.0898789064155941,0.179802080219794,0,0,0,0,0,0,0,0,0,0,0,0.357291865676,0,0.373027147688612,0,0,0,0,0
"GGCAGCAAACCTATGC-1_V11L05-333_A1",0.650263371709921,0.230804521223172,0.118932107066906,0,0,0,0,0,0,0,0,0,0,0,0,0,0,0,0,0,0
"GGCAGCGGTAATCCTA-1_V11L05-333_A1",0.303660463949026,0.334736160549652,0.118713959920272,0,0,0,0,0,0,0,0,0,0,0,0,0.24288941558105,0,0,0,0,0
"GGCATACAGGTAGCGG-1_V11L05-333_A1",0.704142378970085,0.295857621029915,0,0,0,0,0,0,0,0,0,0,0,0,0,0,0,0,0,0,0
"GGCATATCGGTTCTGC-1_V11L05-333_A1",0.573147972172184,0.426852027827816,0,0,0,0,0,0,0,0,0,0,0,0,0,0,0,0,0,0,0
"GGCATCAACGAGCACG-1_V11L05-333_A1",0.696555772418727,0.303444227581273,0,0,0,0,0,0,0,0,0,0,0,0,0,0,0,0,0,0,0
"GGCATTCCCTCCCTCG-1_V11L05-333_A1",0.775950168790361,0.224049831209639,0,0,0,0,0,0,0,0,0,0,0,0,0,0,0,0,0,0,0
"GGCATTGAACATCTCA-1_V11L05-333_A1",0.0475766480208132,0.187390935574964,0,0,0.366859666431583,0,0,0,0,0,0,0,0,0.39817274997264,0,0,0,0,0,0,0
"GGCCAATTGTATAGAC-1_V11L05-333_A1",0.783828611305271,0.216171388694729,0,0,0,0,0,0,0,0,0,0,0,0,0,0,0,0,0,0,0
"GGCCACAAGCGATGGC-1_V11L05-333_A1",0.624517837707403,0.252312067464835,0.123170094827762,0,0,0,0,0,0,0,0,0,0,0,0,0,0,0,0,0,0
"GGCCACACGAAAGCCT-1_V11L05-333_A1",0.41476055408368,0.380327914208013,0.204911531708307,0,0,0,0,0,0,0,0,0,0,0,0,0,0,0,0,0,0
"GGCCCAATCTAGAGGG-1_V11L05-333_A1",0.128654980481847,0.305478932283999,0,0,0,0,0,0,0,0,0,0,0,0.352752834712036,0,0,0,0,0,0,0.213113252522118
"GGCCCAGCTGGTTTGC-1_V11L05-333_A1",0.148486712116412,0.372134223633179,0,0,0,0,0,0,0,0,0,0,0,0,0,0,0,0,0,0.274669300868159,0.20470976338225
"GGCCCAGTTATCAGCA-1_V11L05-333_A1",0.0830481501093397,0.183716097500211,0,0,0,0,0,0,0,0,0,0,0,0.298899597252681,0,0,0.0946876234785404,0,0,0.339648531659228,0
"GGCCCGGAGCATGTCT-1_V11L05-333_A1",0.263652929657247,0.210153177254397,0.0723218029456642,0,0,0,0,0,0,0,0.453872090142692,0,0,0,0,0,0,0,0,0,0
"GGCCCGTATACCATGC-1_V11L05-333_A1",0.462123999711877,0.357653541912073,0.18022245837605,0,0,0,0,0,0,0,0,0,0,0,0,0,0,0,0,0,0
"GGCCCTCACCCACTTA-1_V11L05-333_A1",0.337239718649862,0.305917167002884,0.199508457622292,0,0,0,0,0,0,0,0,0,0,0,0,0,0,0,0,0.157334656724963,0
"GGCCGAGACTCTGGTG-1_V11L05-333_A1",0.0561955585626226,0.251815450959478,0.0841183620954042,0,0,0,0,0,0,0,0,0,0,0.340712292881004,0,0,0,0,0,0,0.267158335501491
"GGCCGCAGGAACCGCA-1_V11L05-333_A1",0.562783338196109,0.437216661803891,0,0,0,0,0,0,0,0,0,0,0,0,0,0,0,0,0,0,0
"GGCCGGCGTCTGCTAT-1_V11L05-333_A1",0.21940555031406,0.219798404877077,0,0,0,0,0,0,0.0329462503192399,0,0.349699914260166,0,0,0,0,0,0,0,0,0,0.178149880229456
"GGCCGTTTGGGTTTCA-1_V11L05-333_A1",0.128211760052163,0.245193655942402,0,0,0,0,0,0,0,0,0,0,0,0.313234757051226,0,0,0,0,0,0,0.313359826954208
"GGCCTGCTCTGATGTT-1_V11L05-333_A1",0,0.296226725269664,0,0,0.386758364011458,0,0,0,0,0,0,0,0,0.317014910718878,0,0,0,0,0,0,0
"GGCCTGCTTCTCCCGA-1_V11L05-333_A1",0.232531589064423,0.337754170255905,0.429714240679673,0,0,0,0,0,0,0,0,0,0,0,0,0,0,0,0,0,0
"GGCCTTTGCAACTGGC-1_V11L05-333_A1",0.375861680249154,0.22942924287796,0,0,0,0,0,0,0,0,0,0,0,0.166813678698151,0,0.227895398174735,0,0,0,0,0
"GGCGAAATCTAACTTG-1_V11L05-333_A1",0.802583895202744,0.12139479957146,0.0760213052257964,0,0,0,0,0,0,0,0,0,0,0,0,0,0,0,0,0,0
"GGCGAACCGTTCTGAT-1_V11L05-333_A1",0.170727444024142,0.262236741481236,0,0,0,0,0,0,0.0836869465476507,0,0,0,0,0,0.483348867946971,0,0,0,0,0,0
"GGCGAGCATCGAGGAC-1_V11L05-333_A1",0.696980610634206,0.303019389365794,0,0,0,0,0,0,0,0,0,0,0,0,0,0,0,0,0,0,0
"GGCGAGCGAAACGGCA-1_V11L05-333_A1",0.0882968813826931,0.278908419074438,0,0,0,0,0,0,0,0,0,0,0,0.106462880056534,0,0,0,0,0,0.294379562399238,0.231952257087098
"GGCGCACAGTTTACCT-1_V11L05-333_A1",0.802715158048249,0.197284841951751,0,0,0,0,0,0,0,0,0,0,0,0,0,0,0,0,0,0,0
"GGCGCAGGACATCTTC-1_V11L05-333_A1",0.514727335172796,0.166107634947435,0,0,0,0,0,0,0,0,0,0,0,0.319165029879769,0,0,0,0,0,0,0
"GGCGCATGAATTGATG-1_V11L05-333_A1",0.637753714706626,0.265170665827112,0.0970756194662622,0,0,0,0,0,0,0,0,0,0,0,0,0,0,0,0,0,0
"GGCGCGGAGATCTTTC-1_V11L05-333_A1",0.559762045706073,0.440237954293927,0,0,0,0,0,0,0,0,0,0,0,0,0,0,0,0,0,0,0
"GGCGCGTTCGAGTTTA-1_V11L05-333_A1",0.851513152477688,0.148486847522312,0,0,0,0,0,0,0,0,0,0,0,0,0,0,0,0,0,0,0
"GGCGCTCCTCATCAAT-1_V11L05-333_A1",0.682005614067902,0.317994385932098,0,0,0,0,0,0,0,0,0,0,0,0,0,0,0,0,0,0,0
"GGCGCTTCATTCCCTG-1_V11L05-333_A1",0.137917088823874,0.28122135354595,0,0,0,0,0,0,0,0,0,0,0,0.329296703906077,0,0,0,0,0,0,0.251564853724099
"GGCGGAGTAATATTAG-1_V11L05-333_A1",0.651348660548514,0.348651339451486,0,0,0,0,0,0,0,0,0,0,0,0,0,0,0,0,0,0,0
"GGCGGGCTCTAAGAGT-1_V11L05-333_A1",0.5687471701825,0.4312528298175,0,0,0,0,0,0,0,0,0,0,0,0,0,0,0,0,0,0,0
"GGCGGTAGGATCATTG-1_V11L05-333_A1",0.505699789907459,0.218543088864451,0.149661803111401,0,0,0,0,0,0,0.126095318116689,0,0,0,0,0,0,0,0,0,0,0
"GGCGGTTTGCCGGTGC-1_V11L05-333_A1",0.753982864739483,0.246017135260517,0,0,0,0,0,0,0,0,0,0,0,0,0,0,0,0,0,0,0
"GGCGTACCCTATATAA-1_V11L05-333_A1",0.380074067366525,0.337449419276571,0.282476513356904,0,0,0,0,0,0,0,0,0,0,0,0,0,0,0,0,0,0
"GGCGTAGGGAAAGCTG-1_V11L05-333_A1",0.731100966168092,0.268899033831908,0,0,0,0,0,0,0,0,0,0,0,0,0,0,0,0,0,0,0
"GGCGTCCTATCCGCTG-1_V11L05-333_A1",0.579956545589427,0.286431174588983,0.133612279821589,0,0,0,0,0,0,0,0,0,0,0,0,0,0,0,0,0,0
"GGCTAAAGGGCGGGTC-1_V11L05-333_A1",0.76513404014129,0.23486595985871,0,0,0,0,0,0,0,0,0,0,0,0,0,0,0,0,0,0,0
"GGCTAATGATTGAAAT-1_V11L05-333_A1",0.19835853949996,0.334746866127626,0.151374863112039,0,0,0,0,0,0,0,0,0,0,0,0,0.315519731260374,0,0,0,0,0
"GGCTACTATACACTCC-1_V11L05-333_A1",0.0587874288258936,0.307857518617427,0,0,0,0,0,0,0,0,0.145993815041973,0,0,0.306898499118239,0,0,0,0,0,0,0.180462738396468
"GGCTATTAAGTTGTAT-1_V11L05-333_A1",0.763931224840495,0.236068775159505,0,0,0,0,0,0,0,0,0,0,0,0,0,0,0,0,0,0,0
"GGCTCCTCCACCTGTT-1_V11L05-333_A1",0.114982690741514,0.316654410511207,0.165850470367287,0,0,0,0,0,0,0,0,0,0,0,0,0,0,0,0,0.20417746894301,0.198334959436982
"GGCTCGCGTTGAGGTA-1_V11L05-333_A1",0.339607894955599,0.226604654620878,0.206741588158108,0,0,0,0,0,0,0,0,0,0,0,0,0,0,0,0,0.227045862265414,0
"GGCTCGTGCCACCAGC-1_V11L05-333_A1",0.572076869008497,0.313253416880595,0.114669714110908,0,0,0,0,0,0,0,0,0,0,0,0,0,0,0,0,0,0
"GGCTCTGCTCCAACGC-1_V11L05-333_A1",0.625500194873266,0.200405825106021,0.174093980020713,0,0,0,0,0,0,0,0,0,0,0,0,0,0,0,0,0,0
"GGCTGAAATAGCAAAG-1_V11L05-333_A1",0.830709943556877,0.169290056443123,0,0,0,0,0,0,0,0,0,0,0,0,0,0,0,0,0,0,0
"GGCTGAGCATCGTAAG-1_V11L05-333_A1",0.694707759105861,0.305292240894139,0,0,0,0,0,0,0,0,0,0,0,0,0,0,0,0,0,0,0
"GGCTGGCAATCCCACG-1_V11L05-333_A1",0,0.176134645763911,0.108628380116801,0,0,0,0,0,0,0,0,0,0,0,0,0,0,0,0,0.715236974119289,0
"GGCTGGCAGCTTTATG-1_V11L05-333_A1",0.78928719536875,0.21071280463125,0,0,0,0,0,0,0,0,0,0,0,0,0,0,0,0,0,0,0
"GGCTGGCTAGCTTAAA-1_V11L05-333_A1",0.463209220093085,0.536790779906915,0,0,0,0,0,0,0,0,0,0,0,0,0,0,0,0,0,0,0
"GGCTGTCCTACTGCGG-1_V11L05-333_A1",0,0.269644478663883,0.094998087787991,0,0,0,0,0,0,0,0,0,0,0.409387548796131,0,0,0,0,0,0,0.225969884751995
"GGCTTCTCGTGGGTGG-1_V11L05-333_A1",0.0795626415731775,0.344395381822948,0.110837741472769,0,0,0,0,0,0,0,0,0,0,0,0.275765678422232,0,0,0,0,0,0.189438556708873
"GGCTTGGCTCTCACCT-1_V11L05-333_A1",0.667551014003581,0.332448985996419,0,0,0,0,0,0,0,0,0,0,0,0,0,0,0,0,0,0,0
"GGCTTTCAATAAGGGT-1_V11L05-333_A1",0.0747896564800669,0.30659547435591,0.156120763451147,0,0,0,0,0,0,0,0,0,0,0,0,0,0,0,0,0.313995757268546,0.14849834844433
"GGGAAAGAATGCCAAC-1_V11L05-333_A1",0.598643406155729,0.401356593844271,0,0,0,0,0,0,0,0,0,0,0,0,0,0,0,0,0,0,0
"GGGAACCACCTGTTTC-1_V11L05-333_A1",0.580213203154021,0.202913686746169,0.21687311009981,0,0,0,0,0,0,0,0,0,0,0,0,0,0,0,0,0,0
"GGGAACGGGAGGTTAG-1_V11L05-333_A1",0.415091588176717,0.378043406982058,0,0,0,0,0,0,0,0,0,0,0,0,0,0,0,0,0,0.206865004841225,0
"GGGAACGGTTTCAGAT-1_V11L05-333_A1",0.0558229173888482,0.152584844218269,0,0,0,0,0,0,0,0,0.573110607531894,0,0,0,0,0,0,0,0,0.21848163086099,0
"GGGAAGACGGTCTGTC-1_V11L05-333_A1",0.242145846883421,0.403134075628183,0.142933881783045,0,0,0,0,0,0,0,0,0,0,0,0,0,0,0,0,0,0.211786195705351
"GGGAAGGGCTTTCTCA-1_V11L05-333_A1",0.530263871612608,0.469736128387392,0,0,0,0,0,0,0,0,0,0,0,0,0,0,0,0,0,0,0
"GGGAATGAGCCCTCAC-1_V11L05-333_A1",0.348143790366126,0.184578959629622,0,0,0,0,0,0,0,0,0,0,0,0,0,0.467277250004252,0,0,0,0,0
"GGGAATTCTGTCCAGT-1_V11L05-333_A1",0.598152398524808,0.210606099148479,0,0,0,0,0,0,0,0,0,0,0,0,0,0,0,0.191241502326713,0,0,0
"GGGACAGAGTTACTCC-1_V11L05-333_A1",0,0.364783391014754,0.117255489589408,0,0,0,0,0,0,0,0,0,0,0,0,0,0,0,0.203499560534796,0,0.314461558861042
"GGGACCCGTATATCTT-1_V11L05-333_A1",0.058205618667333,0.218486764583527,0,0,0,0,0,0,0,0,0,0,0,0,0,0,0,0,0.228519540112514,0.329849226613853,0.164938850022774
"GGGACTGCATAGATAG-1_V11L05-333_A1",0.758974889964072,0.241025110035928,0,0,0,0,0,0,0,0,0,0,0,0,0,0,0,0,0,0,0
"GGGAGAACTCACAGTA-1_V11L05-333_A1",0.652139332499355,0.347860667500645,0,0,0,0,0,0,0,0,0,0,0,0,0,0,0,0,0,0,0
"GGGAGCGACCGTAGTG-1_V11L05-333_A1",0.653960849901595,0.346039150098405,0,0,0,0,0,0,0,0,0,0,0,0,0,0,0,0,0,0,0
"GGGAGGATGCCCGAAA-1_V11L05-333_A1",0.477996497844989,0.264778758070764,0.257224744084247,0,0,0,0,0,0,0,0,0,0,0,0,0,0,0,0,0,0
"GGGAGTAATGGCTGGC-1_V11L05-333_A1",0.750285799276039,0.249714200723961,0,0,0,0,0,0,0,0,0,0,0,0,0,0,0,0,0,0,0
"GGGAGTTAATGAGGCG-1_V11L05-333_A1",0.842955096080199,0.157044903919801,0,0,0,0,0,0,0,0,0,0,0,0,0,0,0,0,0,0,0
"GGGATACGGTAATAAT-1_V11L05-333_A1",0.552620296313735,0.26206551641557,0.185314187270695,0,0,0,0,0,0,0,0,0,0,0,0,0,0,0,0,0,0
"GGGATATTGATCGCCA-1_V11L05-333_A1",0.112255062007203,0.306670806819004,0.138761046839698,0,0,0,0,0,0,0.442313084334094,0,0,0,0,0,0,0,0,0,0,0
"GGGATCCCAATACAAA-1_V11L05-333_A1",0.264160242767065,0.250959242211168,0.112856422539776,0,0,0,0,0,0,0,0,0,0,0.372024092481991,0,0,0,0,0,0,0
"GGGATGGACCCGCGTC-1_V11L05-333_A1",0,0.459755983135726,0.152790980125863,0,0,0,0,0,0,0,0,0,0,0,0,0,0,0,0,0,0.387453036738412
"GGGATGGTCGTAACCG-1_V11L05-333_A1",0.170115735238263,0.497367846489018,0,0,0,0,0,0,0,0,0,0,0,0,0,0,0,0,0,0,0.332516418272718
"GGGATTATCTCACAAC-1_V11L05-333_A1",0.6605103475044,0.3394896524956,0,0,0,0,0,0,0,0,0,0,0,0,0,0,0,0,0,0,0
"GGGATTTACCGCACCT-1_V11L05-333_A1",0.800520152779752,0.199479847220248,0,0,0,0,0,0,0,0,0,0,0,0,0,0,0,0,0,0,0
"GGGCAACCGCACGTGC-1_V11L05-333_A1",0.055717369739916,0.299192243061762,0,0,0,0,0,0,0,0,0,0,0,0.113044477141044,0,0,0,0,0.266287816912951,0,0.265758093144327
"GGGCACGAATTGGCCG-1_V11L05-333_A1",0.647155720521676,0.352844279478324,0,0,0,0,0,0,0,0,0,0,0,0,0,0,0,0,0,0,0
"GGGCACGTAGTACTGT-1_V11L05-333_A1",0.081346056125006,0.194968141240539,0,0,0,0,0,0,0,0,0,0,0,0,0.492431602919385,0,0,0,0,0,0.23125419971507
"GGGCACTATTGACCAT-1_V11L05-333_A1",0,0.224816259472496,0,0,0,0,0,0,0,0,0,0,0,0.295559447742991,0,0,0,0,0.243203341285547,0,0.236420951498966
"GGGCAGACGTCACTGC-1_V11L05-333_A1",0.289907324058605,0.279844544109632,0.250793878950568,0,0,0,0,0,0,0,0,0,0,0,0,0,0,0,0,0.179454252881196,0
"GGGCAGAGCAATCGTT-1_V11L05-333_A1",0.178326984523404,0.265824527900265,0,0,0,0,0,0,0,0,0.0525866916741352,0,0,0,0,0,0,0,0,0.302667484795975,0.200594311106221
"GGGCAGGATTTCTGTG-1_V11L05-333_A1",0,0.153531369884005,0.0585051157172787,0,0,0,0,0,0,0,0,0,0.787963514398716,0,0,0,0,0,0,0,0
"GGGCAGTCAACGCCAA-1_V11L05-333_A1",0.303979379547377,0.228228650387602,0,0,0,0,0,0,0,0,0,0,0,0,0,0,0,0,0,0.467791970065021,0
"GGGCATGCATGTCGAG-1_V11L05-333_A1",0,0.102886383154134,0.0547783458389729,0.528681612676102,0,0,0,0,0,0,0,0,0,0.207822090344046,0,0,0,0,0,0,0.105831567986745
"GGGCCATTCGTGCTGG-1_V11L05-333_A1",0.141662694519238,0.390883664579127,0.143822097089662,0,0,0,0,0,0,0,0,0,0.323631543811974,0,0,0,0,0,0,0,0
"GGGCCCGTCTTAAACA-1_V11L05-333_A1",0.687887949316557,0.174947260450114,0,0,0,0,0,0,0,0.137164790233329,0,0,0,0,0,0,0,0,0,0,0
"GGGCCCTACGAAAGGG-1_V11L05-333_A1",0.19992735111776,0.248110952344761,0,0,0,0,0,0,0,0,0,0,0,0.139565690664512,0,0,0,0,0,0.412396005872967,0
"GGGCCCTTATCTATAC-1_V11L05-333_A1",0.0725669165298076,0.148912603309913,0,0,0,0,0,0,0,0,0,0,0,0,0,0.778520480160279,0,0,0,0,0
"GGGCCGGCCGAAGTAC-1_V11L05-333_A1",0.572454682689718,0.180003149630103,0.247542167680179,0,0,0,0,0,0,0,0,0,0,0,0,0,0,0,0,0,0
"GGGCCTAAATGGGCTA-1_V11L05-333_A1",0.458158409787156,0.262380458786901,0,0,0,0,0,0,0,0,0,0,0,0,0,0,0,0,0,0.279461131425943,0
"GGGCCTATACAACCGG-1_V11L05-333_A1",0.0609853354944395,0.167788887746392,0,0,0,0,0,0,0,0.177808722504717,0,0,0,0.251703144916311,0,0,0,0,0,0.341713909338141,0
"GGGCCTATTTAAGTAT-1_V11L05-333_A1",0.352092445497697,0.341282762025221,0.306624792477081,0,0,0,0,0,0,0,0,0,0,0,0,0,0,0,0,0,0
"GGGCGAATTTCTCCAC-1_V11L05-333_A1",0.573647487144179,0.426352512855821,0,0,0,0,0,0,0,0,0,0,0,0,0,0,0,0,0,0,0
"GGGCGATATGTGTGAA-1_V11L05-333_A1",0.863108287496881,0.136891712503119,0,0,0,0,0,0,0,0,0,0,0,0,0,0,0,0,0,0,0
"GGGCGATCCATAGGCC-1_V11L05-333_A1",0.100819116082566,0.435311740438114,0.251456831831969,0,0,0,0,0,0,0,0,0,0,0,0,0,0,0,0,0,0.212412311647351
"GGGCGCAGCGTTACTC-1_V11L05-333_A1",0.464308675418249,0.387530854802617,0.148160469779134,0,0,0,0,0,0,0,0,0,0,0,0,0,0,0,0,0,0
"GGGCGGCAAATGAATT-1_V11L05-333_A1",0.132596867662286,0.187879871142232,0,0,0,0,0,0,0,0,0,0,0,0,0,0,0,0,0,0.679523261195482,0
"GGGCGGGTTCCCTACG-1_V11L05-333_A1",0.459834371471863,0.422901155691642,0.117264472836495,0,0,0,0,0,0,0,0,0,0,0,0,0,0,0,0,0,0
"GGGCGGTCCTATTGTC-1_V11L05-333_A1",0.66134018540023,0.33865981459977,0,0,0,0,0,0,0,0,0,0,0,0,0,0,0,0,0,0,0
"GGGCGTACATTTATAT-1_V11L05-333_A1",0.287854526050105,0.505992827711468,0.206152646238427,0,0,0,0,0,0,0,0,0,0,0,0,0,0,0,0,0,0
"GGGCGTCACCACGTAA-1_V11L05-333_A1",0.522526075651085,0.3847096743271,0,0,0,0,0,0,0,0,0,0,0,0,0,0,0.0927642500218151,0,0,0,0
"GGGCGTCCACTGGCTC-1_V11L05-333_A1",0.456097902259842,0.354039886654292,0,0,0,0,0,0,0,0,0,0,0,0,0,0.189862211085866,0,0,0,0,0
"GGGCGTGGTTTCCCAG-1_V11L05-333_A1",0.790713569671184,0.209286430328816,0,0,0,0,0,0,0,0,0,0,0,0,0,0,0,0,0,0,0
"GGGCGTTTACATTCAT-1_V11L05-333_A1",0,0.151672547953251,0,0,0,0,0,0,0,0,0,0,0,0,0.848327452046749,0,0,0,0,0,0
"GGGCTACTATTTCGTG-1_V11L05-333_A1",0.0727249243304431,0.244809092468184,0.13603294128227,0,0,0,0,0,0,0,0,0,0,0.16452795465409,0,0,0,0,0,0.381905087265014,0
"GGGCTATGATCGATGG-1_V11L05-333_A1",0.0576059424117837,0.172935648012002,0,0,0,0,0,0,0,0.119073815902798,0,0,0,0.396542472379521,0,0,0,0,0,0,0.253842121293895
"GGGCTCATCGAACCCA-1_V11L05-333_A1",0.389433288273487,0.305559842245211,0.305006869481302,0,0,0,0,0,0,0,0,0,0,0,0,0,0,0,0,0,0
"GGGCTGCCTAGGGCGA-1_V11L05-333_A1",0.498277134850992,0.501722865149008,0,0,0,0,0,0,0,0,0,0,0,0,0,0,0,0,0,0,0
"GGGCTGGTTAGTCGCG-1_V11L05-333_A1",0.823685931281356,0.176314068718644,0,0,0,0,0,0,0,0,0,0,0,0,0,0,0,0,0,0,0
"GGGTAATGCTGTGTTT-1_V11L05-333_A1",0.7403994959158,0.2596005040842,0,0,0,0,0,0,0,0,0,0,0,0,0,0,0,0,0,0,0
"GGGTACACTCTGGAGG-1_V11L05-333_A1",0.730319799813015,0.269680200186985,0,0,0,0,0,0,0,0,0,0,0,0,0,0,0,0,0,0,0
"GGGTACCCACGGTCCT-1_V11L05-333_A1",0.781937703131784,0.218062296868216,0,0,0,0,0,0,0,0,0,0,0,0,0,0,0,0,0,0,0
"GGGTACTTCATGAACT-1_V11L05-333_A1",0.807641364161717,0.192358635838283,0,0,0,0,0,0,0,0,0,0,0,0,0,0,0,0,0,0,0
"GGGTATGTATGCACTT-1_V11L05-333_A1",0.85186114287615,0.14813885712385,0,0,0,0,0,0,0,0,0,0,0,0,0,0,0,0,0,0,0
"GGGTATTCTAGCAAAC-1_V11L05-333_A1",0.264371094516123,0.235429970301897,0.0915004439284857,0,0,0,0,0,0,0,0,0,0,0,0,0,0,0.0318553935240264,0,0.376843097729468,0
"GGGTCACCGTGACGGT-1_V11L05-333_A1",0.49687891597386,0.50312108402614,0,0,0,0,0,0,0,0,0,0,0,0,0,0,0,0,0,0,0
"GGGTCACGTGCTTATG-1_V11L05-333_A1",0,0.245785104473776,0.31929817148228,0,0,0,0,0,0,0,0,0,0,0.434916724043944,0,0,0,0,0,0,0
"GGGTCACTGAGTAGTG-1_V11L05-333_A1",0.0750501436514761,0.1445582639138,0,0,0,0,0,0,0,0,0,0,0,0.616934606836948,0,0,0,0,0,0,0.163456985597776
"GGGTCAGGAGCTAGAT-1_V11L05-333_A1",0.0862704045230776,0.400339067447615,0,0,0,0,0,0,0,0,0,0,0,0,0,0,0,0,0,0.281044526458433,0.232346001570874
"GGGTCATGCGTACCAT-1_V11L05-333_A1",0.645952432522257,0.354047567477743,0,0,0,0,0,0,0,0,0,0,0,0,0,0,0,0,0,0,0
"GGGTCCTTGGAAGAAG-1_V11L05-333_A1",0.173285156327972,0.442740487897599,0,0,0.383974355774428,0,0,0,0,0,0,0,0,0,0,0,0,0,0,0,0
"GGGTCGTGGCAAGTGT-1_V11L05-333_A1",0.473181980987976,0.383272268143826,0,0,0,0,0,0,0,0,0,0,0,0,0,0,0.143545750868198,0,0,0,0
"GGGTCTATCGCTTTCC-1_V11L05-333_A1",0.807148722974376,0.192851277025624,0,0,0,0,0,0,0,0,0,0,0,0,0,0,0,0,0,0,0
"GGGTGACACCTTAACT-1_V11L05-333_A1",0.766798702535759,0.160204980287812,0.0729963171764295,0,0,0,0,0,0,0,0,0,0,0,0,0,0,0,0,0,0
"GGGTGCATATGAAAGC-1_V11L05-333_A1",0.484162338367195,0.394188649363467,0.121649012269338,0,0,0,0,0,0,0,0,0,0,0,0,0,0,0,0,0,0
"GGGTGGTCCAGCCTGT-1_V11L05-333_A1",0.282692539305121,0.350056703543893,0.367250757150986,0,0,0,0,0,0,0,0,0,0,0,0,0,0,0,0,0,0
"GGGTGTTTCAGCTATG-1_V11L05-333_A1",0.72724078099687,0.27275921900313,0,0,0,0,0,0,0,0,0,0,0,0,0,0,0,0,0,0,0
"GGGTTAACATTTGAGT-1_V11L05-333_A1",0.201098621467792,0.453650173375296,0,0,0,0,0,0,0,0,0,0,0,0,0,0,0,0,0,0.345251205156912,0
"GGGTTCAGACGAACAA-1_V11L05-333_A1",0.231191840888433,0.230676036030016,0,0,0,0,0,0,0,0,0,0,0,0,0,0.538132123081551,0,0,0,0,0
"GGGTTTAGGATAGGAT-1_V11L05-333_A1",0.381603192059285,0.618396807940714,0,0,0,0,0,0,0,0,0,0,0,0,0,0,0,0,0,0,0
"GGGTTTCCGGCTTCCA-1_V11L05-333_A1",0.740538141190588,0.259461858809412,0,0,0,0,0,0,0,0,0,0,0,0,0,0,0,0,0,0,0
"GGTAAACTCTGCGCTG-1_V11L05-333_A1",0.790838199214404,0.209161800785596,0,0,0,0,0,0,0,0,0,0,0,0,0,0,0,0,0,0,0
"GGTAAATGTGCGTTAC-1_V11L05-333_A1",0.647096072786365,0.217094015479195,0.135809911734439,0,0,0,0,0,0,0,0,0,0,0,0,0,0,0,0,0,0
"GGTAACCGGCAAAGGT-1_V11L05-333_A1",0.603140622692623,0.272023667827111,0,0,0,0,0,0,0,0,0,0,0,0,0,0,0.124835709480266,0,0,0,0
"GGTAACCGGGAGGATA-1_V11L05-333_A1",0.0670958952363333,0.280630959499494,0,0,0,0,0,0,0,0,0,0,0,0.395517833208688,0,0,0,0,0,0,0.256755312055485
"GGTAACTATGTATCTG-1_V11L05-333_A1",0.701103268694958,0.298896731305042,0,0,0,0,0,0,0,0,0,0,0,0,0,0,0,0,0,0,0
"GGTACAAACATGCTAT-1_V11L05-333_A1",0.781925494316661,0.218074505683339,0,0,0,0,0,0,0,0,0,0,0,0,0,0,0,0,0,0,0
"GGTACACCAGATTTAT-1_V11L05-333_A1",0.472332040497223,0.206056220314288,0,0,0,0,0,0,0,0,0,0,0.321611739188489,0,0,0,0,0,0,0,0
"GGTACATCTGGGACGA-1_V11L05-333_A1",0.687386128593063,0.203680099452292,0,0,0,0,0,0,0,0,0,0,0,0,0,0.108933771954645,0,0,0,0,0
"GGTACCATTAAGACGG-1_V11L05-333_A1",0.599819842304849,0.243315119307537,0.156865038387614,0,0,0,0,0,0,0,0,0,0,0,0,0,0,0,0,0,0
"GGTACGTTGCGGCCGG-1_V11L05-333_A1",0.820543840711203,0.179456159288797,0,0,0,0,0,0,0,0,0,0,0,0,0,0,0,0,0,0,0
"GGTACTAAGTGCTTTG-1_V11L05-333_A1",0.803359524781484,0.196640475218516,0,0,0,0,0,0,0,0,0,0,0,0,0,0,0,0,0,0,0
"GGTAGAAGACCGCCTG-1_V11L05-333_A1",0.862302594730557,0.137697405269443,0,0,0,0,0,0,0,0,0,0,0,0,0,0,0,0,0,0,0
"GGTAGACCGTTGGGCG-1_V11L05-333_A1",0.160836535361854,0.443198232573484,0.238792535750904,0,0,0,0,0,0,0,0,0,0,0,0,0,0,0,0,0,0.157172696313757
"GGTAGGCCAATATCAC-1_V11L05-333_A1",0.0315101357588982,0.153219881106794,0,0,0.304143829963351,0,0,0,0,0,0,0,0.511126153170956,0,0,0,0,0,0,0,0
"GGTAGTGCTCGCACCA-1_V11L05-333_A1",0.5068480216126,0.222554966635692,0.270597011751708,0,0,0,0,0,0,0,0,0,0,0,0,0,0,0,0,0,0
"GGTATAGTGACACATA-1_V11L05-333_A1",0.509660187566951,0.262018180465213,0.0851475106614357,0,0,0,0,0,0,0,0,0,0,0,0,0.143174121306401,0,0,0,0,0
"GGTATCAAGCATAGAA-1_V11L05-333_A1",0.737922358054273,0.262077641945727,0,0,0,0,0,0,0,0,0,0,0,0,0,0,0,0,0,0,0
"GGTATGAAAGAACTGA-1_V11L05-333_A1",0.154015721416701,0.337894398492699,0,0,0,0,0,0,0,0,0,0,0,0,0,0.5080898800906,0,0,0,0,0
"GGTATTGCCGAGTTTA-1_V11L05-333_A1",0.424799717488894,0.415706209868121,0.159494072642985,0,0,0,0,0,0,0,0,0,0,0,0,0,0,0,0,0,0
"GGTCAAGACTACTTCG-1_V11L05-333_A1",0.652110435861141,0.227743348215601,0.120146215923258,0,0,0,0,0,0,0,0,0,0,0,0,0,0,0,0,0,0
"GGTCACGTTAGATTCA-1_V11L05-333_A1",0.76998391931784,0.23001608068216,0,0,0,0,0,0,0,0,0,0,0,0,0,0,0,0,0,0,0
"GGTCAGTGGGTCCCAC-1_V11L05-333_A1",0.782724660758527,0.217275339241473,0,0,0,0,0,0,0,0,0,0,0,0,0,0,0,0,0,0,0
"GGTCATTGTAGTCATA-1_V11L05-333_A1",0,0.48549282216008,0.169748277413711,0,0,0,0,0,0,0,0,0,0.344758900426209,0,0,0,0,0,0,0,0
"GGTCCACGTCTATTTG-1_V11L05-333_A1",0.135874284831497,0.452731539163321,0.120886379771522,0,0,0,0,0,0,0,0,0,0,0,0,0,0,0,0,0,0.29050779623366
"GGTCCCATAACATAGA-1_V11L05-333_A1",0.110179153568897,0.366672977299549,0.239449847393645,0,0,0,0,0,0,0,0,0,0.283698021737909,0,0,0,0,0,0,0,0
"GGTCCTTCATACGACT-1_V11L05-333_A1",0.634227471799,0.365772528201,0,0,0,0,0,0,0,0,0,0,0,0,0,0,0,0,0,0,0
"GGTCGGATAAACGGCG-1_V11L05-333_A1",0.596489945761161,0.283555379473033,0,0,0,0,0,0,0,0,0,0,0,0,0,0,0,0,0,0.119954674765806,0
"GGTCGGCCAGGAGCTT-1_V11L05-333_A1",0.186746296294851,0.157555558944704,0,0,0,0,0,0,0,0,0,0,0,0,0,0.655698144760445,0,0,0,0,0
"GGTCGGTAATTAGACA-1_V11L05-333_A1",0.603742791562544,0.396257208437457,0,0,0,0,0,0,0,0,0,0,0,0,0,0,0,0,0,0,0
"GGTCGGTCGTCCACAG-1_V11L05-333_A1",0.0631217011859504,0.289787159073887,0.100307582518784,0,0,0,0,0,0,0,0,0,0,0.155928809722775,0,0,0,0,0,0.390854747498604,0
"GGTCGTAAGCTCGCAC-1_V11L05-333_A1",0.106017628821663,0.382613273741217,0,0,0,0,0,0,0,0,0,0,0,0,0,0,0,0,0,0.262255160832623,0.249113936604497
"GGTCTCCAAGTAGTGC-1_V11L05-333_A1",0.276692804050027,0.111537462269526,0,0,0,0,0,0,0,0,0,0,0,0,0,0.611769733680447,0,0,0,0,0
"GGTCTCCGTCCAGGTT-1_V11L05-333_A1",0.646719115933509,0.353280884066491,0,0,0,0,0,0,0,0,0,0,0,0,0,0,0,0,0,0,0
"GGTCTCTGAATGGACT-1_V11L05-333_A1",0,0.180638662149563,0,0,0,0,0,0,0,0,0.298644895706096,0,0,0,0,0,0,0,0,0.292124898011918,0.228591544132423
"GGTCTGAGAATCTGGA-1_V11L05-333_A1",0.743478132699431,0.256521867300569,0,0,0,0,0,0,0,0,0,0,0,0,0,0,0,0,0,0,0
"GGTCTTGAGCGCTCTT-1_V11L05-333_A1",0,0.27531652424867,0,0,0,0,0,0,0,0,0,0,0,0,0.507678186974058,0,0,0,0,0,0.217005288777272
"GGTCTTGGTGTTAACT-1_V11L05-333_A1",0.687255449193056,0.312744550806944,0,0,0,0,0,0,0,0,0,0,0,0,0,0,0,0,0,0,0
"GGTGAAACCGGGAATG-1_V11L05-333_A1",0.78723431856917,0.21276568143083,0,0,0,0,0,0,0,0,0,0,0,0,0,0,0,0,0,0,0
"GGTGAACGGGCTAGCC-1_V11L05-333_A1",0.486896993956473,0.314937031101575,0.198165974941951,0,0,0,0,0,0,0,0,0,0,0,0,0,0,0,0,0,0
"GGTGAAGTACAGGGAT-1_V11L05-333_A1",0.129505172583601,0.535852363244655,0,0,0,0,0,0,0,0,0,0,0,0,0,0,0,0,0,0,0.334642464171745
"GGTGACTGATAGAGAG-1_V11L05-333_A1",0.717404975126184,0.282595024873816,0,0,0,0,0,0,0,0,0,0,0,0,0,0,0,0,0,0,0
"GGTGAGATGCAGATAA-1_V11L05-333_A1",0.651659211758135,0.214754500519305,0.13358628772256,0,0,0,0,0,0,0,0,0,0,0,0,0,0,0,0,0,0
"GGTGATAAGGAGCAGT-1_V11L05-333_A1",0.623520369553458,0.154156024443006,0.222323606003536,0,0,0,0,0,0,0,0,0,0,0,0,0,0,0,0,0,0
"GGTGATGAAGGAAGTG-1_V11L05-333_A1",0.417428815993287,0.319751352574523,0,0,0,0,0,0,0,0,0,0,0,0,0,0.26281983143219,0,0,0,0,0
"GGTGATTTCATCTTGT-1_V11L05-333_A1",0.360938464043006,0.189660954556924,0,0,0,0,0,0,0,0,0,0,0,0,0,0.449400581400071,0,0,0,0,0
"GGTGCAGAGCCTATCG-1_V11L05-333_A1",0.534425738746639,0.307204469489469,0.158369791763892,0,0,0,0,0,0,0,0,0,0,0,0,0,0,0,0,0,0
"GGTGCATAAATGATTA-1_V11L05-333_A1",0.109772218170471,0.237442066316918,0,0,0.264314578635539,0,0,0,0,0,0,0,0,0.257385760578811,0,0,0,0,0,0,0.131085376298261
"GGTGCGGATAAGTGGC-1_V11L05-333_A1",0.628282571034105,0.371717428965895,0,0,0,0,0,0,0,0,0,0,0,0,0,0,0,0,0,0,0
"GGTGCTGATCACAAAG-1_V11L05-333_A1",0.797251877910646,0.202748122089354,0,0,0,0,0,0,0,0,0,0,0,0,0,0,0,0,0,0,0
"GGTGCTGGTACACATT-1_V11L05-333_A1",0.724724127903551,0.275275872096449,0,0,0,0,0,0,0,0,0,0,0,0,0,0,0,0,0,0,0
"GGTGGACCACGTGTTA-1_V11L05-333_A1",0.0850291681262777,0.188780896373556,0,0,0,0,0,0,0,0,0,0,0,0,0,0.726189935500166,0,0,0,0,0
"GGTGGACTGCTCTGGC-1_V11L05-333_A1",0.634888326179278,0.365111673820722,0,0,0,0,0,0,0,0,0,0,0,0,0,0,0,0,0,0,0
"GGTGGAGGTTGATACG-1_V11L05-333_A1",0.532677397507749,0.278901097909076,0,0,0,0,0,0,0,0,0,0,0,0.188421504583176,0,0,0,0,0,0,0
"GGTGGGATTAGGTCCC-1_V11L05-333_A1",0.197183801575379,0.416796586498874,0,0,0,0,0,0,0,0,0,0,0,0,0,0,0,0,0,0,0.386019611925747
"GGTGTAAATCGATTGT-1_V11L05-333_A1",0.0762807479056141,0.210802208861942,0,0.370897583884213,0,0,0,0,0,0,0,0,0,0.342019459348231,0,0,0,0,0,0,0
"GGTGTAGGTAAGTAAA-1_V11L05-333_A1",0.0447376957689983,0.212425737906926,0,0,0,0,0,0,0,0,0,0,0.742836566324075,0,0,0,0,0,0,0,0
"GGTGTTCTGTTTCTAC-1_V11L05-333_A1",0.28416475329772,0.165147398891444,0,0,0,0,0,0,0,0,0,0,0.550687847810836,0,0,0,0,0,0,0,0
"GGTGTTGGGCGTCTTA-1_V11L05-333_A1",0.587606157656436,0.412393842343564,0,0,0,0,0,0,0,0,0,0,0,0,0,0,0,0,0,0,0
"GGTTACCACCCTCGGG-1_V11L05-333_A1",0.0634728566116549,0.364701434020771,0,0,0,0,0,0,0,0,0,0,0,0,0,0,0,0,0,0.571825709367574,0
"GGTTACCCGACACTTT-1_V11L05-333_A1",0.557532863953293,0.19674956087362,0,0,0,0,0,0,0,0,0,0,0,0.245717575173087,0,0,0,0,0,0,0
"GGTTACCGCTCCCTAC-1_V11L05-333_A1",0,0.304416865396259,0,0,0,0,0,0,0,0,0,0,0.695583134603741,0,0,0,0,0,0,0,0
"GGTTAGCTATATGTCT-1_V11L05-333_A1",0.818419015266616,0.181580984733384,0,0,0,0,0,0,0,0,0,0,0,0,0,0,0,0,0,0,0
"GGTTAGGCTTGGAGAA-1_V11L05-333_A1",0.627949812474105,0.372050187525895,0,0,0,0,0,0,0,0,0,0,0,0,0,0,0,0,0,0,0
"GGTTAGGGATGCTAAT-1_V11L05-333_A1",0.359100173579857,0.511265919146703,0.12963390727344,0,0,0,0,0,0,0,0,0,0,0,0,0,0,0,0,0,0
"GGTTAGTTACGGCGCC-1_V11L05-333_A1",0.765784510988972,0.234215489011028,0,0,0,0,0,0,0,0,0,0,0,0,0,0,0,0,0,0,0
"GGTTCCACCCGCTTCT-1_V11L05-333_A1",0.49360311332616,0.281307548139421,0.22508933853442,0,0,0,0,0,0,0,0,0,0,0,0,0,0,0,0,0,0
"GGTTCCCTAGTGTCTC-1_V11L05-333_A1",0,0.241033528541572,0.1932302632729,0,0,0,0,0,0,0,0,0,0,0.321706112313864,0,0,0,0,0,0,0.244030095871664
"GGTTCCGTACGACTAA-1_V11L05-333_A1",0.1058742219954,0.289725016442241,0.304789851553866,0,0.299610910008493,0,0,0,0,0,0,0,0,0,0,0,0,0,0,0,0
"GGTTCGATGCTGAGTT-1_V11L05-333_A1",0,0.293153957988253,0,0,0,0,0,0,0,0,0,0,0,0.414876628965805,0,0,0,0,0,0,0.291969413045943
"GGTTCGCATTTGCCGT-1_V11L05-333_A1",0.780676648256332,0.219323351743668,0,0,0,0,0,0,0,0,0,0,0,0,0,0,0,0,0,0,0
"GGTTCGGATTATACTA-1_V11L05-333_A1",0.253052828976636,0.537821826737257,0,0,0,0,0,0,0,0,0,0,0,0,0,0,0,0,0,0,0.209125344286108
"GGTTCTACTCGTCTGA-1_V11L05-333_A1",0.742609868188246,0.257390131811754,0,0,0,0,0,0,0,0,0,0,0,0,0,0,0,0,0,0,0
"GGTTGTATCGTGAAAT-1_V11L05-333_A1",0.486508425568752,0.354971728072177,0.158519846359071,0,0,0,0,0,0,0,0,0,0,0,0,0,0,0,0,0,0
"GGTTGTGCTCTTGTCC-1_V11L05-333_A1",0.876623942794818,0.123376057205182,0,0,0,0,0,0,0,0,0,0,0,0,0,0,0,0,0,0,0
"GGTTGTGTAGCCTGGC-1_V11L05-333_A1",0.608143544374173,0.291635719627572,0.100220735998254,0,0,0,0,0,0,0,0,0,0,0,0,0,0,0,0,0,0
"GGTTTAATTACCATCG-1_V11L05-333_A1",0.0802224492132192,0.354317068429891,0.164676797709955,0,0,0,0,0,0,0,0,0,0,0,0,0,0,0,0,0.400783684646934,0
"GGTTTAATTGAGCAGG-1_V11L05-333_A1",0.255955160417012,0.248927020982958,0,0,0,0,0,0,0,0,0,0,0,0,0.434151358605297,0,0,0.0609664599947331,0,0,0
"GGTTTACAATCTCAAT-1_V11L05-333_A1",0.543458789023386,0.456541210976614,0,0,0,0,0,0,0,0,0,0,0,0,0,0,0,0,0,0,0
"GGTTTAGCCTTTCTTG-1_V11L05-333_A1",0.786590643181692,0.213409356818308,0,0,0,0,0,0,0,0,0,0,0,0,0,0,0,0,0,0,0
"GGTTTCAATCGGTCAG-1_V11L05-333_A1",0.601554240054752,0.398445759945248,0,0,0,0,0,0,0,0,0,0,0,0,0,0,0,0,0,0,0
"GGTTTGACAAGAAGCT-1_V11L05-333_A1",0.198732737179445,0.359798894787491,0,0,0,0,0,0,0,0,0,0,0,0,0,0.441468368033064,0,0,0,0,0
"GGTTTGAGTGCTGGAA-1_V11L05-333_A1",0.842813495953046,0.157186504046954,0,0,0,0,0,0,0,0,0,0,0,0,0,0,0,0,0,0,0
"GGTTTGCGAACACGTA-1_V11L05-333_A1",0.155654911465435,0.315209176543148,0.13709460435535,0,0,0,0,0,0,0,0,0,0,0.392041307636067,0,0,0,0,0,0,0
"GGTTTGTGACCTGAGG-1_V11L05-333_A1",0.608432282041731,0.391567717958269,0,0,0,0,0,0,0,0,0,0,0,0,0,0,0,0,0,0,0
"GTAACAACTGACCTTG-1_V11L05-333_A1",0,0.386702271119758,0.215288654998799,0,0,0,0,0,0,0,0,0,0,0,0.398009073881442,0,0,0,0,0,0
"GTAACAGGTTAACGGC-1_V11L05-333_A1",0,0.496080859635322,0,0,0.503919140364678,0,0,0,0,0,0,0,0,0,0,0,0,0,0,0,0
"GTAACATCAGCTCATC-1_V11L05-333_A1",0.0971117901428361,0.332990641366896,0,0,0,0,0,0,0,0,0,0,0,0.569897568490268,0,0,0,0,0,0,0
"GTAACATCTAAGATAA-1_V11L05-333_A1",0.643790819365486,0.356209180634514,0,0,0,0,0,0,0,0,0,0,0,0,0,0,0,0,0,0,0
"GTAACTACGTAGACCT-1_V11L05-333_A1",0.100310766979418,0.445677865211325,0,0,0.454011367809257,0,0,0,0,0,0,0,0,0,0,0,0,0,0,0,0
"GTAACTGCCCAAGGAG-1_V11L05-333_A1",0,0.359887493223885,0,0,0,0,0,0,0,0,0,0,0,0,0,0,0,0.133898873685779,0,0.280184279298066,0.22602935379227
"GTAACTTGCGGCAGTC-1_V11L05-333_A1",0.591522562739099,0.408477437260901,0,0,0,0,0,0,0,0,0,0,0,0,0,0,0,0,0,0,0
"GTAAGCGGGCAGTCAG-1_V11L05-333_A1",0.657845710442552,0.342154289557448,0,0,0,0,0,0,0,0,0,0,0,0,0,0,0,0,0,0,0
"GTAAGGATTTGTCGGA-1_V11L05-333_A1",0.619415799110602,0.380584200889398,0,0,0,0,0,0,0,0,0,0,0,0,0,0,0,0,0,0,0
"GTAAGTAACAGTCTGG-1_V11L05-333_A1",0.684623586311625,0.315376413688375,0,0,0,0,0,0,0,0,0,0,0,0,0,0,0,0,0,0,0
"GTAAGTAGGGTATACC-1_V11L05-333_A1",0.769376219619314,0.230623780380685,0,0,0,0,0,0,0,0,0,0,0,0,0,0,0,0,0,0,0
"GTAAGTCCACACTCTA-1_V11L05-333_A1",0.443406507551454,0.211297790001025,0,0,0,0,0,0,0,0,0,0,0,0.345295702447521,0,0,0,0,0,0,0
"GTAATAAAGGGCTCCC-1_V11L05-333_A1",0.597335925557278,0.279841402870976,0.122822671571746,0,0,0,0,0,0,0,0,0,0,0,0,0,0,0,0,0,0
"GTAATCTGATTCTTCG-1_V11L05-333_A1",0.227724532179173,0.173794366467588,0,0,0,0,0,0,0,0,0,0,0,0,0,0,0,0,0,0.598481101353239,0
"GTACACTTACCTGAAG-1_V11L05-333_A1",0.866967806047031,0.133032193952969,0,0,0,0,0,0,0,0,0,0,0,0,0,0,0,0,0,0,0
"GTACAGAGGCAAGGGT-1_V11L05-333_A1",0.622805434815876,0.241685097228508,0.135509467955616,0,0,0,0,0,0,0,0,0,0,0,0,0,0,0,0,0,0
"GTACGACGGCGCTGCG-1_V11L05-333_A1",0.389577959363232,0.610422040636768,0,0,0,0,0,0,0,0,0,0,0,0,0,0,0,0,0,0,0
"GTACGAGATTGCGACA-1_V11L05-333_A1",0.4687511041409,0.365174466370842,0.166074429488258,0,0,0,0,0,0,0,0,0,0,0,0,0,0,0,0,0,0
"GTACGCTTCATTGCAC-1_V11L05-333_A1",0.765695848918715,0.234304151081285,0,0,0,0,0,0,0,0,0,0,0,0,0,0,0,0,0,0,0
"GTACGTCACGTATTAA-1_V11L05-333_A1",0.284250680750596,0.432956249214363,0.28279307003504,0,0,0,0,0,0,0,0,0,0,0,0,0,0,0,0,0,0
"GTACGTTTGCCCGTCA-1_V11L05-333_A1",0.749632565201512,0.250367434798488,0,0,0,0,0,0,0,0,0,0,0,0,0,0,0,0,0,0,0
"GTACTAAGATTTGGAG-1_V11L05-333_A1",0.646626532073193,0.205377989199488,0.147995478727319,0,0,0,0,0,0,0,0,0,0,0,0,0,0,0,0,0,0
"GTACTACGGCCTCGTT-1_V11L05-333_A1",0.147252613154021,0.328506564464742,0.157887120052781,0,0,0,0,0,0,0,0,0,0,0,0.366353702328455,0,0,0,0,0,0
"GTACTCCCTTATCGCT-1_V11L05-333_A1",0.836887240289162,0.163112759710838,0,0,0,0,0,0,0,0,0,0,0,0,0,0,0,0,0,0,0
"GTACTCCTGGGTATGC-1_V11L05-333_A1",0.616756018327474,0.234681710801645,0.148562270870881,0,0,0,0,0,0,0,0,0,0,0,0,0,0,0,0,0,0
"GTACTGAGGTCGTAAC-1_V11L05-333_A1",0.502894901125587,0.228703108136988,0.268401990737425,0,0,0,0,0,0,0,0,0,0,0,0,0,0,0,0,0,0
"GTACTGCATGAAGCGT-1_V11L05-333_A1",0.672306669469137,0.327693330530863,0,0,0,0,0,0,0,0,0,0,0,0,0,0,0,0,0,0,0
"GTACTGGAGTTAGACC-1_V11L05-333_A1",0.5974005987053,0.283142696233371,0.11945670506133,0,0,0,0,0,0,0,0,0,0,0,0,0,0,0,0,0,0
"GTACTTGGGCACTTCT-1_V11L05-333_A1",0.775602114863152,0.224397885136848,0,0,0,0,0,0,0,0,0,0,0,0,0,0,0,0,0,0,0
"GTAGAAACGGGTGGAG-1_V11L05-333_A1",0.685969957000724,0.314030042999276,0,0,0,0,0,0,0,0,0,0,0,0,0,0,0,0,0,0,0
"GTAGACAACCGATGAA-1_V11L05-333_A1",0.592550571876259,0.259587497465807,0.147861930657934,0,0,0,0,0,0,0,0,0,0,0,0,0,0,0,0,0,0
"GTAGACACGCCTGACT-1_V11L05-333_A1",0.0951325336452265,0.362062839637805,0.164542106440345,0,0,0,0,0,0,0,0,0,0,0,0,0,0,0,0,0.378262520276623,0
"GTAGACGTCGTTACAT-1_V11L05-333_A1",0.678296744097024,0.321703255902976,0,0,0,0,0,0,0,0,0,0,0,0,0,0,0,0,0,0,0
"GTAGAGGGAGACAAGT-1_V11L05-333_A1",0.305224020434581,0.207406154286397,0.0973881546270286,0,0,0,0,0,0,0,0,0,0,0,0,0,0,0,0,0.281012726966379,0.108968943685613
"GTAGCCAAACATGGGA-1_V11L05-333_A1",0.833238773320762,0.166761226679238,0,0,0,0,0,0,0,0,0,0,0,0,0,0,0,0,0,0,0
"GTAGCGCTGTTGTAGT-1_V11L05-333_A1",0.744340453360344,0.255659546639656,0,0,0,0,0,0,0,0,0,0,0,0,0,0,0,0,0,0,0
"GTAGCGGCTATACACT-1_V11L05-333_A1",0.875492657535876,0.124507342464125,0,0,0,0,0,0,0,0,0,0,0,0,0,0,0,0,0,0,0
"GTAGCTAGTAAGCGCG-1_V11L05-333_A1",0.276531552823078,0.19645410855114,0.123316513924776,0,0,0,0,0,0,0,0,0,0,0.403697824701006,0,0,0,0,0,0,0
"GTAGCTCCGGGAGGCT-1_V11L05-333_A1",0,0.51339309666248,0,0,0,0,0,0,0,0,0,0,0.48660690333752,0,0,0,0,0,0,0,0
"GTAGCTTCCTCTTGTT-1_V11L05-333_A1",0.718483719018413,0.281516280981587,0,0,0,0,0,0,0,0,0,0,0,0,0,0,0,0,0,0,0
"GTAGGTGATCCGTGTA-1_V11L05-333_A1",0.21171194941626,0.130064563452831,0.0972832006005003,0,0,0,0,0,0,0,0,0,0,0,0,0.560940286530409,0,0,0,0,0
"GTAGTCGCGGGAATCA-1_V11L05-333_A1",0.679210527297897,0.211867945426789,0.108921527275314,0,0,0,0,0,0,0,0,0,0,0,0,0,0,0,0,0,0
"GTAGTCTACGATATTG-1_V11L05-333_A1",0.309229161735972,0.492331850157999,0,0,0,0,0,0,0,0,0,0,0,0,0,0,0,0,0,0.198438988106029,0
"GTAGTGAGCAACCTCA-1_V11L05-333_A1",0.443521168131777,0.343311232338392,0.213167599529832,0,0,0,0,0,0,0,0,0,0,0,0,0,0,0,0,0,0
"GTAGTTAGACAATATA-1_V11L05-333_A1",0.0971185019721293,0.258512839400577,0,0,0,0,0,0,0,0,0,0,0.360847522392069,0,0,0,0,0,0,0,0.283521136235225
"GTAGTTCGAAGGCGAA-1_V11L05-333_A1",0.0300191515982785,0.163511594028275,0,0,0,0,0,0,0,0,0,0,0,0.395442565278519,0,0,0,0,0.272801820158758,0,0.13822486893617
"GTAGTTTAAGCACACG-1_V11L05-333_A1",0.185798046171862,0.451371447749276,0,0,0,0,0,0,0,0,0,0.362830506078862,0,0,0,0,0,0,0,0,0
"GTATAATCTCCCGGAT-1_V11L05-333_A1",0.77675167100667,0.22324832899333,0,0,0,0,0,0,0,0,0,0,0,0,0,0,0,0,0,0,0
"GTATAGGACTCAGTAG-1_V11L05-333_A1",0.580508722963264,0.419491277036736,0,0,0,0,0,0,0,0,0,0,0,0,0,0,0,0,0,0,0
"GTATAGTGGCCCATGT-1_V11L05-333_A1",0.469849081784656,0.369853523971432,0.160297394243913,0,0,0,0,0,0,0,0,0,0,0,0,0,0,0,0,0,0
"GTATATGTTACGGCGG-1_V11L05-333_A1",0.609339437912012,0.390660562087988,0,0,0,0,0,0,0,0,0,0,0,0,0,0,0,0,0,0,0
"GTATCAAACGTTAGCT-1_V11L05-333_A1",0.758917383756191,0.241082616243809,0,0,0,0,0,0,0,0,0,0,0,0,0,0,0,0,0,0,0
"GTATCAAGGTACTTCC-1_V11L05-333_A1",0.0694251550903157,0.168500421320239,0,0,0,0,0,0,0,0,0,0,0.564826525824792,0,0,0,0,0,0,0,0.197247897764653
"GTATCAGCTTGGGTTC-1_V11L05-333_A1",0.703909613441183,0.296090386558817,0,0,0,0,0,0,0,0,0,0,0,0,0,0,0,0,0,0,0
"GTATCCTTTGGTAACC-1_V11L05-333_A1",0.832483558834126,0.167516441165874,0,0,0,0,0,0,0,0,0,0,0,0,0,0,0,0,0,0,0
"GTATCGGGACGAGCTG-1_V11L05-333_A1",0.446621262853324,0.181838605812176,0,0,0,0,0,0,0,0,0,0,0,0,0,0,0,0,0,0.3715401313345,0
"GTATCTCAGTCTTGAC-1_V11L05-333_A1",0,0.319045821489047,0,0,0,0,0,0,0,0,0,0,0,0.319669400193696,0,0,0,0,0,0,0.361284778317257
"GTATCTCCCTAACTGT-1_V11L05-333_A1",0.511970727597461,0.488029272402539,0,0,0,0,0,0,0,0,0,0,0,0,0,0,0,0,0,0,0
"GTATCTCGGGCGCTTT-1_V11L05-333_A1",0,0.42069800165449,0.259584699373992,0,0.319717298971518,0,0,0,0,0,0,0,0,0,0,0,0,0,0,0,0
"GTATCTTGTTGCTCAC-1_V11L05-333_A1",0.355743167104665,0.413508444355951,0.230748388539384,0,0,0,0,0,0,0,0,0,0,0,0,0,0,0,0,0,0
"GTATCTTTCATAACCA-1_V11L05-333_A1",0.818543377715378,0.181456622284622,0,0,0,0,0,0,0,0,0,0,0,0,0,0,0,0,0,0,0
"GTATGAAATTTCACTC-1_V11L05-333_A1",0,0.207137859957767,0.190904552583359,0,0,0,0,0,0,0,0,0,0,0.180422266991244,0,0,0,0,0,0.263869498997264,0.157665821470366
"GTATGACGTGGGAAAC-1_V11L05-333_A1",0.559507307422856,0.278474441495928,0.162018251081216,0,0,0,0,0,0,0,0,0,0,0,0,0,0,0,0,0,0
"GTATGTGGGTCTAGTT-1_V11L05-333_A1",0.606101234042577,0.150401494890691,0,0,0,0,0,0,0,0,0,0,0,0.243497271066732,0,0,0,0,0,0,0
"GTATTAAGGCGTCTAA-1_V11L05-333_A1",0.583232810324937,0.416767189675063,0,0,0,0,0,0,0,0,0,0,0,0,0,0,0,0,0,0,0
"GTATTAGGGTTCGCGT-1_V11L05-333_A1",0,0.21971339228623,0.175466079786292,0,0,0,0,0,0,0,0,0,0,0.604820527927479,0,0,0,0,0,0,0
"GTATTCTGAGAAACGA-1_V11L05-333_A1",0.151772908529699,0.216212073276045,0,0,0,0,0,0,0,0,0,0,0,0,0,0,0,0,0,0.632015018194256,0
"GTATTCTTACCGTGCT-1_V11L05-333_A1",0.684495462346306,0.315504537653694,0,0,0,0,0,0,0,0,0,0,0,0,0,0,0,0,0,0,0
"GTATTTAATGGCATAA-1_V11L05-333_A1",0.479697334444862,0.520302665555138,0,0,0,0,0,0,0,0,0,0,0,0,0,0,0,0,0,0,0
"GTCAAAGAAGTGGTGT-1_V11L05-333_A1",0.152977295079083,0.304602809881191,0,0,0,0,0,0,0,0,0,0,0,0.0797583998569219,0,0,0,0,0,0.235725317485365,0.22693617769744
"GTCAAAGTTTACATAG-1_V11L05-333_A1",0.613818822775059,0.386181177224941,0,0,0,0,0,0,0,0,0,0,0,0,0,0,0,0,0,0,0
"GTCAACCAGGCCTATA-1_V11L05-333_A1",0,0,0,0,0,0,0,0,0,0,0,0,0,0,0,0,0,0,0,0,0
"GTCAAGCGGACTCGGG-1_V11L05-333_A1",0.480819976379176,0.519180023620824,0,0,0,0,0,0,0,0,0,0,0,0,0,0,0,0,0,0,0
"GTCAATGCTATAATTT-1_V11L05-333_A1",0.39796665587236,0.319360654238977,0.111292256096768,0,0,0,0,0,0,0,0,0,0,0,0,0.171380433791896,0,0,0,0,0
"GTCAATTGTACTGAAG-1_V11L05-333_A1",0.644829204554335,0.355170795445665,0,0,0,0,0,0,0,0,0,0,0,0,0,0,0,0,0,0,0
"GTCACAAAGTTTCCAA-1_V11L05-333_A1",0.617341358777513,0.270345686867413,0.112312954355074,0,0,0,0,0,0,0,0,0,0,0,0,0,0,0,0,0,0
"GTCACCTGTCTATGTC-1_V11L05-333_A1",0.656086603236697,0.343913396763303,0,0,0,0,0,0,0,0,0,0,0,0,0,0,0,0,0,0,0
"GTCACTCATGAGCGAT-1_V11L05-333_A1",0.105525854900435,0.339745890060745,0,0,0,0,0,0,0.331174051680417,0,0,0,0,0,0,0,0,0,0,0,0.223554203358402
"GTCACTCTCCAAATCT-1_V11L05-333_A1",0.652141725327911,0.347858274672089,0,0,0,0,0,0,0,0,0,0,0,0,0,0,0,0,0,0,0
"GTCAGAATAGTCTATG-1_V11L05-333_A1",0.681841389946517,0.194158609384977,0.124000000668506,0,0,0,0,0,0,0,0,0,0,0,0,0,0,0,0,0,0
"GTCAGACAGCGTTGGA-1_V11L05-333_A1",0.751795465136077,0.248204534863923,0,0,0,0,0,0,0,0,0,0,0,0,0,0,0,0,0,0,0
"GTCAGTTGTGCTCGTT-1_V11L05-333_A1",0.396365572374398,0.249885672899015,0.353748754726587,0,0,0,0,0,0,0,0,0,0,0,0,0,0,0,0,0,0
"GTCAGTTTGGTAGTCG-1_V11L05-333_A1",0.598654912175349,0.401345087824651,0,0,0,0,0,0,0,0,0,0,0,0,0,0,0,0,0,0,0
"GTCATCCCAAACTCAC-1_V11L05-333_A1",0.27731038242262,0.508031380507914,0.214658237069466,0,0,0,0,0,0,0,0,0,0,0,0,0,0,0,0,0,0
"GTCATCTCCTACAGCT-1_V11L05-333_A1",0.667928828601789,0.332071171398211,0,0,0,0,0,0,0,0,0,0,0,0,0,0,0,0,0,0,0
"GTCATGCACCTCCGTT-1_V11L05-333_A1",0.603296130112473,0.265653351218867,0.13105051866866,0,0,0,0,0,0,0,0,0,0,0,0,0,0,0,0,0,0
"GTCATGCGCGAGGGCT-1_V11L05-333_A1",0.523718387248588,0.476281612751412,0,0,0,0,0,0,0,0,0,0,0,0,0,0,0,0,0,0,0
"GTCATGGACATGACTA-1_V11L05-333_A1",0.742388415042159,0.170632036305082,0.0869795486527593,0,0,0,0,0,0,0,0,0,0,0,0,0,0,0,0,0,0
"GTCATTAGAGCGAACG-1_V11L05-333_A1",0.81448304778851,0.18551695221149,0,0,0,0,0,0,0,0,0,0,0,0,0,0,0,0,0,0,0
"GTCATTGCATTGACCC-1_V11L05-333_A1",0.670758670055465,0.21435730954473,0.114884020399805,0,0,0,0,0,0,0,0,0,0,0,0,0,0,0,0,0,0
"GTCCAATATTTAGCCT-1_V11L05-333_A1",0,0.195329640878926,0,0,0,0,0,0,0,0,0,0,0.804670359121074,0,0,0,0,0,0,0,0
"GTCCACGTCGCATTCG-1_V11L05-333_A1",0.599434567422664,0.400565432577336,0,0,0,0,0,0,0,0,0,0,0,0,0,0,0,0,0,0,0
"GTCCAGGCACGTGTGC-1_V11L05-333_A1",0,0.0818663122685542,0,0.421500804042282,0,0,0,0,0,0,0,0,0,0,0.392424053745308,0,0,0,0,0,0.104208829943856
"GTCCATTACTGCTACG-1_V11L05-333_A1",0.407301653469584,0.592698346530416,0,0,0,0,0,0,0,0,0,0,0,0,0,0,0,0,0,0,0
"GTCCCAACGTAAAGTA-1_V11L05-333_A1",0.660545324158816,0.339454675841184,0,0,0,0,0,0,0,0,0,0,0,0,0,0,0,0,0,0,0
"GTCCCAATCATCCCGC-1_V11L05-333_A1",0,0.106454087719889,0,0,0,0,0,0,0,0,0,0,0,0,0,0,0,0,0,0.893545912280111,0
"GTCCCGCGACGTTATG-1_V11L05-333_A1",0.805583678484534,0.194416321515466,0,0,0,0,0,0,0,0,0,0,0,0,0,0,0,0,0,0,0
"GTCCGAGAGCAATCAT-1_V11L05-333_A1",0.286613306919713,0.165381420372681,0,0,0,0,0,0,0,0,0,0,0,0.243359837902855,0,0.304645434804752,0,0,0,0,0
"GTCCGGACCTGAAATT-1_V11L05-333_A1",0.648226613594034,0.351773386405966,0,0,0,0,0,0,0,0,0,0,0,0,0,0,0,0,0,0,0
"GTCCGGCTGAATTGCG-1_V11L05-333_A1",0.534213206042683,0.255586017161826,0.210200776795492,0,0,0,0,0,0,0,0,0,0,0,0,0,0,0,0,0,0
"GTCCGGGTTCACATTA-1_V11L05-333_A1",0.0696875240212535,0.301287828544273,0,0,0,0,0,0,0,0,0.386834358809476,0,0,0,0,0,0,0,0,0,0.242190288624997
"GTCCGTTAGAGGGCCT-1_V11L05-333_A1",0.107652327697875,0.277007601292915,0,0,0,0,0,0,0,0,0,0,0,0.36366405898136,0,0,0,0,0,0,0.25167601202785
"GTCCTACAGGCGGCTC-1_V11L05-333_A1",0.628650745328439,0.223686687266846,0,0,0,0,0,0,0,0,0,0,0,0,0,0,0.147662567404715,0,0,0,0
"GTCCTACGAATAGTCT-1_V11L05-333_A1",0.539790836838923,0.239021689407476,0.110447767770152,0,0,0,0,0,0,0,0,0,0,0,0,0,0.110739705983449,0,0,0,0
"GTCCTACTCTACGGGC-1_V11L05-333_A1",0.241589950879664,0.372945745772853,0,0,0,0,0,0,0,0,0,0,0,0,0,0,0,0,0,0.167408111294381,0.218056192053102
"GTCCTAGGATACCTTA-1_V11L05-333_A1",0,0.351662284084827,0,0,0,0,0,0,0,0,0,0,0,0.406852389435573,0,0,0,0,0,0,0.2414853264796
"GTCCTATTGTTGTGGT-1_V11L05-333_A1",0.430926762841614,0.182535843032729,0.0878861489948863,0,0,0,0,0,0,0,0,0,0,0,0,0,0,0,0,0.298651245130771,0
"GTCCTTCTACAACCCA-1_V11L05-333_A1",0.561155230187169,0.438844769812831,0,0,0,0,0,0,0,0,0,0,0,0,0,0,0,0,0,0,0
"GTCCTTCTAGTGGGTT-1_V11L05-333_A1",0.428518853123868,0.377047458200726,0.194433688675406,0,0,0,0,0,0,0,0,0,0,0,0,0,0,0,0,0,0
"GTCCTTTAATGACTTC-1_V11L05-333_A1",0.487682928269539,0.287550676913066,0,0,0,0,0,0,0,0,0,0,0.224766394817394,0,0,0,0,0,0,0,0
"GTCGAATTTGGGCGCT-1_V11L05-333_A1",0,0.474798042694676,0,0,0,0,0,0,0,0,0,0,0,0,0,0,0,0,0,0,0.525201957305323
"GTCGATAGGTGACTTT-1_V11L05-333_A1",0.568815291967447,0.431184708032553,0,0,0,0,0,0,0,0,0,0,0,0,0,0,0,0,0,0,0
"GTCGCCGTTGTGTGTT-1_V11L05-333_A1",0.104207778171105,0.354325684692284,0,0,0,0,0,0,0,0,0,0,0,0,0,0,0,0,0,0.293772463656348,0.247694073480263
"GTCGCGTAACCCGTTG-1_V11L05-333_A1",0.798074155193204,0.201925844806796,0,0,0,0,0,0,0,0,0,0,0,0,0,0,0,0,0,0,0
"GTCGGAAGGATACCAG-1_V11L05-333_A1",0.119871197962462,0.245443452630864,0.106879360953806,0,0,0,0,0,0.0378921644440114,0,0,0,0,0,0,0.489913824008857,0,0,0,0,0
"GTCGGATATCTCAGAC-1_V11L05-333_A1",0.608033258331655,0.284209259058226,0.107757482610119,0,0,0,0,0,0,0,0,0,0,0,0,0,0,0,0,0,0
"GTCGGATGTAGCGCGC-1_V11L05-333_A1",0.417024180723175,0.237192097138741,0,0,0,0,0,0,0,0,0,0,0,0,0,0.345783722138083,0,0,0,0,0
"GTCGGGAACATGGTAG-1_V11L05-333_A1",0.152764162822621,0.360890076304724,0,0,0,0,0,0,0,0,0,0,0,0,0,0,0,0,0,0.277991411438315,0.208354349434341
"GTCGGGAAGCAGAAAC-1_V11L05-333_A1",0.261911918496975,0.401467830620972,0.12762013722103,0,0,0,0,0,0,0,0,0,0,0,0,0,0,0,0,0.209000113661023,0
"GTCGGGTGAAGTACCG-1_V11L05-333_A1",0.776749229016739,0.223250770983261,0,0,0,0,0,0,0,0,0,0,0,0,0,0,0,0,0,0,0
"GTCGTACCATCTCGGG-1_V11L05-333_A1",0.845837280932127,0.154162719067873,0,0,0,0,0,0,0,0,0,0,0,0,0,0,0,0,0,0,0
"GTCGTACCTACGATTG-1_V11L05-333_A1",0.231365969135769,0.386318509778028,0,0,0,0,0,0,0,0,0,0,0,0,0,0,0,0,0,0.382315521086203,0
"GTCGTATTGGCGTACA-1_V11L05-333_A1",0.173884187158602,0.169797118290768,0,0,0,0,0,0,0,0,0,0,0,0,0,0.65631869455063,0,0,0,0,0
"GTCGTCAATTATAAGG-1_V11L05-333_A1",0.738028992744799,0.261971007255201,0,0,0,0,0,0,0,0,0,0,0,0,0,0,0,0,0,0,0
"GTCGTCTGGTTGGCTA-1_V11L05-333_A1",0.462442448254241,0.264691421687822,0,0,0,0,0,0,0,0,0,0,0,0,0,0.272866130057937,0,0,0,0,0
"GTCGTGTCTGGTCATC-1_V11L05-333_A1",0,0,0,0,0,0,0,0,0,0,0,0,0,0,0,0,0,0,0,0,0
"GTCGTTATTCGCTTAT-1_V11L05-333_A1",0.62611490782411,0.37388509217589,0,0,0,0,0,0,0,0,0,0,0,0,0,0,0,0,0,0,0
"GTCTAAGATGCCCAGC-1_V11L05-333_A1",0,0.276648199568729,0.104532044038292,0,0,0,0,0,0,0,0,0,0.374370895297637,0,0,0,0,0,0,0,0.244448861095342
"GTCTACTCAATTACAA-1_V11L05-333_A1",0.294198901866563,0.284719375300747,0.181512258871883,0,0,0,0,0,0,0,0,0,0,0,0,0,0,0,0,0.239569463960807,0
"GTCTAGTGAGCCGCTT-1_V11L05-333_A1",0.775183463832176,0.224816536167824,0,0,0,0,0,0,0,0,0,0,0,0,0,0,0,0,0,0,0
"GTCTATACACGCATGG-1_V11L05-333_A1",0,0.144115281512994,0,0.444429355812898,0,0,0,0,0,0,0,0,0,0.411455362674108,0,0,0,0,0,0,0
"GTCTATCTGAGTTTCT-1_V11L05-333_A1",0.622637305605804,0.125943747367484,0,0,0,0,0,0,0,0,0,0,0,0.251418947026712,0,0,0,0,0,0,0
"GTCTATTGCATGCTCG-1_V11L05-333_A1",0.869673871308783,0.130326128691217,0,0,0,0,0,0,0,0,0,0,0,0,0,0,0,0,0,0,0
"GTCTATTGGTTCCGGT-1_V11L05-333_A1",0.870427415100158,0.129572584899842,0,0,0,0,0,0,0,0,0,0,0,0,0,0,0,0,0,0,0
"GTCTCAAGGCCCGGCT-1_V11L05-333_A1",0.135631152733523,0.350235128920163,0.113480113592453,0,0,0,0,0,0,0,0,0,0,0.400653604753861,0,0,0,0,0,0,0
"GTCTCCCGAGTCCCGT-1_V11L05-333_A1",0.714224274604892,0.285775725395108,0,0,0,0,0,0,0,0,0,0,0,0,0,0,0,0,0,0,0
"GTCTCCGCCTCAATAC-1_V11L05-333_A1",0,0.133712586690865,0,0.452348912782225,0,0,0,0,0,0,0,0,0.29503149854122,0,0,0,0,0,0,0,0.11890700198569
"GTCTCCTGCCAGTATG-1_V11L05-333_A1",0.0918394347464091,0.254926385927704,0,0,0,0,0,0,0,0,0,0,0,0.356439404893418,0,0,0,0,0,0,0.296794774432469
"GTCTCGACTAAGTTTG-1_V11L05-333_A1",0.601955631124108,0.398044368875892,0,0,0,0,0,0,0,0,0,0,0,0,0,0,0,0,0,0,0
"GTCTCGATCTGCTTTC-1_V11L05-333_A1",0.466809222672888,0.342685675735839,0.190505101591273,0,0,0,0,0,0,0,0,0,0,0,0,0,0,0,0,0,0
"GTCTCGCCAACACGCC-1_V11L05-333_A1",0.411275712215721,0.177041507544825,0.179114051292147,0,0,0,0,0,0,0,0,0,0,0.232568728947307,0,0,0,0,0,0,0
"GTCTGCCGACTCGACG-1_V11L05-333_A1",0.0737189653758,0.304088260662067,0,0,0,0,0,0,0,0,0.622192773962132,0,0,0,0,0,0,0,0,0,0
"GTCTGGGCGGTCGAGA-1_V11L05-333_A1",0.110939326840205,0.265775236772376,0.143955255506064,0,0,0,0,0,0,0,0,0,0,0,0,0,0,0,0,0.479330180881354,0
"GTCTGTAGGTTGAACA-1_V11L05-333_A1",0.0880063269590868,0.105615467017025,0,0,0,0,0,0,0,0,0,0,0,0,0.806378206023888,0,0,0,0,0,0
"GTCTTACCACGCCAAG-1_V11L05-333_A1",0.79967123445787,0.20032876554213,0,0,0,0,0,0,0,0,0,0,0,0,0,0,0,0,0,0,0
"GTCTTAGTACAGCCGG-1_V11L05-333_A1",0.136192859709617,0.0845113975984268,0.0964457348719056,0,0,0,0,0,0,0,0,0,0,0,0,0.682850007820051,0,0,0,0,0
"GTCTTCCTCACCTAAG-1_V11L05-333_A1",0.44347415776728,0.370649089063033,0.185876753169687,0,0,0,0,0,0,0,0,0,0,0,0,0,0,0,0,0,0
"GTCTTGAGGAGCAGTG-1_V11L05-333_A1",0.436513154160628,0.172875108767459,0.238021791337853,0,0,0,0,0,0,0,0,0,0,0,0,0.15258994573406,0,0,0,0,0
"GTCTTGTAGCTATTCA-1_V11L05-333_A1",0.6598658829726,0.3401341170274,0,0,0,0,0,0,0,0,0,0,0,0,0,0,0,0,0,0,0
"GTGAAACGGCGCCACC-1_V11L05-333_A1",0.234776537891531,0.183230199946741,0,0,0,0,0,0,0,0,0,0,0,0.140690940287872,0,0.441302321873856,0,0,0,0,0
"GTGAAACGTGCTCCAC-1_V11L05-333_A1",0.580902573664165,0.419097426335835,0,0,0,0,0,0,0,0,0,0,0,0,0,0,0,0,0,0,0
"GTGAACTCCCATTCGA-1_V11L05-333_A1",0.622351324723168,0.170301455912827,0,0,0,0,0,0,0,0.207347219364006,0,0,0,0,0,0,0,0,0,0,0
"GTGAAGATTTCAAGTG-1_V11L05-333_A1",0.763521119228567,0.236478880771433,0,0,0,0,0,0,0,0,0,0,0,0,0,0,0,0,0,0,0
"GTGAAGCCGTATAGTC-1_V11L05-333_A1",0.446558813096537,0.278866897377582,0,0,0,0,0,0,0,0,0,0,0,0,0,0.274574289525881,0,0,0,0,0
"GTGAAGTCACGACTCG-1_V11L05-333_A1",0.0461428155789601,0.114529101554108,0,0,0,0,0,0,0,0,0,0,0,0,0,0,0,0,0.649958328817543,0,0.189369754049388
"GTGACAGCTTCCCACT-1_V11L05-333_A1",0.273826528770265,0.431417315528032,0,0,0,0,0,0,0,0,0,0,0,0,0,0,0,0,0,0,0.294756155701703
"GTGACCGCACACTACG-1_V11L05-333_A1",0.750570233319403,0.249429766680597,0,0,0,0,0,0,0,0,0,0,0,0,0,0,0,0,0,0,0
"GTGACCTAAAGAATAA-1_V11L05-333_A1",0.618545378141915,0.253299742121594,0.128154879736491,0,0,0,0,0,0,0,0,0,0,0,0,0,0,0,0,0,0
"GTGACGAGGGTGACCC-1_V11L05-333_A1",0.539380514466381,0.184763426186084,0,0,0,0,0,0,0,0,0,0,0,0.275856059347534,0,0,0,0,0,0,0
"GTGACGCAGGTTTCAT-1_V11L05-333_A1",0.141158521934234,0.453616971995958,0.125422638923793,0,0,0,0,0,0,0,0,0,0,0,0,0,0,0,0,0,0.279801867146014
"GTGACTTCAGTAGTGC-1_V11L05-333_A1",0.77428581185599,0.22571418814401,0,0,0,0,0,0,0,0,0,0,0,0,0,0,0,0,0,0,0
"GTGAGATAACCTTATA-1_V11L05-333_A1",0.208022300131485,0.278413530577978,0,0,0,0,0,0,0,0,0,0,0.513564169290538,0,0,0,0,0,0,0,0
"GTGAGCGTGCTGCACT-1_V11L05-333_A1",0.706789971741242,0.293210028258758,0,0,0,0,0,0,0,0,0,0,0,0,0,0,0,0,0,0,0
"GTGAGGACACTTAAGG-1_V11L05-333_A1",0.836906708514459,0.16309329148554,0,0,0,0,0,0,0,0,0,0,0,0,0,0,0,0,0,0,0
"GTGAGGAGCGGTTGAG-1_V11L05-333_A1",0.588418642802282,0.204399774732032,0,0,0,0,0,0,0,0,0,0,0,0,0,0.207181582465687,0,0,0,0,0
"GTGAGTCGACTAATAG-1_V11L05-333_A1",0.810352525050297,0.189647474949703,0,0,0,0,0,0,0,0,0,0,0,0,0,0,0,0,0,0,0
"GTGAGTCTAAGACGGA-1_V11L05-333_A1",0.799317515563127,0.200682484436873,0,0,0,0,0,0,0,0,0,0,0,0,0,0,0,0,0,0,0
"GTGAGTGGTACAACGC-1_V11L05-333_A1",0.242937761424366,0.560493237205616,0,0,0,0,0,0,0,0,0,0,0,0,0,0,0,0,0,0,0.196569001370018
"GTGATCAAGCGTGCAC-1_V11L05-333_A1",0,0.221711284434225,0,0,0,0,0,0,0,0,0,0,0.636502331841784,0,0,0,0,0,0,0,0.141786383723991
"GTGATCACTAACGCCT-1_V11L05-333_A1",0.723665436051009,0.276334563948991,0,0,0,0,0,0,0,0,0,0,0,0,0,0,0,0,0,0,0
"GTGATCATAGATCTGC-1_V11L05-333_A1",0.769018788158332,0.230981211841668,0,0,0,0,0,0,0,0,0,0,0,0,0,0,0,0,0,0,0
"GTGATCCTTGTCATGA-1_V11L05-333_A1",0.791113880507029,0.208886119492971,0,0,0,0,0,0,0,0,0,0,0,0,0,0,0,0,0,0,0
"GTGATGCACAACATCT-1_V11L05-333_A1",0.422895111350303,0.258264255732547,0,0,0,0,0,0,0,0,0,0,0,0,0,0.31884063291715,0,0,0,0,0
"GTGATTCGCCGCTCAA-1_V11L05-333_A1",0.0623050621031082,0.34165958948341,0.152935418680992,0,0,0,0,0,0,0,0,0,0,0,0,0,0,0,0,0.256974030420069,0.186125899312421
"GTGCAAATCACCAATA-1_V11L05-333_A1",0.645522442195077,0.354477557804923,0,0,0,0,0,0,0,0,0,0,0,0,0,0,0,0,0,0,0
"GTGCAACAAATGTGGC-1_V11L05-333_A1",0.63859474724116,0.36140525275884,0,0,0,0,0,0,0,0,0,0,0,0,0,0,0,0,0,0,0
"GTGCACCAGCTTCAAC-1_V11L05-333_A1",0.081762158838871,0.265751137913586,0.0990401363270873,0,0,0,0,0,0,0,0,0,0,0.269578982275521,0,0,0,0,0,0,0.283867584644935
"GTGCACGAAAGTGACT-1_V11L05-333_A1",0.79640551799369,0.20359448200631,0,0,0,0,0,0,0,0,0,0,0,0,0,0,0,0,0,0,0
"GTGCAGCGTAGAGTAG-1_V11L05-333_A1",0.415438032365968,0.37701874134684,0.207543226287192,0,0,0,0,0,0,0,0,0,0,0,0,0,0,0,0,0,0
"GTGCCAAACGTTTCGA-1_V11L05-333_A1",0.235434307368104,0.541927012614027,0,0,0,0,0,0,0,0,0,0,0.222638680017869,0,0,0,0,0,0,0,0
"GTGCCATCACACGGTG-1_V11L05-333_A1",0.424550200120288,0.381218962118661,0,0,0,0,0,0,0,0,0,0,0,0,0,0.194230837761051,0,0,0,0,0
"GTGCCCGTTCGGATTC-1_V11L05-333_A1",0.81308187639978,0.18691812360022,0,0,0,0,0,0,0,0,0,0,0,0,0,0,0,0,0,0,0
"GTGCCGCTTCAAAGGT-1_V11L05-333_A1",0.208042825294855,0.227386362790809,0,0,0,0,0,0,0,0,0,0,0,0.212396660608173,0,0.352174151306163,0,0,0,0,0
"GTGCCTAGCTATGCTT-1_V11L05-333_A1",0.670164186964014,0.329835813035986,0,0,0,0,0,0,0,0,0,0,0,0,0,0,0,0,0,0,0
"GTGCCTCAGTGTACGG-1_V11L05-333_A1",0.450846599605096,0.206660574756584,0.163024011381709,0,0,0,0,0,0,0,0,0,0,0,0,0.179468814256611,0,0,0,0,0
"GTGCCTGAGACCAAAC-1_V11L05-333_A1",0.541482702471902,0.458517297528098,0,0,0,0,0,0,0,0,0,0,0,0,0,0,0,0,0,0,0
"GTGCGAAATCGAACAC-1_V11L05-333_A1",0.409419928030902,0.322549128231421,0,0,0,0,0,0,0,0,0,0,0,0,0,0,0,0,0,0.268030943737677,0
"GTGCGACAGGGAGTGT-1_V11L05-333_A1",0.5110058683049,0.246468857805042,0.242525273890057,0,0,0,0,0,0,0,0,0,0,0,0,0,0,0,0,0,0
"GTGCGCAGCTTGCTCC-1_V11L05-333_A1",0.66872626539835,0.33127373460165,0,0,0,0,0,0,0,0,0,0,0,0,0,0,0,0,0,0,0
"GTGCGCTTACAAATGA-1_V11L05-333_A1",0.666002731697075,0.333997268302925,0,0,0,0,0,0,0,0,0,0,0,0,0,0,0,0,0,0,0
"GTGCGGGACCATCGGC-1_V11L05-333_A1",0.545575051737986,0.454424948262014,0,0,0,0,0,0,0,0,0,0,0,0,0,0,0,0,0,0,0
"GTGCGGGTCTCCAAAT-1_V11L05-333_A1",0.30027973591528,0.543636337763536,0.156083926321183,0,0,0,0,0,0,0,0,0,0,0,0,0,0,0,0,0,0
"GTGCGTGTATATGAGC-1_V11L05-333_A1",0.694325488320328,0.194635667007742,0.11103884467193,0,0,0,0,0,0,0,0,0,0,0,0,0,0,0,0,0,0
"GTGCTATCCAGCTGGA-1_V11L05-333_A1",0,0.177151699714479,0.107261074980021,0,0.49554326807374,0,0,0,0,0,0,0,0,0,0,0,0,0,0,0,0.220043957231761
"GTGCTCAAGTACTGTC-1_V11L05-333_A1",0.646997238619242,0.239090848351092,0.113911913029666,0,0,0,0,0,0,0,0,0,0,0,0,0,0,0,0,0,0
"GTGCTGCAGATAAGGA-1_V11L05-333_A1",0.246064540943868,0.355989560563448,0,0,0,0,0,0,0,0,0,0,0,0,0,0.397945898492684,0,0,0,0,0
"GTGCTGTTAGAACATA-1_V11L05-333_A1",0.104835667058419,0.353591790180319,0,0,0.295508118571895,0,0,0,0,0,0,0,0,0,0,0,0,0,0,0,0.246064424189366
"GTGCTTACATCAGCGC-1_V11L05-333_A1",0.830380624424946,0.169619375575054,0,0,0,0,0,0,0,0,0,0,0,0,0,0,0,0,0,0,0
"GTGGAACCTACATGCG-1_V11L05-333_A1",0.538650757378751,0.309273638584883,0,0,0,0,0,0,0,0,0,0,0,0,0,0,0,0.152075604036366,0,0,0
"GTGGACCAACCCGATT-1_V11L05-333_A1",0.16225322819683,0.309724956070179,0,0,0,0,0,0,0,0,0.204668473236436,0,0,0,0,0,0,0,0,0.323353342496555,0
"GTGGACGCATTTGTCC-1_V11L05-333_A1",0.346984047152561,0.472204498547186,0,0,0,0,0,0,0,0,0,0,0,0,0,0,0,0,0,0,0.180811454300253
"GTGGACGTGCTGAGAC-1_V11L05-333_A1",0.582996443986475,0.417003556013525,0,0,0,0,0,0,0,0,0,0,0,0,0,0,0,0,0,0,0
"GTGGAGCATGTCGGCC-1_V11L05-333_A1",0.222889458665703,0.238784693509322,0,0,0,0,0,0,0,0,0.538325847824975,0,0,0,0,0,0,0,0,0,0
"GTGGAGCGTTTACCGA-1_V11L05-333_A1",0.15451844436165,0.294843816697298,0.144334408579176,0,0,0,0,0,0,0,0,0,0,0,0.206811218977455,0,0,0,0,0,0.199492111384422
"GTGGAGTCGGCGGTTG-1_V11L05-333_A1",0.10428397744366,0.140481430367889,0,0,0,0,0,0,0,0,0,0,0,0,0,0,0,0,0.351734443116087,0.213658370263679,0.189841778808684
"GTGGCAAACAGCGGCA-1_V11L05-333_A1",0.102014216416336,0.279125035094376,0.159657221968015,0,0,0,0,0,0,0,0,0,0,0,0,0,0,0,0,0.257758436237417,0.201445090283856
"GTGGCCGGTTTCTCGG-1_V11L05-333_A1",0,0.17335456002352,0,0,0,0,0,0,0.487084983675889,0,0,0,0,0.339560456300591,0,0,0,0,0,0,0
"GTGGCCTAATATCATT-1_V11L05-333_A1",0.49944543644763,0.304244849549225,0,0,0,0,0,0,0,0,0,0,0,0,0,0,0,0,0,0.196309714003146,0
"GTGGCGGGCCGTAGCT-1_V11L05-333_A1",0.149111060642959,0.120310828980515,0.155190561494694,0,0,0,0,0,0,0,0.197260556335773,0,0,0.378126992546059,0,0,0,0,0,0,0
"GTGGCGGTCCCAGCGT-1_V11L05-333_A1",0.263283808175362,0.150642132991902,0,0,0,0,0,0,0,0,0,0,0,0.108136938698963,0,0,0,0,0,0.289335292710251,0.188601827423523
"GTGGCGTGCACCAGAG-1_V11L05-333_A1",0.199364637917823,0.478672302065816,0,0,0,0,0,0,0,0,0,0,0,0,0,0,0,0,0,0,0.321963060016361
"GTGGCTGTTTCTGTTC-1_V11L05-333_A1",0.613402907336727,0.386597092663273,0,0,0,0,0,0,0,0,0,0,0,0,0,0,0,0,0,0,0
"GTGGGAACAAACCGGG-1_V11L05-333_A1",0.0534735257736013,0.192505292998006,0,0,0.353045941819759,0,0,0,0,0,0,0,0,0,0.286601855884844,0,0,0,0,0,0.114373383523789
"GTGGGAAGACTGAATC-1_V11L05-333_A1",0.176709959678978,0.21736038564544,0,0,0,0,0,0,0,0,0,0,0,0,0,0,0,0,0,0.605929654675582,0
"GTGGGCTTAGACACAC-1_V11L05-333_A1",0.747018276682421,0.252981723317579,0,0,0,0,0,0,0,0,0,0,0,0,0,0,0,0,0,0,0
"GTGGGTACTGAGCGTA-1_V11L05-333_A1",0.0706879066953956,0.257927905092818,0,0,0,0,0,0,0,0,0,0,0,0,0,0,0,0,0,0.475217690884512,0.196166497327274
"GTGGGTCTTCTTTGCG-1_V11L05-333_A1",0.450441014280588,0.549558985719412,0,0,0,0,0,0,0,0,0,0,0,0,0,0,0,0,0,0,0
"GTGGTATAGTCTGCCG-1_V11L05-333_A1",0,0.195280295710414,0.140710703301267,0,0,0,0,0,0,0,0,0,0,0.142278394338155,0,0,0,0,0.310730186695553,0,0.211000419954611
"GTGGTCAGCGAAGTAT-1_V11L05-333_A1",0.532102214055235,0.467897785944765,0,0,0,0,0,0,0,0,0,0,0,0,0,0,0,0,0,0,0
"GTGGTGATGGTTTGTG-1_V11L05-333_A1",0.659270130804178,0.340729869195822,0,0,0,0,0,0,0,0,0,0,0,0,0,0,0,0,0,0,0
"GTGGTGGCCAAGTGAA-1_V11L05-333_A1",0.636803915321129,0.363196084678871,0,0,0,0,0,0,0,0,0,0,0,0,0,0,0,0,0,0,0
"GTGGTTACTTCTTTCG-1_V11L05-333_A1",0.738844560356411,0.261155439643589,0,0,0,0,0,0,0,0,0,0,0,0,0,0,0,0,0,0,0
"GTGGTTTCCGCCTTTC-1_V11L05-333_A1",0.582834303947478,0.257617631730471,0,0,0,0,0,0,0,0,0,0,0,0.159548064322051,0,0,0,0,0,0,0
"GTGTACCTTGGCTACG-1_V11L05-333_A1",0.476603254717926,0.523396745282074,0,0,0,0,0,0,0,0,0,0,0,0,0,0,0,0,0,0,0
"GTGTACGAACCGTTCC-1_V11L05-333_A1",0.569247551528935,0.430752448471065,0,0,0,0,0,0,0,0,0,0,0,0,0,0,0,0,0,0,0
"GTGTATATCAGCGGGC-1_V11L05-333_A1",0.860833172638191,0.139166827361809,0,0,0,0,0,0,0,0,0,0,0,0,0,0,0,0,0,0,0
"GTGTATGACTTTAAAG-1_V11L05-333_A1",0.69611604555834,0.30388395444166,0,0,0,0,0,0,0,0,0,0,0,0,0,0,0,0,0,0,0
"GTGTCAGTGTACGTGG-1_V11L05-333_A1",0.0561611964474893,0.399197653816656,0,0,0,0,0,0,0,0,0.212420538220489,0,0,0,0,0,0,0,0,0.332220611515366,0
"GTGTCCGATAAGGCAT-1_V11L05-333_A1",0.352889649515719,0.459468654216135,0.187641696268147,0,0,0,0,0,0,0,0,0,0,0,0,0,0,0,0,0,0
"GTGTCGTATAGCGTTC-1_V11L05-333_A1",0.687755937052999,0.312244062947001,0,0,0,0,0,0,0,0,0,0,0,0,0,0,0,0,0,0,0
"GTGTCGTATTCACCTT-1_V11L05-333_A1",0,0.336177400821608,0.135054547756264,0,0,0,0,0,0,0,0,0,0,0,0.528768051422128,0,0,0,0,0,0
"GTGTGAATAACTTAGG-1_V11L05-333_A1",0.704214774186763,0.217868323480078,0.0779169023331589,0,0,0,0,0,0,0,0,0,0,0,0,0,0,0,0,0,0
"GTGTGAGCCGAGGTGC-1_V11L05-333_A1",0.750219208935665,0.249780791064335,0,0,0,0,0,0,0,0,0,0,0,0,0,0,0,0,0,0,0
"GTGTGTCGACGTCGCT-1_V11L05-333_A1",0.462544851576785,0.537455148423215,0,0,0,0,0,0,0,0,0,0,0,0,0,0,0,0,0,0,0
"GTGTTACTATGCGTCC-1_V11L05-333_A1",0.831985741276254,0.168014258723746,0,0,0,0,0,0,0,0,0,0,0,0,0,0,0,0,0,0,0
"GTTAAAGTAGGACTGG-1_V11L05-333_A1",0.854172752604994,0.145827247395006,0,0,0,0,0,0,0,0,0,0,0,0,0,0,0,0,0,0,0
"GTTAACATCACTTAAA-1_V11L05-333_A1",0.359692661233692,0.301251652109333,0.339055686656975,0,0,0,0,0,0,0,0,0,0,0,0,0,0,0,0,0,0
"GTTAACTATGTTGTCA-1_V11L05-333_A1",0.751541450916623,0.248458549083377,0,0,0,0,0,0,0,0,0,0,0,0,0,0,0,0,0,0,0
"GTTAAGGGTGCGATGT-1_V11L05-333_A1",0.481831123182792,0.355817044501408,0,0,0,0,0,0,0,0,0,0,0,0,0,0,0,0,0,0.1623518323158,0
"GTTAAGTTAGAGTGGG-1_V11L05-333_A1",0.63475333451128,0.255635450750144,0.109611214738576,0,0,0,0,0,0,0,0,0,0,0,0,0,0,0,0,0,0
"GTTAATAGCGTCATTA-1_V11L05-333_A1",0.554054683852799,0.22997494799474,0.215970368152461,0,0,0,0,0,0,0,0,0,0,0,0,0,0,0,0,0,0
"GTTAATGTCTATCTTA-1_V11L05-333_A1",0.712922916883535,0.287077083116465,0,0,0,0,0,0,0,0,0,0,0,0,0,0,0,0,0,0,0
"GTTACAATTGGTGACG-1_V11L05-333_A1",0.591964259523876,0.186546126061205,0.0819426141755024,0,0,0,0,0,0,0,0,0,0,0,0,0,0,0,0,0.139547000239417,0
"GTTACCAAGGCGTACG-1_V11L05-333_A1",0.303755026162253,0.424954229281505,0.271290744556242,0,0,0,0,0,0,0,0,0,0,0,0,0,0,0,0,0,0
"GTTACCTACAACTTGC-1_V11L05-333_A1",0.693607309390763,0.230532723203631,0.0758599674056062,0,0,0,0,0,0,0,0,0,0,0,0,0,0,0,0,0,0
"GTTACGAAATCCACGC-1_V11L05-333_A1",0.765472069882684,0.234527930117316,0,0,0,0,0,0,0,0,0,0,0,0,0,0,0,0,0,0,0
"GTTACGGCCCGACTGC-1_V11L05-333_A1",0.706159270043003,0.293840729956997,0,0,0,0,0,0,0,0,0,0,0,0,0,0,0,0,0,0,0
"GTTACTTTGGGCCTAG-1_V11L05-333_A1",0.795271285944481,0.204728714055519,0,0,0,0,0,0,0,0,0,0,0,0,0,0,0,0,0,0,0
"GTTAGAGTGTGCCGCT-1_V11L05-333_A1",0.392153185485391,0.368673553725456,0.239173260789153,0,0,0,0,0,0,0,0,0,0,0,0,0,0,0,0,0,0
"GTTAGCCCATGACATC-1_V11L05-333_A1",0.0718542897877013,0.279198978831766,0.273762969076101,0,0,0,0,0,0,0,0,0,0,0.195496189623816,0,0,0,0,0,0,0.179687572680615
"GTTAGCCGTAAATCAA-1_V11L05-333_A1",0.648986031319953,0.351013968680047,0,0,0,0,0,0,0,0,0,0,0,0,0,0,0,0,0,0,0
"GTTATAATACGGTGAA-1_V11L05-333_A1",0.297433796636388,0.350016504229214,0.352549699134397,0,0,0,0,0,0,0,0,0,0,0,0,0,0,0,0,0,0
"GTTATATCAGGAGCCA-1_V11L05-333_A1",0.54505594536736,0.263592277952618,0,0,0,0,0,0,0,0,0,0,0,0,0,0,0,0.191351776680022,0,0,0
"GTTATATTATCTCCCT-1_V11L05-333_A1",0.702337294202716,0.297662705797284,0,0,0,0,0,0,0,0,0,0,0,0,0,0,0,0,0,0,0
"GTTATCAAGCTATCGA-1_V11L05-333_A1",0.753303486584916,0.246696513415084,0,0,0,0,0,0,0,0,0,0,0,0,0,0,0,0,0,0,0
"GTTATCACCTTCTGAA-1_V11L05-333_A1",0.441751788503576,0.558248211496424,0,0,0,0,0,0,0,0,0,0,0,0,0,0,0,0,0,0,0
"GTTATTAAATACGACC-1_V11L05-333_A1",0.250055211336962,0.366546256875228,0,0,0,0,0,0,0,0,0,0,0,0,0,0.383398531787811,0,0,0,0,0
"GTTATTAACGTGGGAG-1_V11L05-333_A1",0.689833111680091,0.310166888319909,0,0,0,0,0,0,0,0,0,0,0,0,0,0,0,0,0,0,0
"GTTCAAATCAGATGTC-1_V11L05-333_A1",0.211668840421639,0.175649315012793,0,0,0,0,0,0,0,0,0,0,0,0,0,0.612681844565569,0,0,0,0,0
"GTTCAATCTATGTCAA-1_V11L05-333_A1",0.541308795035946,0.458691204964054,0,0,0,0,0,0,0,0,0,0,0,0,0,0,0,0,0,0,0
"GTTCACAGGAGTCTAG-1_V11L05-333_A1",0.486306194405552,0.513693805594448,0,0,0,0,0,0,0,0,0,0,0,0,0,0,0,0,0,0,0
"GTTCAGTCGCCAAATG-1_V11L05-333_A1",0.0577805230949562,0.210421096176386,0.111740524416031,0,0,0,0,0,0,0,0,0,0,0.416812084116907,0,0,0,0,0,0,0.20324577219572
"GTTCATCGTTTGGCTG-1_V11L05-333_A1",0.619192650776391,0.221192331998058,0.159615017225551,0,0,0,0,0,0,0,0,0,0,0,0,0,0,0,0,0,0
"GTTCCAAGACAGCGAC-1_V11L05-333_A1",0.731988890548255,0.268011109451745,0,0,0,0,0,0,0,0,0,0,0,0,0,0,0,0,0,0,0
"GTTCCAGTCTGACCAT-1_V11L05-333_A1",0.57268418228571,0.42731581771429,0,0,0,0,0,0,0,0,0,0,0,0,0,0,0,0,0,0,0
"GTTCCCGTAAACATAT-1_V11L05-333_A1",0.329936797080621,0.224184609256847,0,0,0,0,0,0,0,0,0,0,0,0.445878593662532,0,0,0,0,0,0,0
"GTTCCGTCCGCCTGCA-1_V11L05-333_A1",0.0508603754537915,0.233012398179738,0,0,0,0,0,0,0,0,0,0,0.567664874566558,0,0,0,0,0,0,0,0.148462351799913
"GTTCGACAATTGTATA-1_V11L05-333_A1",0,0.174315540282005,0.0697517537149575,0,0,0,0,0,0,0,0,0,0.604553704004008,0,0,0,0,0,0,0,0.15137900199903
"GTTCGCCATAAGTGCC-1_V11L05-333_A1",0.598265955454441,0.242048020402622,0.159686024142937,0,0,0,0,0,0,0,0,0,0,0,0,0,0,0,0,0,0
"GTTCGCTGAGACGTCT-1_V11L05-333_A1",0.706809154529252,0.293190845470748,0,0,0,0,0,0,0,0,0,0,0,0,0,0,0,0,0,0,0
"GTTCGGAGCACTCAAC-1_V11L05-333_A1",0.723678096067351,0.276321903932649,0,0,0,0,0,0,0,0,0,0,0,0,0,0,0,0,0,0,0
"GTTCGGATCGGGAACA-1_V11L05-333_A1",0.372654691471199,0.400276969554512,0.227068338974289,0,0,0,0,0,0,0,0,0,0,0,0,0,0,0,0,0,0
"GTTCGGGCGTACCATT-1_V11L05-333_A1",0.589398076466536,0.291948376057606,0.118653547475858,0,0,0,0,0,0,0,0,0,0,0,0,0,0,0,0,0,0
"GTTCGGTGTGGATTTA-1_V11L05-333_A1",0.418230907756224,0.581769092243776,0,0,0,0,0,0,0,0,0,0,0,0,0,0,0,0,0,0,0
"GTTCGTCTAAAGAACT-1_V11L05-333_A1",0.612350355697598,0.387649644302402,0,0,0,0,0,0,0,0,0,0,0,0,0,0,0,0,0,0,0
"GTTCGTCTGGGTCCCT-1_V11L05-333_A1",0.188470908060768,0.285683289602938,0.365395198163661,0,0,0,0,0,0,0,0,0,0,0,0,0.160450604172634,0,0,0,0,0
"GTTCGTTGCGGACCAG-1_V11L05-333_A1",0.530778183553,0.33585976984088,0.13336204660612,0,0,0,0,0,0,0,0,0,0,0,0,0,0,0,0,0,0
"GTTCTTCCCTCGATGT-1_V11L05-333_A1",0.773623271141871,0.226376728858129,0,0,0,0,0,0,0,0,0,0,0,0,0,0,0,0,0,0,0
"GTTCTTGTAACTCAAT-1_V11L05-333_A1",0.0446243717791578,0.160517585601743,0,0,0,0,0,0,0,0,0,0,0.619362614902746,0,0,0,0,0,0,0,0.175495427716353
"GTTGAACCGGTTCCAT-1_V11L05-333_A1",0.503362622938357,0.329887746198277,0,0,0,0,0,0,0,0,0,0,0,0.166749630863366,0,0,0,0,0,0,0
"GTTGAGTCCCGCCGGT-1_V11L05-333_A1",0.876467200344527,0.123532799655473,0,0,0,0,0,0,0,0,0,0,0,0,0,0,0,0,0,0,0
"GTTGCACGGAGTTTCG-1_V11L05-333_A1",0.755206667636371,0.244793332363629,0,0,0,0,0,0,0,0,0,0,0,0,0,0,0,0,0,0,0
"GTTGCAGTCGACAACA-1_V11L05-333_A1",0.368440645285173,0.330783705159154,0,0,0,0,0,0,0,0,0,0,0,0,0,0.300775649555674,0,0,0,0,0
"GTTGCCCTAACGGGTG-1_V11L05-333_A1",0.137504769416809,0.419868738853481,0,0,0,0,0,0,0,0,0,0,0,0,0,0,0,0.19545300726709,0,0,0.24717348446262
"GTTGCGCTAACATTAC-1_V11L05-333_A1",0.465553456261134,0.354845094720904,0,0,0,0,0,0,0,0,0,0,0,0,0,0,0.179601449017962,0,0,0,0
"GTTGCGGACGGTCAGG-1_V11L05-333_A1",0.258380482582329,0.155289452806321,0,0,0,0,0,0,0,0,0,0,0,0,0,0.586330064611349,0,0,0,0,0
"GTTGGACCGCATCAGG-1_V11L05-333_A1",0.257860821594535,0.235963220928925,0.097243165586988,0,0,0,0,0,0,0,0,0,0,0,0,0.359707519086412,0,0.049225272803139,0,0,0
"GTTGGATTCAGTGGCT-1_V11L05-333_A1",0.402636756051293,0.177146310030398,0.148827368934945,0,0,0,0,0,0,0,0,0,0,0,0,0.271389564983364,0,0,0,0,0
"GTTGGATTGAGAACAC-1_V11L05-333_A1",0.69920811638238,0.177135466007059,0.123656417610562,0,0,0,0,0,0,0,0,0,0,0,0,0,0,0,0,0,0
"GTTGGATTTGCGTTGG-1_V11L05-333_A1",0.614573174330803,0.385426825669197,0,0,0,0,0,0,0,0,0,0,0,0,0,0,0,0,0,0,0
"GTTGGTCATGCTATCC-1_V11L05-333_A1",0.412388369506172,0.587611630493828,0,0,0,0,0,0,0,0,0,0,0,0,0,0,0,0,0,0,0
"GTTGTAGATTTATGAG-1_V11L05-333_A1",0.0411945116953802,0.112680361969743,0.0495521103602001,0.652930314281904,0,0,0,0,0,0,0,0,0,0,0,0,0,0,0,0,0.143642701692773
"GTTGTTACATTGCGCT-1_V11L05-333_A1",0,0.245554063872179,0.104278315054911,0,0,0,0,0,0,0,0,0,0,0,0.65016762107291,0,0,0,0,0,0
"GTTGTTGCAAGATGGC-1_V11L05-333_A1",0.461550414970442,0.324814556634435,0.213635028395123,0,0,0,0,0,0,0,0,0,0,0,0,0,0,0,0,0,0
"GTTTACGTTCCATCTG-1_V11L05-333_A1",0.844794680703678,0.155205319296323,0,0,0,0,0,0,0,0,0,0,0,0,0,0,0,0,0,0,0
"GTTTATGGGATTTAGA-1_V11L05-333_A1",0.35269113747909,0.509549597015411,0.137759265505499,0,0,0,0,0,0,0,0,0,0,0,0,0,0,0,0,0,0
"GTTTCAAACGAGTTGT-1_V11L05-333_A1",0.782875916716604,0.217124083283396,0,0,0,0,0,0,0,0,0,0,0,0,0,0,0,0,0,0,0
"GTTTCATATCGTCGCT-1_V11L05-333_A1",0.170561387873842,0.185348114412199,0.163558972394214,0,0,0,0,0,0,0,0,0,0,0,0.480531525319745,0,0,0,0,0,0
"GTTTCCTGGAGGGTGA-1_V11L05-333_A1",0.667706014512446,0.332293985487554,0,0,0,0,0,0,0,0,0,0,0,0,0,0,0,0,0,0,0
"GTTTCTAGAGGCGCGG-1_V11L05-333_A1",0.480612074687044,0.262712600025782,0.123299377041352,0,0,0,0,0,0,0.133375948245823,0,0,0,0,0,0,0,0,0,0,0
"GTTTCTGCAGTCTCCC-1_V11L05-333_A1",0,0,0,0,0,0,0,0,0,0,0,0,0,0,0,0,0,0,0,0,0
"GTTTCTTGTTAGAGCT-1_V11L05-333_A1",0.351296249838284,0.648703750161716,0,0,0,0,0,0,0,0,0,0,0,0,0,0,0,0,0,0,0
"GTTTGACCAAATCCTA-1_V11L05-333_A1",0.781692843525289,0.218307156474711,0,0,0,0,0,0,0,0,0,0,0,0,0,0,0,0,0,0,0
"GTTTGAGCGGTTATGT-1_V11L05-333_A1",0.720329908454008,0.279670091545992,0,0,0,0,0,0,0,0,0,0,0,0,0,0,0,0,0,0,0
"GTTTGGCCCAAGTTAT-1_V11L05-333_A1",0.842504507907862,0.157495492092138,0,0,0,0,0,0,0,0,0,0,0,0,0,0,0,0,0,0,0
"GTTTGGCCGCTCAGCG-1_V11L05-333_A1",0.76418143072884,0.23581856927116,0,0,0,0,0,0,0,0,0,0,0,0,0,0,0,0,0,0,0
"GTTTGGCGTCAGGCAC-1_V11L05-333_A1",0,0.248253573555455,0.132869791489916,0,0,0,0,0,0,0,0,0,0.618876634954628,0,0,0,0,0,0,0,0
"GTTTGGGCTTGTGAGC-1_V11L05-333_A1",0.700206070917048,0.299793929082952,0,0,0,0,0,0,0,0,0,0,0,0,0,0,0,0,0,0,0
"GTTTGGGTTTCGCCCG-1_V11L05-333_A1",0.6581734483366,0.219965582880094,0.121860968783306,0,0,0,0,0,0,0,0,0,0,0,0,0,0,0,0,0,0
"GTTTGGTAGGGTCAAC-1_V11L05-333_A1",0.258999174393829,0.38394700635653,0,0,0,0,0,0,0,0,0,0,0,0,0,0,0,0,0,0.357053819249642,0
"GTTTGGTGATCGGTGC-1_V11L05-333_A1",0,0.0997050127623223,0,0.47002810859445,0,0,0,0,0,0,0,0,0,0,0.430266878643228,0,0,0,0,0,0
"TAAACCCAGGAGGGCA-1_V11L05-333_A1",0.0774731517309334,0.261769567712762,0.0904278716098567,0,0,0,0,0,0,0,0,0,0,0.30856590087458,0,0,0,0,0,0,0.261763508071868
"TAAACGTCGTCAATGA-1_V11L05-333_A1",0.655162499732849,0.344837500267151,0,0,0,0,0,0,0,0,0,0,0,0,0,0,0,0,0,0,0
"TAAAGACAACCCTTTA-1_V11L05-333_A1",0.355923608815978,0.118966417189523,0.0680330578753278,0,0,0,0,0,0,0,0,0,0,0,0,0.457076916119171,0,0,0,0,0
"TAAAGAGCCCGAAACC-1_V11L05-333_A1",0.67849280876169,0.198554907505561,0.122952283732749,0,0,0,0,0,0,0,0,0,0,0,0,0,0,0,0,0,0
"TAAAGCGGTATTTCCA-1_V11L05-333_A1",0.0641043335982082,0.260498411927709,0,0,0,0,0,0,0,0,0,0,0,0.424566209038014,0,0,0,0,0,0,0.250831045436069
"TAAAGCGTTAGGAGAA-1_V11L05-333_A1",0.695324149069158,0.219890445959452,0.0847854049713891,0,0,0,0,0,0,0,0,0,0,0,0,0,0,0,0,0,0
"TAAAGCTGCAATAGGG-1_V11L05-333_A1",0.502224937005536,0.256628840198743,0,0,0,0,0,0,0,0,0,0,0,0,0,0.241146222795721,0,0,0,0,0
"TAAAGGAGAAACTAGT-1_V11L05-333_A1",0.296426684895857,0.321033551130371,0.382539763973772,0,0,0,0,0,0,0,0,0,0,0,0,0,0,0,0,0,0
"TAAAGTGCACGTCTCG-1_V11L05-333_A1",0,0.155740922827848,0.0802819815683007,0.520199575989857,0,0,0,0,0,0,0,0,0,0.243777519613994,0,0,0,0,0,0,0
"TAAATCTTTACACCTC-1_V11L05-333_A1",0.255037617317348,0.276737182266215,0.137009918514306,0,0,0,0,0,0,0,0,0,0,0,0,0.278000342424528,0,0.0532149394776031,0,0,0
"TAAATGAATCCGTTTC-1_V11L05-333_A1",0.631482993128851,0.368517006871148,0,0,0,0,0,0,0,0,0,0,0,0,0,0,0,0,0,0,0
"TAAATGCCGTCTCATG-1_V11L05-333_A1",0.620759203807615,0.379240796192385,0,0,0,0,0,0,0,0,0,0,0,0,0,0,0,0,0,0,0
"TAAATGGGCTACTGAG-1_V11L05-333_A1",0.414085641529308,0.355940634785016,0.229973723685676,0,0,0,0,0,0,0,0,0,0,0,0,0,0,0,0,0,0
"TAAATTGTGGGTAAAG-1_V11L05-333_A1",0.101657309610482,0.202337412994973,0,0.338026343635058,0,0,0,0,0,0,0,0,0,0,0.20697764914058,0,0,0,0,0,0.151001284618907
"TAAATTTAGTAACACC-1_V11L05-333_A1",0.0230432819448348,0.158535423008676,0,0.426440655269886,0,0,0,0,0,0,0,0,0,0,0.258720367945575,0,0,0,0,0,0.133260271831028
"TAACAAAGGGAGAAGC-1_V11L05-333_A1",0.553636101341141,0.348113266718416,0.098250631940443,0,0,0,0,0,0,0,0,0,0,0,0,0,0,0,0,0,0
"TAACAATATTTGTTGC-1_V11L05-333_A1",0.256948495075474,0.214890374914188,0,0,0,0,0,0,0,0,0,0,0,0,0,0.528161130010338,0,0,0,0,0
"TAACAGCGTTTGTGCT-1_V11L05-333_A1",0,0.159778271576981,0,0.336084967732424,0,0,0,0,0,0,0,0,0,0,0.327841641392725,0,0,0,0,0,0.176295119297869
"TAACAGGTTCCCTTAG-1_V11L05-333_A1",0.0476333881510154,0.137697503074271,0,0.57378184015263,0,0,0,0,0,0,0,0,0,0.240887268622084,0,0,0,0,0,0,0
"TAACATACAATGTGGG-1_V11L05-333_A1",0.821388483478028,0.178611516521972,0,0,0,0,0,0,0,0,0,0,0,0,0,0,0,0,0,0,0
"TAACATACACGCGATC-1_V11L05-333_A1",0.0604592719325455,0.210755973378742,0,0,0,0,0,0,0,0,0,0,0,0,0,0,0,0,0.283917434774536,0.256393866776404,0.188473453137773
"TAACCGCCCGCAGTGC-1_V11L05-333_A1",0.786768305546375,0.213231694453625,0,0,0,0,0,0,0,0,0,0,0,0,0,0,0,0,0,0,0
"TAACCGTCCAGTTCAT-1_V11L05-333_A1",0.658607298221703,0.206099335565023,0.135293366213274,0,0,0,0,0,0,0,0,0,0,0,0,0,0,0,0,0,0
"TAACCTACCGTCCGAG-1_V11L05-333_A1",0.660653549209653,0.20325892125071,0.136087529539637,0,0,0,0,0,0,0,0,0,0,0,0,0,0,0,0,0,0
"TAACCTAGGGAGTCCA-1_V11L05-333_A1",0.578568586489708,0.421431413510292,0,0,0,0,0,0,0,0,0,0,0,0,0,0,0,0,0,0,0
"TAACGCTTTGAGAGCG-1_V11L05-333_A1",0.621998255361242,0.378001744638758,0,0,0,0,0,0,0,0,0,0,0,0,0,0,0,0,0,0,0
"TAACTATCGAAGGTCC-1_V11L05-333_A1",0.776028008343885,0.223971991656115,0,0,0,0,0,0,0,0,0,0,0,0,0,0,0,0,0,0,0
"TAACTATTACGCCAAA-1_V11L05-333_A1",0.328703228088288,0.165212700005855,0,0,0,0,0,0,0,0,0,0,0,0,0,0.506084071905857,0,0,0,0,0
"TAACTCATCCGCGCGG-1_V11L05-333_A1",0.704929496984863,0.295070503015137,0,0,0,0,0,0,0,0,0,0,0,0,0,0,0,0,0,0,0
"TAACTCCATGGAGGCT-1_V11L05-333_A1",0.583050010943406,0.416949989056594,0,0,0,0,0,0,0,0,0,0,0,0,0,0,0,0,0,0,0
"TAACTGAAATACGCCT-1_V11L05-333_A1",0.0906142977466344,0.339987738398883,0.366793130160147,0,0,0,0,0,0,0,0,0,0,0,0.202604833694336,0,0,0,0,0,0
"TAAGAGGGACAGGGAC-1_V11L05-333_A1",0,0.146913299569142,0,0,0,0,0,0,0,0,0,0,0.853086700430858,0,0,0,0,0,0,0,0
"TAAGATTTAGCGGGAG-1_V11L05-333_A1",0.406787238219516,0.413811582963976,0.179401178816507,0,0,0,0,0,0,0,0,0,0,0,0,0,0,0,0,0,0
"TAAGCAGGCGACACGC-1_V11L05-333_A1",0.231674331060837,0.157724058905824,0,0,0,0,0,0,0,0,0.451653500236326,0,0,0,0,0,0,0,0,0.158948109797013,0
"TAAGCCCTTACGACCA-1_V11L05-333_A1",0.0842509863887825,0.264279970611125,0.179208210092042,0,0,0,0,0,0,0,0,0,0,0.47226083290805,0,0,0,0,0,0,0
"TAAGCGCGAATCAAAT-1_V11L05-333_A1",0,0.171046515031551,0,0.307414694298545,0,0,0,0,0,0,0,0,0.393232368981765,0,0,0,0,0,0,0,0.128306421688138
"TAAGGAACTTGTGGGA-1_V11L05-333_A1",0.340358006234653,0.288868680198125,0,0,0,0,0,0,0,0,0,0,0,0,0,0.370773313567222,0,0,0,0,0
"TAAGGCAACATAAGAT-1_V11L05-333_A1",0.526800422317835,0.215363910362114,0.257835667320052,0,0,0,0,0,0,0,0,0,0,0,0,0,0,0,0,0,0
"TAAGGCATAACATCAA-1_V11L05-333_A1",0.116076654963856,0.299243495308281,0.10013011989564,0,0,0,0,0,0,0,0,0,0,0.046744741053317,0,0,0,0,0,0.437804988778906,0
"TAAGGCCCGTCACCCT-1_V11L05-333_A1",0.161046609202348,0.350073459375441,0,0,0,0,0,0,0,0,0,0,0,0,0,0,0,0,0,0.488879931422211,0
"TAAGGCTGAATCCCTC-1_V11L05-333_A1",0.474611302032606,0.311601473082957,0.213787224884437,0,0,0,0,0,0,0,0,0,0,0,0,0,0,0,0,0,0
"TAAGGGCCTGTCCGAT-1_V11L05-333_A1",0.79310858065379,0.206891419346209,0,0,0,0,0,0,0,0,0,0,0,0,0,0,0,0,0,0,0
"TAAGGGCTGGGAGAGG-1_V11L05-333_A1",0.661563669366265,0.242218241469629,0.0962180891641059,0,0,0,0,0,0,0,0,0,0,0,0,0,0,0,0,0,0
"TAAGTAAATGTGCCGC-1_V11L05-333_A1",0.266799028930736,0.221614204563993,0.179791209589247,0,0,0,0,0,0,0,0,0,0,0.331795556916024,0,0,0,0,0,0,0
"TAAGTAACATCTTGAC-1_V11L05-333_A1",0.135140837327714,0.481031561213564,0,0,0,0,0,0,0,0,0,0,0,0,0,0,0.183297572904063,0,0,0,0.200530028554659
"TAAGTCGCCGAGTATC-1_V11L05-333_A1",0.0869410035232583,0.247843064036639,0.103609217987902,0,0,0,0,0,0,0,0,0,0,0,0,0,0,0,0,0.344616217862979,0.216990496589222
"TAAGTCGGTGAGCTAG-1_V11L05-333_A1",0.531704178302434,0.254039162592754,0.214256659104812,0,0,0,0,0,0,0,0,0,0,0,0,0,0,0,0,0,0
"TAAGTGAATAGTCTAC-1_V11L05-333_A1",0,0.399521117056718,0.222234141402837,0,0,0,0,0,0,0,0,0,0,0,0.164180097338588,0,0,0,0,0,0.214064644201857
"TAAGTTGCGACGTAGG-1_V11L05-333_A1",0.713200269182286,0.121195543324649,0,0,0,0,0,0,0.165604187493065,0,0,0,0,0,0,0,0,0,0,0,0
"TAATAAACAAGGAGAT-1_V11L05-333_A1",0.784663962966819,0.215336037033181,0,0,0,0,0,0,0,0,0,0,0,0,0,0,0,0,0,0,0
"TAATACACAGTAGTAT-1_V11L05-333_A1",0.666029348431525,0.333970651568475,0,0,0,0,0,0,0,0,0,0,0,0,0,0,0,0,0,0,0
"TAATACTAGAACAGAC-1_V11L05-333_A1",0.102245789375091,0.250268530421185,0.295693827151868,0,0,0,0,0,0,0,0,0,0,0.191484769996272,0,0,0,0,0,0,0.160307083055584
"TAATAGAACAGAGTTA-1_V11L05-333_A1",0.0597760555803931,0.149507027255892,0.0793631205725597,0,0,0,0,0,0,0,0,0,0,0,0,0,0,0.0733120969428071,0,0.638041699648348,0
"TAATAGCTAAATGATG-1_V11L05-333_A1",0.176027877432045,0.150722432747641,0,0,0,0,0,0,0.673249689820314,0,0,0,0,0,0,0,0,0,0,0,0
"TAATAGGTCACCAGAA-1_V11L05-333_A1",0,0.286271911850346,0.124867748924888,0,0,0,0,0,0,0,0,0,0,0.27994213417671,0,0,0,0,0,0,0.308918205048057
"TAATAGTGACGACCAG-1_V11L05-333_A1",0.721270099212019,0.278729900787981,0,0,0,0,0,0,0,0,0,0,0,0,0,0,0,0,0,0,0
"TAATATTGAAATTCGC-1_V11L05-333_A1",0.313084474924691,0.38612058654309,0.30079493853222,0,0,0,0,0,0,0,0,0,0,0,0,0,0,0,0,0,0
"TAATCAACCAAATGGG-1_V11L05-333_A1",0.572095240185092,0.309656559684172,0,0,0,0,0,0,0,0,0,0,0,0,0,0,0.118248200130736,0,0,0,0
"TAATCAGGAATGCTGC-1_V11L05-333_A1",0,0.56806060576206,0,0,0,0,0,0,0,0,0,0.43193939423794,0,0,0,0,0,0,0,0,0
"TAATCGATCCGTACGT-1_V11L05-333_A1",0.751176571396206,0.248823428603794,0,0,0,0,0,0,0,0,0,0,0,0,0,0,0,0,0,0,0
"TAATGAAAGACCCTTG-1_V11L05-333_A1",0.725452995215065,0.274547004784935,0,0,0,0,0,0,0,0,0,0,0,0,0,0,0,0,0,0,0
"TAATGTCGGTTCATGG-1_V11L05-333_A1",0.232690240074581,0.418227501869809,0.127507537376427,0,0,0,0,0,0,0,0,0,0,0,0,0,0,0,0,0,0.221574720679184
"TAATTACGTCAGTAGA-1_V11L05-333_A1",0.872999189282521,0.127000810717479,0,0,0,0,0,0,0,0,0,0,0,0,0,0,0,0,0,0,0
"TAATTAGATGGATATG-1_V11L05-333_A1",0.80370897647647,0.19629102352353,0,0,0,0,0,0,0,0,0,0,0,0,0,0,0,0,0,0,0
"TAATTAGGACATCCGT-1_V11L05-333_A1",0.426350347204251,0.573649652795749,0,0,0,0,0,0,0,0,0,0,0,0,0,0,0,0,0,0,0
"TAATTCCAATGCTTCA-1_V11L05-333_A1",0.394144404074402,0.273707103737404,0,0,0,0,0,0,0.332148492188194,0,0,0,0,0,0,0,0,0,0,0,0
"TAATTGCGCTGATTAC-1_V11L05-333_A1",0.0925559733604659,0.199313005337767,0,0,0,0,0,0,0.49547633101326,0,0,0,0,0,0,0,0,0,0,0,0.212654690288506
"TAATTGGAATCGGGAA-1_V11L05-333_A1",0.204755182905135,0.180592386811226,0,0,0,0,0,0,0.537226967622931,0,0,0,0,0,0,0,0.0774254626607074,0,0,0,0
"TAATTTCCGTCCAGTA-1_V11L05-333_A1",0.293369336941147,0.203624224303622,0.0770142906680161,0,0,0,0,0,0,0,0,0,0,0,0,0,0,0,0,0.425992148087215,0
"TACAAATTGCGGAGGT-1_V11L05-333_A1",0.463299116305631,0.343622522675695,0,0,0,0,0,0,0,0,0,0,0,0,0,0.193078361018674,0,0,0,0,0
"TACAACAGCGCATACA-1_V11L05-333_A1",0.741979624366909,0.258020375633091,0,0,0,0,0,0,0,0,0,0,0,0,0,0,0,0,0,0,0
"TACAACGCACAACTCA-1_V11L05-333_A1",0.809772940745047,0.190227059254953,0,0,0,0,0,0,0,0,0,0,0,0,0,0,0,0,0,0,0
"TACAAGCTGTTCACTG-1_V11L05-333_A1",0.278893666055673,0.42367584938847,0.297430484555857,0,0,0,0,0,0,0,0,0,0,0,0,0,0,0,0,0,0
"TACAAGGGCTTCTTTA-1_V11L05-333_A1",0.662640486721716,0.337359513278284,0,0,0,0,0,0,0,0,0,0,0,0,0,0,0,0,0,0,0
"TACAAGTCTCGTGCAT-1_V11L05-333_A1",0.744329734043626,0.255670265956374,0,0,0,0,0,0,0,0,0,0,0,0,0,0,0,0,0,0,0
"TACAATGAAACCAGCA-1_V11L05-333_A1",0.56476266377424,0.296011992487149,0.139225343738611,0,0,0,0,0,0,0,0,0,0,0,0,0,0,0,0,0,0
"TACACAGCCGTGGTGC-1_V11L05-333_A1",0.107885427013926,0.30163902399174,0,0,0,0,0,0,0.176326381064921,0,0,0,0,0,0.414149167929413,0,0,0,0,0,0
"TACACCGTCGTTAGTC-1_V11L05-333_A1",0.559060619004915,0.251644217630792,0,0,0,0,0,0,0,0,0,0,0,0,0,0.189295163364294,0,0,0,0,0
"TACACCTCTTCGAATC-1_V11L05-333_A1",0.5320275301074,0.4679724698926,0,0,0,0,0,0,0,0,0,0,0,0,0,0,0,0,0,0,0
"TACAGAAACGGTGGGC-1_V11L05-333_A1",0.749357258744923,0.250642741255077,0,0,0,0,0,0,0,0,0,0,0,0,0,0,0,0,0,0,0
"TACATAGGCATACACC-1_V11L05-333_A1",0.805554615412609,0.194445384587391,0,0,0,0,0,0,0,0,0,0,0,0,0,0,0,0,0,0,0
"TACATCCCTATCCCTG-1_V11L05-333_A1",0.164740754541587,0.241831603797251,0,0,0,0,0,0,0,0,0,0,0,0,0,0,0,0,0,0.375099751080559,0.218327890580603
"TACATCTTGTTTCTTG-1_V11L05-333_A1",0.378341136220174,0.214997928536951,0,0,0,0,0,0,0,0,0,0,0,0,0,0.406660935242875,0,0,0,0,0
"TACATGACCTTATCCG-1_V11L05-333_A1",0.741564931309917,0.258435068690083,0,0,0,0,0,0,0,0,0,0,0,0,0,0,0,0,0,0,0
"TACATGCCGGAATTGT-1_V11L05-333_A1",0.712824515673755,0.287175484326245,0,0,0,0,0,0,0,0,0,0,0,0,0,0,0,0,0,0,0
"TACATTTCTAACGTGC-1_V11L05-333_A1",0.847453502584199,0.152546497415801,0,0,0,0,0,0,0,0,0,0,0,0,0,0,0,0,0,0,0
"TACCAAATAGCCCAGA-1_V11L05-333_A1",0.159379697635446,0.286616126319365,0,0,0,0,0,0,0,0,0.127505890817506,0,0,0,0,0,0,0,0,0.269666967276381,0.156831317951302
"TACCAATAAAGTACCA-1_V11L05-333_A1",0.78028086772611,0.21971913227389,0,0,0,0,0,0,0,0,0,0,0,0,0,0,0,0,0,0,0
"TACCAGAAGTAGGTTC-1_V11L05-333_A1",0.0829623981808868,0.220781754039872,0,0,0,0,0,0,0,0,0,0,0,0,0,0,0,0,0,0.696255847779241,0
"TACCAGCTAGGTTTAA-1_V11L05-333_A1",0.665731118396442,0.205761714581429,0.128507167022129,0,0,0,0,0,0,0,0,0,0,0,0,0,0,0,0,0,0
"TACCAGGAATCCCGTC-1_V11L05-333_A1",0,0.238308655017154,0.105502543732843,0,0,0,0,0,0,0,0,0,0,0.414810071834101,0,0,0,0,0,0,0.241378729415902
"TACCATGTATTGATTT-1_V11L05-333_A1",0.518451045926583,0.481548954073417,0,0,0,0,0,0,0,0,0,0,0,0,0,0,0,0,0,0,0
"TACCCTCGGTAACCCT-1_V11L05-333_A1",0.605662779771588,0.394337220228412,0,0,0,0,0,0,0,0,0,0,0,0,0,0,0,0,0,0,0
"TACCGAATAATTGTAA-1_V11L05-333_A1",0.859155766312997,0.140844233687003,0,0,0,0,0,0,0,0,0,0,0,0,0,0,0,0,0,0,0
"TACCGATCCAACACTT-1_V11L05-333_A1",0.762498040634508,0.237501959365492,0,0,0,0,0,0,0,0,0,0,0,0,0,0,0,0,0,0,0
"TACCGCGGACTTGCAG-1_V11L05-333_A1",0.453257241344569,0.117634843462159,0,0,0,0,0,0,0,0,0,0,0,0,0,0.429107915193273,0,0,0,0,0
"TACCGGCTCACTGCCC-1_V11L05-333_A1",0.855495626410125,0.144504373589875,0,0,0,0,0,0,0,0,0,0,0,0,0,0,0,0,0,0,0
"TACCGGTCGTTTCCAT-1_V11L05-333_A1",0,0.10278940442083,0,0,0,0,0,0,0.663992047919489,0,0,0,0,0,0,0,0,0,0,0,0.233218547659681
"TACCGTAGGTTAACTA-1_V11L05-333_A1",0.0487319477715129,0.168910678955995,0,0,0,0,0,0,0,0,0,0,0,0,0,0,0,0,0,0.666240024189722,0.11611734908277
"TACCGTGCCTCGGACC-1_V11L05-333_A1",0.599271956641648,0.158604268681227,0.242123774677124,0,0,0,0,0,0,0,0,0,0,0,0,0,0,0,0,0,0
"TACCTACTCCCAGTAT-1_V11L05-333_A1",0.313018370476326,0.278329245988725,0,0,0,0,0,0,0,0,0,0,0,0.083989716345634,0,0,0,0,0,0.324662667189315,0
"TACCTATCCCTAGAGG-1_V11L05-333_A1",0.0896804072972208,0.213739677437822,0,0,0,0,0,0,0.43530468952976,0,0,0,0,0,0,0,0,0,0,0,0.261275225735197
"TACCTCACCAATTGTA-1_V11L05-333_A1",0.399303462966979,0.232915641734481,0.186970089781535,0,0,0,0,0,0,0,0,0,0,0,0,0,0.180810805517004,0,0,0,0
"TACCTCACGCTTGTAC-1_V11L05-333_A1",0.690320059553098,0.309679940446902,0,0,0,0,0,0,0,0,0,0,0,0,0,0,0,0,0,0,0
"TACCTCAGTTGTCTGT-1_V11L05-333_A1",0.107130711449865,0.278357534399285,0,0,0,0,0,0,0,0,0,0,0,0.243171941386387,0,0,0,0,0,0,0.371339812764462
"TACCTCCACACCAATG-1_V11L05-333_A1",0.0481689652609656,0.204315333484075,0,0,0.282141553954593,0,0,0,0,0,0,0,0,0.465374147300366,0,0,0,0,0,0,0
"TACCTCTTTACCATCC-1_V11L05-333_A1",0.0872109533526809,0.152595462033015,0,0,0,0,0,0,0,0,0,0,0,0,0,0.760193584614304,0,0,0,0,0
"TACCTGCTGCACTGTG-1_V11L05-333_A1",0.633886877580798,0.204445026916554,0.161668095502648,0,0,0,0,0,0,0,0,0,0,0,0,0,0,0,0,0,0
"TACCTTAAGATTTCCC-1_V11L05-333_A1",0.124166851084655,0.587662101460237,0,0,0,0,0,0,0,0,0,0,0,0,0,0,0,0,0,0.288171047455108,0
"TACGAACACGACTTCA-1_V11L05-333_A1",0.663539811111643,0.336460188888357,0,0,0,0,0,0,0,0,0,0,0,0,0,0,0,0,0,0,0
"TACGACGCTTGCTGCG-1_V11L05-333_A1",0.620283959429907,0.379716040570093,0,0,0,0,0,0,0,0,0,0,0,0,0,0,0,0,0,0,0
"TACGACTGCCTCTTAG-1_V11L05-333_A1",0.7133517600739,0.2866482399261,0,0,0,0,0,0,0,0,0,0,0,0,0,0,0,0,0,0,0
"TACGAGAACTTCACGT-1_V11L05-333_A1",0.758917901555002,0.241082098444998,0,0,0,0,0,0,0,0,0,0,0,0,0,0,0,0,0,0,0
"TACGATCCAAGCCACT-1_V11L05-333_A1",0.0637749948642269,0.104796798424506,0,0,0,0,0,0,0,0,0,0,0,0.420520046711088,0,0.410908160000178,0,0,0,0,0
"TACGATGTTGATCATC-1_V11L05-333_A1",0.713608892060159,0.286391107939841,0,0,0,0,0,0,0,0,0,0,0,0,0,0,0,0,0,0,0
"TACGCAGTTCTTTCCT-1_V11L05-333_A1",0.857587782063911,0.142412217936089,0,0,0,0,0,0,0,0,0,0,0,0,0,0,0,0,0,0,0
"TACGCCATATTCTAAT-1_V11L05-333_A1",0.69570757901069,0.30429242098931,0,0,0,0,0,0,0,0,0,0,0,0,0,0,0,0,0,0,0
"TACGCCGAGGGTACCC-1_V11L05-333_A1",0.0797110666304339,0.202603030459496,0.0907437227709343,0,0,0,0,0,0,0,0,0,0,0.330542357858555,0,0,0,0,0,0,0.29639982228058
"TACGCCGCCTCAGAAG-1_V11L05-333_A1",0.323507565433706,0.676492434566294,0,0,0,0,0,0,0,0,0,0,0,0,0,0,0,0,0,0,0
"TACGCCTCCATTCCGA-1_V11L05-333_A1",0.108105189983118,0.193029228374796,0,0,0,0,0,0,0,0,0,0,0,0,0,0,0,0,0,0.698865581642086,0
"TACGCTATAGAAACCT-1_V11L05-333_A1",0.561564132041499,0.23162291932421,0,0,0,0,0,0,0,0.206812948634291,0,0,0,0,0,0,0,0,0,0,0
"TACGCTCCTAGAACTG-1_V11L05-333_A1",0,0.151944843265151,0.0707607731158803,0.346877829500257,0,0,0,0,0,0,0,0,0.292811555694564,0,0,0,0,0,0,0,0.137604998424148
"TACGCTCGGTATTGGA-1_V11L05-333_A1",0.28720744626247,0.260676223942956,0.452116329794574,0,0,0,0,0,0,0,0,0,0,0,0,0,0,0,0,0,0
"TACGCTGATAGTTGTA-1_V11L05-333_A1",0.100599486673073,0.38824139283993,0.328521754549914,0,0,0,0,0,0,0,0,0,0,0,0,0,0,0,0,0,0.182637365937083
"TACGCTGCACGGTCGT-1_V11L05-333_A1",0.613527421213076,0.386472578786924,0,0,0,0,0,0,0,0,0,0,0,0,0,0,0,0,0,0,0
"TACGCTGCTGTGTTAA-1_V11L05-333_A1",0,0.229133823670721,0,0,0,0,0,0,0,0,0,0,0,0.562015817747481,0,0,0,0,0,0,0.208850358581799
"TACGGAAGCCAAACCA-1_V11L05-333_A1",0.100437005250992,0.356869481000823,0.300227517537693,0,0,0,0,0,0,0,0,0,0,0,0,0,0,0,0,0,0.242465996210492
"TACGGCATGGACGCTA-1_V11L05-333_A1",0.568784734401663,0.431215265598337,0,0,0,0,0,0,0,0,0,0,0,0,0,0,0,0,0,0,0
"TACGGGATGCTAGCAG-1_V11L05-333_A1",0.60976071157912,0.263226948565209,0.127012339855671,0,0,0,0,0,0,0,0,0,0,0,0,0,0,0,0,0,0
"TACGGGTAATAACATA-1_V11L05-333_A1",0.431642759772364,0.37895806382367,0,0,0,0,0,0,0,0,0,0,0,0,0,0,0,0,0,0,0.189399176403966
"TACGTAAAGCGGAGTG-1_V11L05-333_A1",0.799808783062339,0.200191216937661,0,0,0,0,0,0,0,0,0,0,0,0,0,0,0,0,0,0,0
"TACGTACTAGTGCTGA-1_V11L05-333_A1",0,0.429848711079185,0,0,0,0,0,0,0,0,0,0,0,0,0,0,0,0,0,0.323706802097497,0.246444486823318
"TACGTGCAAGGTTCCT-1_V11L05-333_A1",0.519427221870253,0.260053928699105,0,0,0,0,0,0,0,0,0,0,0,0,0,0.220518849430642,0,0,0,0,0
"TACGTGCACTATGCTG-1_V11L05-333_A1",0.783143356214215,0.216856643785785,0,0,0,0,0,0,0,0,0,0,0,0,0,0,0,0,0,0,0
"TACGTGGGCCCAGGGC-1_V11L05-333_A1",0.0456590412410732,0.148216310473766,0,0,0,0,0,0,0,0,0,0,0,0,0,0,0,0,0.289398319787506,0.516726328497655,0
"TACGTTTACCGGCAAT-1_V11L05-333_A1",0.481676682436028,0.194963757987717,0.205451055827191,0,0,0,0,0,0,0,0,0,0,0,0.117908503749065,0,0,0,0,0,0
"TACTACGTGCAATGCG-1_V11L05-333_A1",0.255325482383986,0.312143427792963,0.148452256849543,0,0,0,0,0,0,0,0,0,0,0.284078832973507,0,0,0,0,0,0,0
"TACTATGGTTCCTCAG-1_V11L05-333_A1",0.0238075778465352,0.117125349563601,0,0,0,0,0,0,0,0,0,0,0,0,0,0,0,0,0,0.859067072589864,0
"TACTCACAACGTAGTA-1_V11L05-333_A1",0.669410487562528,0.330589512437472,0,0,0,0,0,0,0,0,0,0,0,0,0,0,0,0,0,0,0
"TACTCATTGACGCATC-1_V11L05-333_A1",0.473439778430646,0.526560221569354,0,0,0,0,0,0,0,0,0,0,0,0,0,0,0,0,0,0,0
"TACTCCTCTAGTTGAC-1_V11L05-333_A1",0,0.125170065991253,0,0,0,0,0,0,0,0,0,0,0,0.496597879474046,0,0,0,0,0.378232054534701,0,0
"TACTCGGCACGCCGGG-1_V11L05-333_A1",0.547208896167108,0.275421723584441,0,0,0,0,0,0,0,0,0,0,0,0,0,0.177369380248451,0,0,0,0,0
"TACTCGTTTGAATCAA-1_V11L05-333_A1",0.168697773569165,0.350067477555031,0,0,0,0,0,0,0,0,0,0,0,0,0,0,0,0,0,0.481234748875804,0
"TACTCTCCGAACAAAT-1_V11L05-333_A1",0.573900437283498,0.23137516451785,0,0,0,0,0,0,0,0.194724398198651,0,0,0,0,0,0,0,0,0,0,0
"TACTCTTACTTTACTG-1_V11L05-333_A1",0.702482845482426,0.297517154517574,0,0,0,0,0,0,0,0,0,0,0,0,0,0,0,0,0,0,0
"TACTCTTTCGTCTTCA-1_V11L05-333_A1",0,0.294731729407344,0,0,0,0,0,0,0,0,0,0,0,0.440033252879635,0,0,0,0,0,0,0.26523501771302
"TACTGAACAGATTTAG-1_V11L05-333_A1",0,0.268807080343133,0.141789224792145,0,0,0,0,0,0.0652771677674444,0,0,0,0,0,0,0,0,0,0,0.311252966202255,0.212873560895022
"TACTGAGGGAAGAAAG-1_V11L05-333_A1",0.0904233454905768,0.355950944671285,0,0,0,0,0,0,0,0,0,0,0,0,0.302839495558682,0,0,0,0,0,0.250786214279456
"TACTGCAATCAATTAC-1_V11L05-333_A1",0.167051271359933,0.128141810989691,0,0,0,0,0,0,0,0,0,0,0,0,0,0.704806917650376,0,0,0,0,0
"TACTGCATGATTAAAT-1_V11L05-333_A1",0,0.149210248348253,0,0.71892459347043,0,0,0,0,0,0,0,0,0,0,0,0,0,0,0,0,0.131865158181317
"TACTGGACAGCTCGGC-1_V11L05-333_A1",0.393075117919869,0.182145359558611,0,0,0,0,0,0,0,0,0,0,0,0.311610137526271,0,0,0.113169384995249,0,0,0,0
"TACTGTTTCTCTGGTA-1_V11L05-333_A1",0.616228686918054,0.222960296792757,0.16081101628919,0,0,0,0,0,0,0,0,0,0,0,0,0,0,0,0,0,0
"TACTTAAACATGTACA-1_V11L05-333_A1",0.536731013828475,0.303187165461957,0.160081820709568,0,0,0,0,0,0,0,0,0,0,0,0,0,0,0,0,0,0
"TACTTGTTAGTAGTCC-1_V11L05-333_A1",0.767370070622552,0.232629929377448,0,0,0,0,0,0,0,0,0,0,0,0,0,0,0,0,0,0,0
"TACTTTACTGAGCCGG-1_V11L05-333_A1",0.700667278775251,0.299332721224749,0,0,0,0,0,0,0,0,0,0,0,0,0,0,0,0,0,0,0
"TACTTTCCGCACGCCA-1_V11L05-333_A1",0.0594791974395462,0.317809567655587,0,0,0,0,0,0,0,0,0,0,0,0,0,0,0,0,0,0.385333464648336,0.237377770256531
"TAGAAACACAATAGTG-1_V11L05-333_A1",0.349397580383613,0.195179057487711,0.0668206141945256,0,0,0,0,0,0,0,0,0,0,0,0,0.388602747934151,0,0,0,0,0
"TAGAAACCACTAAGTA-1_V11L05-333_A1",0.275023337451333,0.297231302198147,0.112324821877964,0,0,0,0,0,0,0,0,0,0,0,0,0.315420538472556,0,0,0,0,0
"TAGAAAGGTGGCGCTA-1_V11L05-333_A1",0.599978389332036,0.400021610667964,0,0,0,0,0,0,0,0,0,0,0,0,0,0,0,0,0,0,0
"TAGAAATTCACGTATA-1_V11L05-333_A1",0.321044775241799,0.261655662838821,0,0,0,0,0,0,0,0,0,0,0,0.41729956191938,0,0,0,0,0,0,0
"TAGAACGCCAGTAACG-1_V11L05-333_A1",0.69709540222019,0.30290459777981,0,0,0,0,0,0,0,0,0,0,0,0,0,0,0,0,0,0,0
"TAGAAGAAGGGTTACA-1_V11L05-333_A1",0.5078376192561,0.304785929387573,0.187376451356327,0,0,0,0,0,0,0,0,0,0,0,0,0,0,0,0,0,0
"TAGAATAGCCGATGAA-1_V11L05-333_A1",0.551988035295756,0.448011964704244,0,0,0,0,0,0,0,0,0,0,0,0,0,0,0,0,0,0,0
"TAGAATTAAGGGCAAC-1_V11L05-333_A1",0.439579695624824,0.359269499035492,0.201150805339684,0,0,0,0,0,0,0,0,0,0,0,0,0,0,0,0,0,0
"TAGACGAAACGCCAAT-1_V11L05-333_A1",0.247495041970486,0.335996943169239,0.158002277147612,0,0,0,0,0,0,0,0,0,0,0,0,0,0,0,0,0,0.258505737712663
"TAGACGCCCGTACCGG-1_V11L05-333_A1",0.61473568161087,0.207170747955481,0.178093570433649,0,0,0,0,0,0,0,0,0,0,0,0,0,0,0,0,0,0
"TAGACTACCTAGCGTT-1_V11L05-333_A1",0.796021275258478,0.203978724741522,0,0,0,0,0,0,0,0,0,0,0,0,0,0,0,0,0,0,0
"TAGACTCAGTTGGCCT-1_V11L05-333_A1",0,0.341646771383915,0,0,0,0,0,0,0,0,0,0,0,0.313454132963556,0,0,0,0,0,0,0.344899095652529
"TAGAGATCATGCAACT-1_V11L05-333_A1",0,0.327101459160233,0,0,0,0,0,0,0,0,0,0,0,0,0,0,0,0,0,0.479245780309603,0.193652760530163
"TAGAGCTACGAAGAAC-1_V11L05-333_A1",0.590541750707865,0.283379270236176,0.126078979055959,0,0,0,0,0,0,0,0,0,0,0,0,0,0,0,0,0,0
"TAGAGGGAGTTTATCT-1_V11L05-333_A1",0,0.28641544614202,0,0,0,0,0,0,0,0,0,0,0,0.534373920095727,0,0,0,0,0,0,0.179210633762253
"TAGAGGTTCTACTTGT-1_V11L05-333_A1",0.620582150350649,0.232495001154976,0.146922848494376,0,0,0,0,0,0,0,0,0,0,0,0,0,0,0,0,0,0
"TAGAGTCTAAGCGAAC-1_V11L05-333_A1",0.646627817239312,0.353372182760688,0,0,0,0,0,0,0,0,0,0,0,0,0,0,0,0,0,0,0
"TAGAGTGTTCCGGGTA-1_V11L05-333_A1",0.692387140460812,0.307612859539188,0,0,0,0,0,0,0,0,0,0,0,0,0,0,0,0,0,0,0
"TAGATATGGACTGGAA-1_V11L05-333_A1",0.437595211492234,0.441491519325047,0,0,0,0,0,0,0,0,0,0,0,0,0,0,0,0,0,0.120913269182719,0
"TAGATCCGAAGTCGCA-1_V11L05-333_A1",0.265255402729824,0.276989159712314,0.457755437557863,0,0,0,0,0,0,0,0,0,0,0,0,0,0,0,0,0,0
"TAGATGGTTCCTTACT-1_V11L05-333_A1",0.615063608005289,0.384936391994711,0,0,0,0,0,0,0,0,0,0,0,0,0,0,0,0,0,0,0
"TAGATTCAAAGTGCGG-1_V11L05-333_A1",0.0514393558118334,0.231720140622071,0,0,0,0,0,0,0,0,0,0,0,0.549229758336283,0,0,0,0,0,0,0.167610745229813
"TAGATTCCTGGTTATT-1_V11L05-333_A1",0.537104849513435,0.462895150486565,0,0,0,0,0,0,0,0,0,0,0,0,0,0,0,0,0,0,0
"TAGATTCTCTAGCAAA-1_V11L05-333_A1",0.598924886202558,0.401075113797442,0,0,0,0,0,0,0,0,0,0,0,0,0,0,0,0,0,0,0
"TAGCAACCTGTCACAA-1_V11L05-333_A1",0.689078103150691,0.310921896849309,0,0,0,0,0,0,0,0,0,0,0,0,0,0,0,0,0,0,0
"TAGCAGATACTTAGGG-1_V11L05-333_A1",0.583514566854838,0.416485433145162,0,0,0,0,0,0,0,0,0,0,0,0,0,0,0,0,0,0,0
"TAGCAGTAAATACGCG-1_V11L05-333_A1",0.0648430329127149,0.153699528032887,0.102559463957744,0,0,0,0,0,0,0,0,0,0,0,0.485350850108873,0,0,0,0,0,0.19354712498778
"TAGCAGTATGACTAAA-1_V11L05-333_A1",0.704926083225438,0.295073916774562,0,0,0,0,0,0,0,0,0,0,0,0,0,0,0,0,0,0,0
"TAGCCAGAGGGTCCGG-1_V11L05-333_A1",0.52822697567044,0.309101788806689,0.162671235522871,0,0,0,0,0,0,0,0,0,0,0,0,0,0,0,0,0,0
"TAGCCATGATTGCCTA-1_V11L05-333_A1",0.159229511469434,0.572761829800237,0.268008658730329,0,0,0,0,0,0,0,0,0,0,0,0,0,0,0,0,0,0
"TAGCCATTTCAAAGTC-1_V11L05-333_A1",0.695852128198868,0.304147871801132,0,0,0,0,0,0,0,0,0,0,0,0,0,0,0,0,0,0,0
"TAGCCGGCGGTCAGCG-1_V11L05-333_A1",0.76683318725496,0.23316681274504,0,0,0,0,0,0,0,0,0,0,0,0,0,0,0,0,0,0,0
"TAGCGTCCCTCGATTG-1_V11L05-333_A1",0.422507747307595,0.335205465223427,0.242286787468978,0,0,0,0,0,0,0,0,0,0,0,0,0,0,0,0,0,0
"TAGCGTCCGGTGTGGT-1_V11L05-333_A1",0.773654670028497,0.226345329971503,0,0,0,0,0,0,0,0,0,0,0,0,0,0,0,0,0,0,0
"TAGCGTCGAATATTGA-1_V11L05-333_A1",0.199215680039503,0.3808226567895,0.160041637035282,0,0,0,0,0,0,0,0,0,0,0,0,0,0.259920026135715,0,0,0,0
"TAGCGTTGGGTCTTAC-1_V11L05-333_A1",0.832597904686133,0.167402095313867,0,0,0,0,0,0,0,0,0,0,0,0,0,0,0,0,0,0,0
"TAGCTAAGTCCGGGAG-1_V11L05-333_A1",0.769376678408441,0.230623321591559,0,0,0,0,0,0,0,0,0,0,0,0,0,0,0,0,0,0,0
"TAGCTAGAAGGCATGA-1_V11L05-333_A1",0.293041263167025,0.456340052793737,0,0,0,0,0,0,0,0,0,0,0,0,0,0,0,0,0,0,0.250618684039238
"TAGCTAGTGATGATGG-1_V11L05-333_A1",0,0.180614073223054,0.169194916316554,0,0,0,0,0,0,0,0,0,0,0.105333329868198,0,0,0,0,0.281616755443738,0,0.263240925148457
"TAGCTCACTGTGTTTG-1_V11L05-333_A1",0.705100942833061,0.294899057166939,0,0,0,0,0,0,0,0,0,0,0,0,0,0,0,0,0,0,0
"TAGCTCAGATCCTAGT-1_V11L05-333_A1",0,0.340003441037942,0.434720466647667,0,0,0,0,0,0,0,0,0,0,0,0,0,0,0,0,0,0.225276092314391
"TAGCTCGCCTGATAAC-1_V11L05-333_A1",0.153215228652613,0.846784771347387,0,0,0,0,0,0,0,0,0,0,0,0,0,0,0,0,0,0,0
"TAGCTGATGTGAAGCG-1_V11L05-333_A1",0.255400322597596,0.45516237611269,0.289437301289715,0,0,0,0,0,0,0,0,0,0,0,0,0,0,0,0,0,0
"TAGGAACAGCCTCCAG-1_V11L05-333_A1",0.231989791863722,0.112267451218917,0,0,0,0,0,0,0,0,0,0,0,0,0,0.655742756917361,0,0,0,0,0
"TAGGAGGCTCGAGAAC-1_V11L05-333_A1",0.522018037435045,0.266911184357216,0.211070778207739,0,0,0,0,0,0,0,0,0,0,0,0,0,0,0,0,0,0
"TAGGATCTTAACCGCA-1_V11L05-333_A1",0.0616149930017381,0.150729124576149,0,0.395789988383216,0,0,0,0,0,0,0,0,0,0.158227141086968,0,0,0,0,0,0,0.233638752951929
"TAGGCATGTTACGCCA-1_V11L05-333_A1",0.553055307991081,0.274927210883711,0,0,0,0,0,0,0,0,0,0,0,0,0,0,0,0.172017481125208,0,0,0
"TAGGCCTATATAGTCT-1_V11L05-333_A1",0.847415846686602,0.152584153313398,0,0,0,0,0,0,0,0,0,0,0,0,0,0,0,0,0,0,0
"TAGGCGATGAGGTCTC-1_V11L05-333_A1",0.0539333604481009,0.144425166808061,0,0,0,0,0,0,0,0,0,0,0,0,0,0,0,0,0.382952665045575,0.287876622648183,0.13081218505008
"TAGGCGGCTGCAAAGA-1_V11L05-333_A1",0,0.165195284383098,0.0788738156172788,0,0.305027014112467,0,0,0,0,0,0,0,0,0.450903885887156,0,0,0,0,0,0,0
"TAGGCTAAAGTGGCAC-1_V11L05-333_A1",0.621573830189391,0.257912950238111,0.120513219572498,0,0,0,0,0,0,0,0,0,0,0,0,0,0,0,0,0,0
"TAGGGAGCTTGGGATG-1_V11L05-333_A1",0.629471190767015,0.206998121808638,0,0,0,0,0,0,0,0,0,0,0,0,0,0,0,0.163530687424347,0,0,0
"TAGGGTGTTTCAAGAG-1_V11L05-333_A1",0.219917910554991,0.238036104284712,0.312053588834018,0,0,0,0,0,0.229992396326279,0,0,0,0,0,0,0,0,0,0,0,0
"TAGGTCCAAGTAAGGA-1_V11L05-333_A1",0.523055456885081,0.328373991562765,0.148570551552154,0,0,0,0,0,0,0,0,0,0,0,0,0,0,0,0,0,0
"TAGGTCGCCGGAACTG-1_V11L05-333_A1",0.496636184327879,0.277266259036798,0.226097556635323,0,0,0,0,0,0,0,0,0,0,0,0,0,0,0,0,0,0
"TAGGTGACGATAACCT-1_V11L05-333_A1",0.763398537334848,0.236601462665152,0,0,0,0,0,0,0,0,0,0,0,0,0,0,0,0,0,0,0
"TAGGTGAGCCCTACTC-1_V11L05-333_A1",0.604787472980508,0.255835845723116,0.139376681296376,0,0,0,0,0,0,0,0,0,0,0,0,0,0,0,0,0,0
"TAGGTGCTCGCCTAGC-1_V11L05-333_A1",0.726543467451796,0.165388882750097,0.108067649798107,0,0,0,0,0,0,0,0,0,0,0,0,0,0,0,0,0,0
"TAGGTGTTCCACAGAT-1_V11L05-333_A1",0.0617748871446619,0.184147439924157,0,0,0,0,0,0,0,0,0,0,0,0,0,0,0,0,0,0.754077672931181,0
"TAGGTTCGAGTTCGTC-1_V11L05-333_A1",0.628556733349992,0.253182828664749,0.118260437985259,0,0,0,0,0,0,0,0,0,0,0,0,0,0,0,0,0,0
"TAGGTTCTGCTGAGAA-1_V11L05-333_A1",0,0.145879266255185,0.0661399538435169,0.499030001373095,0,0,0,0,0,0,0,0,0,0.288950778528204,0,0,0,0,0,0,0
"TAGTACCACAACTTTC-1_V11L05-333_A1",0,0.225506049123552,0,0,0,0,0,0,0,0,0.239144217140363,0,0,0.364787855276834,0,0,0,0,0,0,0.170561878459251
"TAGTACCTTAGTGGTC-1_V11L05-333_A1",0.616564269129998,0.383435730870002,0,0,0,0,0,0,0,0,0,0,0,0,0,0,0,0,0,0,0
"TAGTAGCTTATACCAG-1_V11L05-333_A1",0.0885840067915703,0.239019547366435,0,0,0,0,0,0,0,0,0,0,0,0.153958874772353,0,0,0,0,0.260684871060346,0,0.257752700009296
"TAGTAGTTGCCGGACA-1_V11L05-333_A1",0.045044608070075,0.174340435865266,0,0.507203756993693,0,0,0,0,0,0,0,0,0,0.148693465177014,0,0,0,0,0,0,0.124717733893953
"TAGTCCCGGAGACCAC-1_V11L05-333_A1",0,0.299043458625123,0.106523336025167,0,0,0,0,0,0,0,0,0,0,0,0.386120784095902,0,0,0,0,0,0.208312421253808
"TAGTCCGCAGAGAATG-1_V11L05-333_A1",0.851833956123588,0.148166043876412,0,0,0,0,0,0,0,0,0,0,0,0,0,0,0,0,0,0,0
"TAGTCCGTATGCATAA-1_V11L05-333_A1",0.704107466442619,0.197259881247469,0.0986326523099114,0,0,0,0,0,0,0,0,0,0,0,0,0,0,0,0,0,0
"TAGTCCTGCACTAAGC-1_V11L05-333_A1",0,0.236257102414874,0.0832060864574244,0,0,0,0,0,0,0,0,0,0,0.468286359898512,0,0,0,0,0,0,0.212250451229189
"TAGTCGATCACGGGTT-1_V11L05-333_A1",0.780391364455524,0.219608635544475,0,0,0,0,0,0,0,0,0,0,0,0,0,0,0,0,0,0,0
"TAGTCGGGATTCTTCG-1_V11L05-333_A1",0.733880246751144,0.266119753248856,0,0,0,0,0,0,0,0,0,0,0,0,0,0,0,0,0,0,0
"TAGTCTAACAACGAGA-1_V11L05-333_A1",0.244334643915609,0.151887959582441,0,0,0,0,0,0,0,0,0,0,0,0,0.200238172331759,0.403539224170192,0,0,0,0,0
"TAGTCTGCGGCACATT-1_V11L05-333_A1",0,0.336901385624044,0.125961703730763,0,0,0,0,0,0,0,0,0,0.296837479888383,0,0,0,0,0,0,0,0.24029943075681
"TAGTCTGTGACGTTGC-1_V11L05-333_A1",0.207550515959934,0.116386095924383,0,0,0,0,0,0,0,0,0,0,0,0,0,0.676063388115683,0,0,0,0,0
"TAGTCTTTCCGAATTG-1_V11L05-333_A1",0.734418098413321,0.265581901586679,0,0,0,0,0,0,0,0,0,0,0,0,0,0,0,0,0,0,0
"TAGTGACAAGCTCTAC-1_V11L05-333_A1",0.572693949380473,0.276556583228594,0.150749467390932,0,0,0,0,0,0,0,0,0,0,0,0,0,0,0,0,0,0
"TAGTGAGAAGTGGTTG-1_V11L05-333_A1",0.553421017129197,0.446578982870803,0,0,0,0,0,0,0,0,0,0,0,0,0,0,0,0,0,0,0
"TAGTGCCCTCCAGAGT-1_V11L05-333_A1",0.798871291686218,0.201128708313782,0,0,0,0,0,0,0,0,0,0,0,0,0,0,0,0,0,0,0
"TAGTGCTTGAATCCTT-1_V11L05-333_A1",0.766484522568676,0.233515477431324,0,0,0,0,0,0,0,0,0,0,0,0,0,0,0,0,0,0,0
"TAGTGGAACTCATACA-1_V11L05-333_A1",0.209352795124939,0.196981913273879,0.178659432453911,0,0,0,0,0,0,0,0,0,0,0,0,0.415005859147271,0,0,0,0,0
"TAGTGTCAGAAACGGC-1_V11L05-333_A1",0.711089344378096,0.288910655621904,0,0,0,0,0,0,0,0,0,0,0,0,0,0,0,0,0,0,0
"TAGTTAAGATAGGATA-1_V11L05-333_A1",0.508418806662811,0.491581193337189,0,0,0,0,0,0,0,0,0,0,0,0,0,0,0,0,0,0,0
"TAGTTTATTCTTGCTT-1_V11L05-333_A1",0.638798723908009,0.361201276091991,0,0,0,0,0,0,0,0,0,0,0,0,0,0,0,0,0,0,0
"TAGTTTGATCGGTCGC-1_V11L05-333_A1",0.261549848994041,0.443074292648468,0,0,0,0,0,0,0,0,0,0,0,0,0,0,0,0,0,0,0.295375858357491
"TATAAATCCACAAGCT-1_V11L05-333_A1",0.658429005258921,0.341570994741079,0,0,0,0,0,0,0,0,0,0,0,0,0,0,0,0,0,0,0
"TATAAGTGAGGATAGC-1_V11L05-333_A1",0.570550098793147,0.429449901206853,0,0,0,0,0,0,0,0,0,0,0,0,0,0,0,0,0,0,0
"TATACACAGACGCCTT-1_V11L05-333_A1",0.407818989435355,0.375142361624104,0.21703864894054,0,0,0,0,0,0,0,0,0,0,0,0,0,0,0,0,0,0
"TATACACGCAAAGTAT-1_V11L05-333_A1",0.669764654334868,0.212667985509813,0.117567360155319,0,0,0,0,0,0,0,0,0,0,0,0,0,0,0,0,0,0
"TATACCGAGTGCCACA-1_V11L05-333_A1",0.623709823815826,0.376290176184174,0,0,0,0,0,0,0,0,0,0,0,0,0,0,0,0,0,0,0
"TATACGCGTCATCACT-1_V11L05-333_A1",0.199949221049282,0.457753015878484,0,0,0,0,0,0,0,0,0,0,0,0,0,0,0,0,0,0.342297763072235,0
"TATACTCATGCGGCAA-1_V11L05-333_A1",0.396807015812333,0.233109599424431,0,0,0,0,0,0,0,0,0,0,0,0,0,0.370083384763236,0,0,0,0,0
"TATAGAGTCGCTTGAA-1_V11L05-333_A1",0,0.346102935707324,0,0,0,0,0,0,0,0,0,0,0,0.423520483249877,0,0,0,0,0,0,0.230376581042799
"TATAGATGGTCGCAGT-1_V11L05-333_A1",0.296123406155931,0.274667828498741,0.214444924398984,0,0,0,0,0,0,0,0,0,0,0,0,0.214763840946344,0,0,0,0,0
"TATAGCGCACGTTATC-1_V11L05-333_A1",0.0682415583117681,0.319549979204308,0,0,0,0,0,0,0,0,0,0,0,0.0953012570418945,0,0,0,0,0,0.328344725947382,0.188562479494648
"TATAGCTATTATCTCT-1_V11L05-333_A1",0.270864470359151,0.579892473929981,0.149243055710868,0,0,0,0,0,0,0,0,0,0,0,0,0,0,0,0,0,0
"TATAGGGTACTCATGA-1_V11L05-333_A1",0.201334577919731,0.293440313668338,0.238029257755348,0,0,0,0,0,0,0,0,0,0,0,0.267195850656583,0,0,0,0,0,0
"TATAGTTAGGTGTACT-1_V11L05-333_A1",0.0889756580128586,0.439109056281867,0,0,0,0,0,0,0.192451808404662,0,0,0,0,0,0,0,0,0,0,0,0.279463477300612
"TATATAGGGCTTTACG-1_V11L05-333_A1",0.219261699445487,0.247541971441208,0,0,0,0,0,0,0,0,0,0,0,0.331531124432178,0,0,0,0,0,0,0.201665204681127
"TATATATCGAGAAATG-1_V11L05-333_A1",0.144336752671432,0.278693905329001,0,0,0,0,0,0,0,0.148744605987277,0,0,0,0.216114937812735,0,0,0,0,0,0,0.212109798199556
"TATATCAAAGTGATCT-1_V11L05-333_A1",0,0.157077606452966,0,0,0.386444721822573,0,0,0,0,0,0,0,0.456477671724461,0,0,0,0,0,0,0,0
"TATATCATTGATCAGT-1_V11L05-333_A1",0.259557547693454,0.229734297730413,0,0,0,0,0,0,0,0,0,0,0,0.124847791798933,0,0.3858603627772,0,0,0,0,0
"TATATCCCTGGGAGGA-1_V11L05-333_A1",0.502891167818648,0.179853116142522,0.31725571603883,0,0,0,0,0,0,0,0,0,0,0,0,0,0,0,0,0,0
"TATATGCTGGGTTGCC-1_V11L05-333_A1",0.660970633105882,0.339029366894118,0,0,0,0,0,0,0,0,0,0,0,0,0,0,0,0,0,0,0
"TATATTACAAATGTCG-1_V11L05-333_A1",0.135173631929639,0.217808809205595,0.236153133797181,0,0,0,0,0,0.410864425067585,0,0,0,0,0,0,0,0,0,0,0,0
"TATATTCGCGTCGATA-1_V11L05-333_A1",0.719554915318141,0.280445084681859,0,0,0,0,0,0,0,0,0,0,0,0,0,0,0,0,0,0,0
"TATCAAAGGTCTGTAA-1_V11L05-333_A1",0.575327336817782,0.287064233497968,0,0,0,0,0,0,0,0,0,0,0,0,0,0,0,0.13760842968425,0,0,0
"TATCACAGCACGGGCA-1_V11L05-333_A1",0.632074601487986,0.367925398512014,0,0,0,0,0,0,0,0,0,0,0,0,0,0,0,0,0,0,0
"TATCACCATGTAAAGT-1_V11L05-333_A1",0.341374034665942,0.323057299795561,0.160580523393136,0,0,0,0,0,0,0,0,0,0,0,0,0.174988142145361,0,0,0,0,0
"TATCACCCAACCGACC-1_V11L05-333_A1",0.483540176386735,0.396541800215758,0.119918023397507,0,0,0,0,0,0,0,0,0,0,0,0,0,0,0,0,0,0
"TATCACTTCGAGTAAC-1_V11L05-333_A1",0.643733091204941,0.192188203926774,0,0,0,0,0,0,0,0,0,0,0,0,0,0.164078704868286,0,0,0,0,0
"TATCAGTGGCGTAGTC-1_V11L05-333_A1",0.103781405041683,0.262760364665036,0,0,0,0,0,0,0,0,0.633458230293281,0,0,0,0,0,0,0,0,0,0
"TATCCAATTGGTTATC-1_V11L05-333_A1",0.808428078834669,0.191571921165331,0,0,0,0,0,0,0,0,0,0,0,0,0,0,0,0,0,0,0
"TATCCATATCATGCGA-1_V11L05-333_A1",0.670521561824323,0.329478438175677,0,0,0,0,0,0,0,0,0,0,0,0,0,0,0,0,0,0,0
"TATCCATCTCGGTTAG-1_V11L05-333_A1",0,0.214378996708273,0,0,0,0,0,0,0,0,0.322360465928199,0,0,0.23726103206691,0,0,0,0,0,0,0.225999505296618
"TATCCCTCGATCTGCA-1_V11L05-333_A1",0.13560947535378,0.328257690122399,0,0,0.300471171162919,0,0,0,0,0,0,0,0,0,0,0,0,0,0,0,0.235661663360902
"TATCCGCACCGTCGGG-1_V11L05-333_A1",0.0611639563610028,0.154151149957236,0,0,0,0,0,0,0,0,0,0,0,0,0,0,0,0,0.261608363154603,0.523076530527158,0
"TATCCTATCAACTGGT-1_V11L05-333_A1",0.0974859602599832,0.17796397960705,0.114088326571099,0,0,0,0,0,0,0,0,0,0,0.372738673413589,0,0,0,0,0,0,0.237723060148279
"TATCCTGCATGGGAAT-1_V11L05-333_A1",0.346647926637159,0.191297226986458,0.115628210566087,0,0,0,0,0,0,0,0,0,0,0.346426635810296,0,0,0,0,0,0,0
"TATCGATCTATGCATA-1_V11L05-333_A1",0.653395695770857,0.346604304229143,0,0,0,0,0,0,0,0,0,0,0,0,0,0,0,0,0,0,0
"TATCGATGATTAAACG-1_V11L05-333_A1",0.462282060667878,0.27132723169586,0.266390707636262,0,0,0,0,0,0,0,0,0,0,0,0,0,0,0,0,0,0
"TATCTACAGAGGTAAT-1_V11L05-333_A1",0.557998760421841,0.288242591489648,0.153758648088511,0,0,0,0,0,0,0,0,0,0,0,0,0,0,0,0,0,0
"TATCTACCACAGCGGG-1_V11L05-333_A1",0.581293941720001,0.256525882453675,0.162180175826324,0,0,0,0,0,0,0,0,0,0,0,0,0,0,0,0,0,0
"TATCTAGCCTAAAGGA-1_V11L05-333_A1",0.566451956180276,0.236711743737651,0.0935478252485301,0,0,0,0,0,0,0,0,0,0,0,0,0,0,0,0,0.103288474833542,0
"TATCTGAGCCGATATT-1_V11L05-333_A1",0,0.41406536343751,0.137750926394052,0,0,0,0,0,0,0,0,0,0,0.448183710168438,0,0,0,0,0,0,0
"TATCTTGCAATACAAC-1_V11L05-333_A1",0.191175188046967,0.348131976766144,0,0,0,0,0,0,0,0,0,0,0,0,0,0,0,0,0,0.220229153364325,0.240463681822565
"TATGAAGAATTAAGGT-1_V11L05-333_A1",0.743293996852354,0.256706003147646,0,0,0,0,0,0,0,0,0,0,0,0,0,0,0,0,0,0,0
"TATGAAGACAGGTGCG-1_V11L05-333_A1",0.794651913275295,0.205348086724705,0,0,0,0,0,0,0,0,0,0,0,0,0,0,0,0,0,0,0
"TATGACCTTGCGCTGG-1_V11L05-333_A1",0,0.148964376827451,0,0,0,0,0,0,0,0,0,0,0,0,0,0,0,0,0,0.851035623172549,0
"TATGATAAATCTAACG-1_V11L05-333_A1",0.226987870843735,0.217996619539978,0,0,0,0,0,0,0,0,0,0,0,0.555015509616287,0,0,0,0,0,0,0
"TATGATCCGGCACGCC-1_V11L05-333_A1",0.826569672368298,0.173430327631702,0,0,0,0,0,0,0,0,0,0,0,0,0,0,0,0,0,0,0
"TATGATCTTCTCTTTA-1_V11L05-333_A1",0.616902367611998,0.383097632388002,0,0,0,0,0,0,0,0,0,0,0,0,0,0,0,0,0,0,0
"TATGATTCTGCTTGGT-1_V11L05-333_A1",0.800022238757754,0.199977761242246,0,0,0,0,0,0,0,0,0,0,0,0,0,0,0,0,0,0,0
"TATGCTCCCTACTTAC-1_V11L05-333_A1",0.582141833325226,0.30141442357708,0.116443743097694,0,0,0,0,0,0,0,0,0,0,0,0,0,0,0,0,0,0
"TATGGAGTTTCTCGTT-1_V11L05-333_A1",0.476442926554857,0.523557073445143,0,0,0,0,0,0,0,0,0,0,0,0,0,0,0,0,0,0,0
"TATGGATGTGCTACGC-1_V11L05-333_A1",0.621791071206522,0.378208928793478,0,0,0,0,0,0,0,0,0,0,0,0,0,0,0,0,0,0,0
"TATGGCAGACTTTCGA-1_V11L05-333_A1",0.646916632979874,0.208583263424505,0.14450010359562,0,0,0,0,0,0,0,0,0,0,0,0,0,0,0,0,0,0
"TATGGCCCGGCCTCGC-1_V11L05-333_A1",0.655475068636839,0.344524931363161,0,0,0,0,0,0,0,0,0,0,0,0,0,0,0,0,0,0,0
"TATGGCTAGGCTAATT-1_V11L05-333_A1",0.256052838020988,0.235868182945035,0,0,0,0,0,0,0,0,0,0,0,0,0.508078979033977,0,0,0,0,0,0
"TATGGGACCGAGCAGG-1_V11L05-333_A1",0.715812183960844,0.172245037436055,0.1119427786031,0,0,0,0,0,0,0,0,0,0,0,0,0,0,0,0,0,0
"TATGGGTACGTATCGT-1_V11L05-333_A1",0.754012389245725,0.161662523419039,0.0843250873352367,0,0,0,0,0,0,0,0,0,0,0,0,0,0,0,0,0,0
"TATGGTCTGAGTAACA-1_V11L05-333_A1",0.740250322015692,0.156649189043356,0.103100488940951,0,0,0,0,0,0,0,0,0,0,0,0,0,0,0,0,0,0
"TATGGTTAGTGGGAGA-1_V11L05-333_A1",0.715111646105946,0.284888353894054,0,0,0,0,0,0,0,0,0,0,0,0,0,0,0,0,0,0,0
"TATGTAAAGTGCTTAA-1_V11L05-333_A1",0.0966940162039155,0.154879569027452,0,0,0,0,0,0,0,0,0,0,0,0.161849326089001,0,0,0,0,0.466997009691035,0,0.119580078988596
"TATGTAGAAACCCGGC-1_V11L05-333_A1",0,0.133924187035075,0.0621664796629019,0,0,0,0,0,0,0,0,0,0,0.594008162612266,0,0,0,0,0,0,0.209901170689756
"TATGTCAAGACCGACT-1_V11L05-333_A1",0.65094174908388,0.34905825091612,0,0,0,0,0,0,0,0,0,0,0,0,0,0,0,0,0,0,0
"TATGTCTCATTGTGCC-1_V11L05-333_A1",0.684805862663546,0.171425165314527,0.143768972021927,0,0,0,0,0,0,0,0,0,0,0,0,0,0,0,0,0,0
"TATTAACACCAAAGCA-1_V11L05-333_A1",0.230597843357242,0.330921152616542,0.139348942470709,0,0,0,0,0,0,0,0,0,0,0,0,0,0,0,0,0,0.299132061555507
"TATTAACCTGACCGCG-1_V11L05-333_A1",0.118233132591964,0.240812489726124,0,0,0,0,0,0,0,0,0,0,0,0,0,0,0,0,0,0.477027254941628,0.163927122740283
"TATTACCATCCTGCTT-1_V11L05-333_A1",0.365431431424112,0.198794250759453,0.435774317816434,0,0,0,0,0,0,0,0,0,0,0,0,0,0,0,0,0,0
"TATTATGTTTGCCTGC-1_V11L05-333_A1",0.122292539139186,0.463870076859569,0,0,0,0,0,0,0,0,0,0,0,0,0,0,0,0,0,0,0.413837384001244
"TATTCAATTCTAATCC-1_V11L05-333_A1",0.716338384151903,0.283661615848098,0,0,0,0,0,0,0,0,0,0,0,0,0,0,0,0,0,0,0
"TATTCCACTCAGCTCG-1_V11L05-333_A1",0.437146004060275,0.562853995939725,0,0,0,0,0,0,0,0,0,0,0,0,0,0,0,0,0,0,0
"TATTCCGAGCTGTTAT-1_V11L05-333_A1",0.816661512532555,0.183338487467445,0,0,0,0,0,0,0,0,0,0,0,0,0,0,0,0,0,0,0
"TATTCCGGCAGTCCTA-1_V11L05-333_A1",0.514121072932772,0.485878927067228,0,0,0,0,0,0,0,0,0,0,0,0,0,0,0,0,0,0,0
"TATTCCTCCGCCCACT-1_V11L05-333_A1",0.0430859388406404,0.114618122036756,0,0,0,0,0,0,0,0,0,0,0,0,0,0,0,0,0.399339535994286,0.332125997654466,0.110830405473852
"TATTCGTGCCAGAATA-1_V11L05-333_A1",0.845594115637801,0.1544058843622,0,0,0,0,0,0,0,0,0,0,0,0,0,0,0,0,0,0,0
"TATTGACATTTCTGCC-1_V11L05-333_A1",0.691876153799398,0.308123846200602,0,0,0,0,0,0,0,0,0,0,0,0,0,0,0,0,0,0,0
"TATTGCCGGGCTTGTA-1_V11L05-333_A1",0.725324558273295,0.274675441726705,0,0,0,0,0,0,0,0,0,0,0,0,0,0,0,0,0,0,0
"TATTTAGTCTAGATCG-1_V11L05-333_A1",0.80235075751724,0.19764924248276,0,0,0,0,0,0,0,0,0,0,0,0,0,0,0,0,0,0,0
"TATTTATACCGAGTAG-1_V11L05-333_A1",0.387354163698158,0.166591939183152,0,0,0,0,0,0,0,0,0,0,0,0,0,0.44605389711869,0,0,0,0,0
"TATTTGATTTGCACAG-1_V11L05-333_A1",0.254202919788396,0.322889517983769,0,0,0,0,0,0,0,0,0,0,0,0,0,0.422907562227835,0,0,0,0,0
"TATTTGTTACCCTTTA-1_V11L05-333_A1",0.755162228883309,0.244837771116691,0,0,0,0,0,0,0,0,0,0,0,0,0,0,0,0,0,0,0
"TCAAACAACCGCGTCG-1_V11L05-333_A1",0.644750225952524,0.355249774047476,0,0,0,0,0,0,0,0,0,0,0,0,0,0,0,0,0,0,0
"TCAAACAATTAGGACA-1_V11L05-333_A1",0.0655991260797248,0.17460396802228,0,0,0,0,0,0,0,0,0,0,0,0,0.598652937957309,0,0,0,0,0,0.161143967940687
"TCAAACTTAGATTGTT-1_V11L05-333_A1",0.505138699807023,0.25988490052004,0.234976399672938,0,0,0,0,0,0,0,0,0,0,0,0,0,0,0,0,0,0
"TCAAAGAGCTATCTGT-1_V11L05-333_A1",0.0782552971710051,0.256988324343733,0.100404615112015,0,0,0,0,0,0,0,0,0,0,0.313982508694638,0,0,0,0,0,0,0.250369254678609
"TCAAAGTCACGGCGTC-1_V11L05-333_A1",0.0783882268211246,0.297281143921062,0,0,0,0,0,0,0,0,0,0,0,0.292608368712488,0,0,0,0,0,0,0.331722260545325
"TCAAATTATGTTCGAC-1_V11L05-333_A1",0.752491919543103,0.247508080456897,0,0,0,0,0,0,0,0,0,0,0,0,0,0,0,0,0,0,0
"TCAAATTGTTGTGCCG-1_V11L05-333_A1",0.19456161970833,0.450170281328214,0,0,0,0,0,0,0,0,0,0,0,0,0,0,0,0,0,0.355268098963457,0
"TCAAATTTGAGACTCA-1_V11L05-333_A1",0.648776259284185,0.351223740715815,0,0,0,0,0,0,0,0,0,0,0,0,0,0,0,0,0,0,0
"TCAACAAAGATAATTC-1_V11L05-333_A1",0.105714795634345,0.300832966062095,0,0,0,0,0,0,0,0,0,0,0,0.0720064066335315,0,0,0,0,0,0.3680581373616,0.153387694308428
"TCAACACATTGGGTAA-1_V11L05-333_A1",0.458692827571015,0.541307172428985,0,0,0,0,0,0,0,0,0,0,0,0,0,0,0,0,0,0,0
"TCAACATAGCGCCCTA-1_V11L05-333_A1",0.121876820193232,0.272614030904023,0.192258507410828,0,0,0,0,0,0,0,0,0,0,0,0,0,0,0,0,0.221760146737318,0.191490494754598
"TCAACATCGACCGAGA-1_V11L05-333_A1",0.280802005917863,0.465901770255534,0,0,0,0,0,0,0,0,0,0,0,0,0,0,0,0,0,0,0.253296223826604
"TCAACCATGTTCGGGC-1_V11L05-333_A1",0.668159650100447,0.331840349899553,0,0,0,0,0,0,0,0,0,0,0,0,0,0,0,0,0,0,0
"TCAACGAGGAGACAAA-1_V11L05-333_A1",0.781129947122882,0.218870052877118,0,0,0,0,0,0,0,0,0,0,0,0,0,0,0,0,0,0,0
"TCAACGCAGGAAATAA-1_V11L05-333_A1",0.147013158836308,0.34207584007763,0.078098251510382,0,0,0,0,0,0,0,0,0,0,0,0,0,0,0,0,0.261806471163863,0.171006278411817
"TCAACGCGACCGGCAG-1_V11L05-333_A1",0.298295715684437,0.430697069020187,0,0,0,0,0,0,0,0,0,0,0,0,0,0,0,0,0,0,0.271007215295376
"TCAACTAACGTATAAC-1_V11L05-333_A1",0.618966392570333,0.381033607429667,0,0,0,0,0,0,0,0,0,0,0,0,0,0,0,0,0,0,0
"TCAACTGCAGAGTCAG-1_V11L05-333_A1",0.306423591315961,0.463964261856294,0.229612146827744,0,0,0,0,0,0,0,0,0,0,0,0,0,0,0,0,0,0
"TCAAGAAATACTAGCT-1_V11L05-333_A1",0.584380499722644,0.297993312046568,0.117626188230788,0,0,0,0,0,0,0,0,0,0,0,0,0,0,0,0,0,0
"TCAAGCGCGGACGGTA-1_V11L05-333_A1",0.776869993279267,0.223130006720733,0,0,0,0,0,0,0,0,0,0,0,0,0,0,0,0,0,0,0
"TCAAGCTGCCTTGAAA-1_V11L05-333_A1",0.119468786697307,0.178029168674736,0,0,0,0,0,0,0,0,0.243231624339205,0,0,0,0.459270420288752,0,0,0,0,0,0
"TCAAGGTTACTACACC-1_V11L05-333_A1",0.497164314531376,0.244555298753366,0,0,0,0,0,0,0.258280386715258,0,0,0,0,0,0,0,0,0,0,0,0
"TCAATACAATTGCTGC-1_V11L05-333_A1",0.469607885589582,0.530392114410418,0,0,0,0,0,0,0,0,0,0,0,0,0,0,0,0,0,0,0
"TCAATACGCCGTCATG-1_V11L05-333_A1",0.312014726738691,0.238883369147046,0,0,0,0,0,0,0,0,0,0,0,0.250369846726763,0,0,0,0,0,0,0.198732057387501
"TCAATATACAGGAGGC-1_V11L05-333_A1",0.607596067621828,0.392403932378172,0,0,0,0,0,0,0,0,0,0,0,0,0,0,0,0,0,0,0
"TCAATCCCGCGCCAAA-1_V11L05-333_A1",0.166187047779834,0.224116623036755,0,0,0,0,0,0,0,0,0,0,0,0,0,0.609696329183411,0,0,0,0,0
"TCAATCCGGGAAGTTT-1_V11L05-333_A1",0.759879271417432,0.240120728582568,0,0,0,0,0,0,0,0,0,0,0,0,0,0,0,0,0,0,0
"TCACAAACCGAGGTAC-1_V11L05-333_A1",0.870717071980882,0.129282928019118,0,0,0,0,0,0,0,0,0,0,0,0,0,0,0,0,0,0,0
"TCACAGATCCTCAAAC-1_V11L05-333_A1",0.50457791447611,0.314941746595812,0,0,0,0,0,0,0.180480338928078,0,0,0,0,0,0,0,0,0,0,0,0
"TCACAGCAAACTCGAA-1_V11L05-333_A1",0.130928679512734,0.154541857363167,0,0,0,0,0,0,0,0,0,0,0,0,0,0,0,0,0,0.7145294631241,0
"TCACAGGAGAATAAGA-1_V11L05-333_A1",0.0355526174050624,0.168897189589817,0.0361028455618045,0,0,0,0,0,0,0,0,0,0,0,0,0,0.0348481043569083,0,0,0.724599243086408,0
"TCACAGGGAATCGCAA-1_V11L05-333_A1",0.841651346492966,0.158348653507034,0,0,0,0,0,0,0,0,0,0,0,0,0,0,0,0,0,0,0
"TCACAGGTTATTGGGC-1_V11L05-333_A1",0.448818301730344,0.373808586315604,0.177373111954052,0,0,0,0,0,0,0,0,0,0,0,0,0,0,0,0,0,0
"TCACATCTTATCTGAT-1_V11L05-333_A1",0.566571476335658,0.208526112273911,0.224902411390431,0,0,0,0,0,0,0,0,0,0,0,0,0,0,0,0,0,0
"TCACCCTCTTAAGATT-1_V11L05-333_A1",0.716043676541188,0.283956323458813,0,0,0,0,0,0,0,0,0,0,0,0,0,0,0,0,0,0,0
"TCACCGCTCGGCACTC-1_V11L05-333_A1",0.367069350699495,0.173589637754662,0.195830661317226,0,0,0,0,0,0,0,0,0,0,0,0,0.263510350228616,0,0,0,0,0
"TCACGATGTCCGTGGA-1_V11L05-333_A1",0.037945236474562,0.185872512769559,0,0,0,0,0,0,0,0,0,0,0,0,0,0,0,0,0,0.776182250755879,0
"TCACGATTAATACGTT-1_V11L05-333_A1",0.512453904937473,0.309774654939372,0.177771440123156,0,0,0,0,0,0,0,0,0,0,0,0,0,0,0,0,0,0
"TCACGCATTGTAGATC-1_V11L05-333_A1",0.565868352483252,0.434131647516748,0,0,0,0,0,0,0,0,0,0,0,0,0,0,0,0,0,0,0
"TCACGGCCCAAGAGAG-1_V11L05-333_A1",0,0.272086292438021,0,0,0,0,0,0,0,0,0,0,0.538091019533866,0,0,0,0,0,0,0,0.189822688028113
"TCACGGTCATCGCACA-1_V11L05-333_A1",0.570784353203532,0.259371379182318,0.169844267614151,0,0,0,0,0,0,0,0,0,0,0,0,0,0,0,0,0,0
"TCACGTGCCCGATTCA-1_V11L05-333_A1",0.775128033871856,0.224871966128144,0,0,0,0,0,0,0,0,0,0,0,0,0,0,0,0,0,0,0
"TCACTACGACCAATGC-1_V11L05-333_A1",0.230740053726623,0.165236862341427,0,0,0,0,0,0,0.0663920750043103,0,0,0,0,0,0,0.53763100892764,0,0,0,0,0
"TCACTATCCCTTCGGT-1_V11L05-333_A1",0.797947791511872,0.202052208488128,0,0,0,0,0,0,0,0,0,0,0,0,0,0,0,0,0,0,0
"TCACTATCGTGCAATC-1_V11L05-333_A1",0.725132682586873,0.274867317413127,0,0,0,0,0,0,0,0,0,0,0,0,0,0,0,0,0,0,0
"TCACTCAGCGCATTAG-1_V11L05-333_A1",0.49773984346436,0.50226015653564,0,0,0,0,0,0,0,0,0,0,0,0,0,0,0,0,0,0,0
"TCACTCGTGCAACGGC-1_V11L05-333_A1",0.270614588676409,0.24358765451288,0.164015198090023,0,0,0,0,0,0,0,0,0,0,0,0,0.321782558720688,0,0,0,0,0
"TCACTCTTCGTCTGTC-1_V11L05-333_A1",0.329603105220358,0.238975426870823,0,0,0,0,0,0,0,0,0,0,0,0.431421467908819,0,0,0,0,0,0,0
"TCAGAACCTCCACAGG-1_V11L05-333_A1",0.760048291680071,0.239951708319929,0,0,0,0,0,0,0,0,0,0,0,0,0,0,0,0,0,0,0
"TCAGAACGGCGGTAAT-1_V11L05-333_A1",0.131787455327447,0.276873950754981,0.14343058072663,0,0.254843517732142,0,0,0,0,0,0,0,0,0,0,0,0,0,0,0,0.1930644954588
"TCAGACGCTATAGAAG-1_V11L05-333_A1",0.847425933214392,0.152574066785609,0,0,0,0,0,0,0,0,0,0,0,0,0,0,0,0,0,0,0
"TCAGAGCATGTCAACG-1_V11L05-333_A1",0.440028935662463,0.401978505447949,0.157992558889587,0,0,0,0,0,0,0,0,0,0,0,0,0,0,0,0,0,0
"TCAGAGGACGCGTTAG-1_V11L05-333_A1",0.109321637037656,0.306815399641078,0,0,0,0,0,0,0,0,0,0,0,0.383351769121181,0,0,0,0,0,0,0.200511194200086
"TCAGAGTGTGAGCATG-1_V11L05-333_A1",0.713330236429191,0.286669763570809,0,0,0,0,0,0,0,0,0,0,0,0,0,0,0,0,0,0,0
"TCAGATGGAGACGTAG-1_V11L05-333_A1",0.133403954588085,0.271566831180512,0.155742958523522,0,0,0,0,0,0,0,0,0,0,0,0,0.439286255707881,0,0,0,0,0
"TCAGCAAATGCATCTC-1_V11L05-333_A1",0.692512360149242,0.195842548482727,0.111645091368031,0,0,0,0,0,0,0,0,0,0,0,0,0,0,0,0,0,0
"TCAGCAGTAGGCCCTG-1_V11L05-333_A1",0.0662708334821894,0.169550079166091,0,0,0,0,0,0,0,0,0,0,0,0.235575530201674,0,0,0,0,0.343820431214389,0,0.184783125935656
"TCAGCCAATCCGTAAA-1_V11L05-333_A1",0.740531378176563,0.259468621823437,0,0,0,0,0,0,0,0,0,0,0,0,0,0,0,0,0,0,0
"TCAGCGCACGCCGTTT-1_V11L05-333_A1",0.117512738252007,0.176872829130213,0.150776454245537,0.356040472227361,0,0,0,0,0,0,0,0,0,0.198797506144881,0,0,0,0,0,0,0
"TCAGCTTGAGCTTTCG-1_V11L05-333_A1",0.133508258925748,0.368777378014896,0,0,0,0,0,0,0,0,0,0,0,0.288102792212732,0,0,0,0,0,0,0.209611570846624
"TCAGGGCGACTTCCTT-1_V11L05-333_A1",0.617780385001269,0.253813508036382,0.128406106962348,0,0,0,0,0,0,0,0,0,0,0,0,0,0,0,0,0,0
"TCAGGGCGCAAACTCG-1_V11L05-333_A1",0.449714867559556,0.550285132440445,0,0,0,0,0,0,0,0,0,0,0,0,0,0,0,0,0,0,0
"TCAGGGTGCACGAAAC-1_V11L05-333_A1",0.612756929901107,0.238170995249771,0.149072074849122,0,0,0,0,0,0,0,0,0,0,0,0,0,0,0,0,0,0
"TCAGGGTGTAACGTAA-1_V11L05-333_A1",0.794284220537707,0.205715779462293,0,0,0,0,0,0,0,0,0,0,0,0,0,0,0,0,0,0,0
"TCAGGTTCTTTGAGAA-1_V11L05-333_A1",0.613658772851494,0.218065692691179,0.168275534457327,0,0,0,0,0,0,0,0,0,0,0,0,0,0,0,0,0,0
"TCAGTACTGACCCGCG-1_V11L05-333_A1",0.580480170237615,0.419519829762385,0,0,0,0,0,0,0,0,0,0,0,0,0,0,0,0,0,0,0
"TCAGTAGGGACTATAA-1_V11L05-333_A1",0.621279901126722,0.280389392641817,0,0,0,0,0,0,0,0,0,0,0,0,0,0,0,0,0,0,0.0983307062314611
"TCAGTGTATACGTCAT-1_V11L05-333_A1",0,0.188930824023554,0.0879396151585392,0,0,0,0,0,0,0,0,0,0,0.20690018303396,0,0,0,0,0.282698984515977,0,0.23353039326797
"TCAGTTACGGAATGAT-1_V11L05-333_A1",0.439415683320371,0.560584316679629,0,0,0,0,0,0,0,0,0,0,0,0,0,0,0,0,0,0,0
"TCATAAGTCCAAGAAG-1_V11L05-333_A1",0.567526839309044,0.246331816871165,0.186141343819791,0,0,0,0,0,0,0,0,0,0,0,0,0,0,0,0,0,0
"TCATACTTACAGATCC-1_V11L05-333_A1",0.798032550389282,0.201967449610718,0,0,0,0,0,0,0,0,0,0,0,0,0,0,0,0,0,0,0
"TCATATGAGCTTTGTT-1_V11L05-333_A1",0.123381975138439,0.276200000755353,0,0,0,0,0,0,0,0,0,0,0,0.324595947990388,0,0,0,0,0,0,0.27582207611582
"TCATCACTCGAGCTCG-1_V11L05-333_A1",0.565431470255538,0.434568529744462,0,0,0,0,0,0,0,0,0,0,0,0,0,0,0,0,0,0,0
"TCATCCATCTGATCAC-1_V11L05-333_A1",0.0980110931740632,0.446930630013732,0,0,0,0,0,0,0.455058276812205,0,0,0,0,0,0,0,0,0,0,0,0
"TCATCCCAGAGGGTGG-1_V11L05-333_A1",0.490875634235168,0.273033111630402,0,0,0,0,0,0,0,0,0,0,0,0,0,0.23609125413443,0,0,0,0,0
"TCATCCTCAGCTGCTT-1_V11L05-333_A1",0.74533212087791,0.25466787912209,0,0,0,0,0,0,0,0,0,0,0,0,0,0,0,0,0,0,0
"TCATCGACGACCGTCG-1_V11L05-333_A1",0.313652701087456,0.34708000428443,0.143022492640271,0,0,0,0,0,0,0,0.196244801987843,0,0,0,0,0,0,0,0,0,0
"TCATCGATGGTCCCAA-1_V11L05-333_A1",0,0.196995977427663,0.0717045667232945,0,0,0,0,0,0,0,0,0,0,0.155291784188076,0,0,0,0,0.389493639104644,0,0.186514032556322
"TCATGAAGCGCTGCAT-1_V11L05-333_A1",0.48801907789359,0.361651679491539,0.150329242614871,0,0,0,0,0,0,0,0,0,0,0,0,0,0,0,0,0,0
"TCATGCAGGTTCTCAT-1_V11L05-333_A1",0.577218378114423,0.293256465913489,0.129525155972089,0,0,0,0,0,0,0,0,0,0,0,0,0,0,0,0,0,0
"TCATGGAGGCCTTTGT-1_V11L05-333_A1",0.484573927132673,0.31352059124332,0.201905481624007,0,0,0,0,0,0,0,0,0,0,0,0,0,0,0,0,0,0
"TCATTCGTATAATTTG-1_V11L05-333_A1",0.10423642838573,0.152112674674177,0,0,0,0,0,0,0,0,0,0,0,0,0,0.743650896940093,0,0,0,0,0
"TCATTTAAGTCTCCGA-1_V11L05-333_A1",0.466826880026188,0.269357352654236,0.263815767319575,0,0,0,0,0,0,0,0,0,0,0,0,0,0,0,0,0,0
"TCATTTAGAAGTGTGA-1_V11L05-333_A1",0.508073586926095,0.259180267406587,0.232746145667317,0,0,0,0,0,0,0,0,0,0,0,0,0,0,0,0,0,0
"TCCAACTCAGCTATCT-1_V11L05-333_A1",0.558379428162612,0.30525249079872,0.136368081038669,0,0,0,0,0,0,0,0,0,0,0,0,0,0,0,0,0,0
"TCCAACTTTAAATTCT-1_V11L05-333_A1",0.374388315793783,0.440274164410742,0,0,0,0,0,0,0,0,0,0,0,0,0,0,0,0,0,0.185337519795475,0
"TCCAAGCCTAGACACA-1_V11L05-333_A1",0.301001310133197,0.342038312458987,0,0,0,0,0,0,0,0,0,0,0,0,0,0,0,0,0,0.356960377407815,0
"TCCAATAAAGGCTACC-1_V11L05-333_A1",0.0544596544222499,0.131983490691238,0,0,0,0,0,0,0,0,0,0,0,0.309486771693856,0,0,0,0,0.348624033114709,0,0.155446050077946
"TCCAATGCGTCGCCGC-1_V11L05-333_A1",0.115357201535199,0.361811625697187,0,0,0,0,0,0,0,0,0,0.260386851265993,0,0,0,0,0,0,0,0,0.26244432150162
"TCCACAATGGTTTACG-1_V11L05-333_A1",0.711045040164086,0.17504006660002,0.113914893235894,0,0,0,0,0,0,0,0,0,0,0,0,0,0,0,0,0,0
"TCCACATCGTATATTG-1_V11L05-333_A1",0.10002551103867,0.312709684445202,0,0,0,0,0,0,0,0,0,0,0,0.382968505173904,0,0,0,0,0,0,0.204296299342224
"TCCACCAAGACATAGG-1_V11L05-333_A1",0.551281302491412,0.448718697508588,0,0,0,0,0,0,0,0,0,0,0,0,0,0,0,0,0,0,0
"TCCACCTCTAGCCTTT-1_V11L05-333_A1",0.0590082423192302,0.308615142669308,0,0,0,0,0,0,0,0,0,0,0,0.410075781123777,0,0,0,0,0,0,0.222300833887685
"TCCACTTTATCTAGGT-1_V11L05-333_A1",0.827378545796334,0.172621454203666,0,0,0,0,0,0,0,0,0,0,0,0,0,0,0,0,0,0,0
"TCCAGAGCACCGGTTC-1_V11L05-333_A1",0.766393051778274,0.233606948221726,0,0,0,0,0,0,0,0,0,0,0,0,0,0,0,0,0,0,0
"TCCAGATGTACGCCAA-1_V11L05-333_A1",0.738213305388172,0.261786694611828,0,0,0,0,0,0,0,0,0,0,0,0,0,0,0,0,0,0,0
"TCCAGCGCTATAAGCG-1_V11L05-333_A1",0.445590150683641,0.332752001618271,0,0,0,0,0,0.221657847698088,0,0,0,0,0,0,0,0,0,0,0,0,0
"TCCAGGCAGGACGATC-1_V11L05-333_A1",0.105951297435587,0.226238406906038,0,0.339722617321578,0,0,0,0,0,0,0,0,0,0.153396056284227,0,0,0,0,0,0,0.17469162205257
"TCCAGGCGAGTACGGT-1_V11L05-333_A1",0.74805356345621,0.25194643654379,0,0,0,0,0,0,0,0,0,0,0,0,0,0,0,0,0,0,0
"TCCAGGGTATATACGA-1_V11L05-333_A1",0.116602927886686,0.324379713543131,0.128913437486442,0,0,0,0,0,0,0,0,0,0,0,0,0,0,0,0,0.430103921083741,0
"TCCATCAATACTAATC-1_V11L05-333_A1",0.057031002638832,0.259907952717584,0,0,0,0,0,0,0,0.172899577998674,0,0,0.302582024510105,0,0,0,0,0,0,0,0.207579442134805
"TCCATTAGTTGGATAG-1_V11L05-333_A1",0.600107654703934,0.399892345296065,0,0,0,0,0,0,0,0,0,0,0,0,0,0,0,0,0,0,0
"TCCATTCCCACTAGAG-1_V11L05-333_A1",0.296940852052445,0.284659355921293,0.129741945700752,0,0,0,0,0,0,0,0,0,0,0,0,0,0,0,0,0.28865784632551,0
"TCCATTGTGACCTCGT-1_V11L05-333_A1",0.247827508014499,0.410235123260698,0.341937368724802,0,0,0,0,0,0,0,0,0,0,0,0,0,0,0,0,0,0
"TCCCAAACAGACAACG-1_V11L05-333_A1",0.628055547574722,0.371944452425278,0,0,0,0,0,0,0,0,0,0,0,0,0,0,0,0,0,0,0
"TCCCAAACATCCTCTA-1_V11L05-333_A1",0.113501469077348,0.39161381801354,0.156454336048205,0,0,0,0,0,0,0,0,0,0,0,0,0,0,0,0,0,0.338430376860907
"TCCCAAAGACGAAGGA-1_V11L05-333_A1",0.39216663133357,0.372417141738165,0.235416226928265,0,0,0,0,0,0,0,0,0,0,0,0,0,0,0,0,0,0
"TCCCAAAGCCCTAAAT-1_V11L05-333_A1",0.457781448478224,0.422791066994651,0.119427484527125,0,0,0,0,0,0,0,0,0,0,0,0,0,0,0,0,0,0
"TCCCAATATCGACGAC-1_V11L05-333_A1",0.788816003162182,0.211183996837818,0,0,0,0,0,0,0,0,0,0,0,0,0,0,0,0,0,0,0
"TCCCACGGAGGGAGCT-1_V11L05-333_A1",0.378078823601647,0.258026290520072,0.151249650085671,0,0,0,0,0,0,0,0,0,0,0,0,0.212645235792609,0,0,0,0,0
"TCCCACTCTCTTCCGG-1_V11L05-333_A1",0.695875922401109,0.304124077598891,0,0,0,0,0,0,0,0,0,0,0,0,0,0,0,0,0,0,0
"TCCCAGCACACGACAT-1_V11L05-333_A1",0.733819415922993,0.266180584077007,0,0,0,0,0,0,0,0,0,0,0,0,0,0,0,0,0,0,0
"TCCCAGCTTTAGTCTG-1_V11L05-333_A1",0.777233614838146,0.222766385161854,0,0,0,0,0,0,0,0,0,0,0,0,0,0,0,0,0,0,0
"TCCCAGGCTTAGCTAA-1_V11L05-333_A1",0.727850822925236,0.272149177074765,0,0,0,0,0,0,0,0,0,0,0,0,0,0,0,0,0,0,0
"TCCCGCCTATGTGCGT-1_V11L05-333_A1",0.326394980690469,0.354069691347445,0.319535327962086,0,0,0,0,0,0,0,0,0,0,0,0,0,0,0,0,0,0
"TCCCGCGTACTCCTGG-1_V11L05-333_A1",0.735072003172395,0.264927996827605,0,0,0,0,0,0,0,0,0,0,0,0,0,0,0,0,0,0,0
"TCCCGGGTGTGCTGCT-1_V11L05-333_A1",0.75255526059897,0.24744473940103,0,0,0,0,0,0,0,0,0,0,0,0,0,0,0,0,0,0,0
"TCCCGGTCAGGAATTT-1_V11L05-333_A1",0.687663076987043,0.312336923012957,0,0,0,0,0,0,0,0,0,0,0,0,0,0,0,0,0,0,0
"TCCCGTCAGTCCCGCA-1_V11L05-333_A1",0.581119942581302,0.222327028790284,0.196553028628414,0,0,0,0,0,0,0,0,0,0,0,0,0,0,0,0,0,0
"TCCCGTCGCGTCATAG-1_V11L05-333_A1",0.646222861367835,0.353777138632165,0,0,0,0,0,0,0,0,0,0,0,0,0,0,0,0,0,0,0
"TCCCGTGTGCAATTTG-1_V11L05-333_A1",0.83151731284538,0.16848268715462,0,0,0,0,0,0,0,0,0,0,0,0,0,0,0,0,0,0,0
"TCCCTAGATCAATAGG-1_V11L05-333_A1",0.635704594582896,0.364295405417104,0,0,0,0,0,0,0,0,0,0,0,0,0,0,0,0,0,0,0
"TCCCTCCGAAATCGTT-1_V11L05-333_A1",0.42450767731105,0.263728562229447,0,0,0,0,0,0,0,0,0,0,0.311763760459502,0,0,0,0,0,0,0,0
"TCCCTCTTCTCAAGGG-1_V11L05-333_A1",0.621973971771162,0.378026028228838,0,0,0,0,0,0,0,0,0,0,0,0,0,0,0,0,0,0,0
"TCCCTGGCGTATTAAC-1_V11L05-333_A1",0.185468424699425,0.327136123260909,0,0,0,0,0,0,0,0,0,0,0,0,0,0,0,0,0,0.287814332328817,0.199581119710849
"TCCCTGGCTCGCTGGA-1_V11L05-333_A1",0.523391487187506,0.246020275011252,0.230588237801242,0,0,0,0,0,0,0,0,0,0,0,0,0,0,0,0,0,0
"TCCCTTAGATTACTCG-1_V11L05-333_A1",0.406441662383157,0.314007414160328,0,0,0,0,0,0,0,0,0,0,0,0,0,0.279550923456515,0,0,0,0,0
"TCCCTTGTCTGAAACT-1_V11L05-333_A1",0.662184775953972,0.337815224046028,0,0,0,0,0,0,0,0,0,0,0,0,0,0,0,0,0,0,0
"TCCGAACGTTGCCGCT-1_V11L05-333_A1",0,0.422642265563619,0.577357734436381,0,0,0,0,0,0,0,0,0,0,0,0,0,0,0,0,0,0
"TCCGAACTTGGCTTAC-1_V11L05-333_A1",0.227559145107142,0.353393563826857,0.239829380157295,0,0,0,0,0,0,0,0,0,0,0,0.179217910908706,0,0,0,0,0,0
"TCCGAAGTAGTCACCA-1_V11L05-333_A1",0.368205307082449,0.275648646697878,0.16288493924302,0,0,0,0,0,0,0,0,0,0,0.193261106976653,0,0,0,0,0,0,0
"TCCGAATGGTCCTGAG-1_V11L05-333_A1",0.650308335009387,0.145106016115934,0.204585648874679,0,0,0,0,0,0,0,0,0,0,0,0,0,0,0,0,0,0
"TCCGACCGCTAATCAA-1_V11L05-333_A1",0.0573674859529488,0.220264968670104,0,0,0.257551129166976,0,0,0,0,0,0,0,0,0.314681115576363,0,0,0,0,0,0,0.150135300633609
"TCCGAGAAGGCTAAGC-1_V11L05-333_A1",0.665605098975547,0.334394901024453,0,0,0,0,0,0,0,0,0,0,0,0,0,0,0,0,0,0,0
"TCCGATAATTGCCATA-1_V11L05-333_A1",0.610311893401419,0.267805399356969,0,0,0,0,0,0,0,0,0,0,0,0,0,0,0.121882707241612,0,0,0,0
"TCCGATGACTGAGCTC-1_V11L05-333_A1",0.605839639587217,0.234930180216168,0.159230180196615,0,0,0,0,0,0,0,0,0,0,0,0,0,0,0,0,0,0
"TCCGATGGTGCGACAT-1_V11L05-333_A1",0.582104304167134,0.276607147122909,0.141288548709957,0,0,0,0,0,0,0,0,0,0,0,0,0,0,0,0,0,0
"TCCGATTACATTGCCG-1_V11L05-333_A1",0.708474534415171,0.291525465584829,0,0,0,0,0,0,0,0,0,0,0,0,0,0,0,0,0,0,0
"TCCGCAGCCACCTAGC-1_V11L05-333_A1",0.652932266620275,0.211519671712973,0.135548061666752,0,0,0,0,0,0,0,0,0,0,0,0,0,0,0,0,0,0
"TCCGCCTGTCTACAAG-1_V11L05-333_A1",0.821921202110221,0.178078797889779,0,0,0,0,0,0,0,0,0,0,0,0,0,0,0,0,0,0,0
"TCCGCGGCAGCATCTG-1_V11L05-333_A1",0.770694899362616,0.229305100637384,0,0,0,0,0,0,0,0,0,0,0,0,0,0,0,0,0,0,0
"TCCGCGGCCCAATGAA-1_V11L05-333_A1",0.614259315020866,0.385740684979134,0,0,0,0,0,0,0,0,0,0,0,0,0,0,0,0,0,0,0
"TCCGCTGGGTCGATCG-1_V11L05-333_A1",0.463253618871954,0.305547961201273,0.231198419926773,0,0,0,0,0,0,0,0,0,0,0,0,0,0,0,0,0,0
"TCCGCTGTCATCCCGG-1_V11L05-333_A1",0.616092649959039,0.226533526662025,0.157373823378936,0,0,0,0,0,0,0,0,0,0,0,0,0,0,0,0,0,0
"TCCGCTTATCCCATTA-1_V11L05-333_A1",0.726070079860846,0.184097989420689,0.0898319307184644,0,0,0,0,0,0,0,0,0,0,0,0,0,0,0,0,0,0
"TCCGGAGGAAGGGCTG-1_V11L05-333_A1",0.293232197560199,0.342481587164505,0.219449035733839,0,0,0,0,0,0,0,0,0,0,0,0,0,0,0,0,0.144837179541458,0
"TCCGGCCTAGCGTACA-1_V11L05-333_A1",0.286420331652813,0.20689273562045,0.302221554421217,0,0,0,0,0,0,0,0,0,0,0,0,0.20446537830552,0,0,0,0,0
"TCCGGCCTGCATCGAT-1_V11L05-333_A1",0.200335348366575,0.286834840164496,0.248871030296106,0,0,0,0,0,0,0,0,0,0,0.263958781172822,0,0,0,0,0,0,0
"TCCGGCTGTCGGGTCG-1_V11L05-333_A1",0.627760705924625,0.372239294075376,0,0,0,0,0,0,0,0,0,0,0,0,0,0,0,0,0,0,0
"TCCGGGCCACTAACGG-1_V11L05-333_A1",0.656827942860611,0.216036374837079,0.12713568230231,0,0,0,0,0,0,0,0,0,0,0,0,0,0,0,0,0,0
"TCCGGGCTTGACGGGA-1_V11L05-333_A1",0.768651233410177,0.231348766589823,0,0,0,0,0,0,0,0,0,0,0,0,0,0,0,0,0,0,0
"TCCGGTTCGTCCGGTC-1_V11L05-333_A1",0.253020487201001,0.533396013479979,0,0,0,0,0,0,0,0,0,0,0,0,0,0,0,0,0,0,0.213583499319019
"TCCGTAACCACAATCC-1_V11L05-333_A1",0.628627559763301,0.371372440236699,0,0,0,0,0,0,0,0,0,0,0,0,0,0,0,0,0,0,0
"TCCGTTAAGCTAATAT-1_V11L05-333_A1",0.63092479977575,0.36907520022425,0,0,0,0,0,0,0,0,0,0,0,0,0,0,0,0,0,0,0
"TCCGTTTAGCCTTGAA-1_V11L05-333_A1",0.706996976079696,0.293003023920304,0,0,0,0,0,0,0,0,0,0,0,0,0,0,0,0,0,0,0
"TCCTAAAGATTCAGAC-1_V11L05-333_A1",0.549980675725672,0.450019324274328,0,0,0,0,0,0,0,0,0,0,0,0,0,0,0,0,0,0,0
"TCCTAAATTGGGAAGC-1_V11L05-333_A1",0.66228315552344,0.33771684447656,0,0,0,0,0,0,0,0,0,0,0,0,0,0,0,0,0,0,0
"TCCTAACCGTCGGGCA-1_V11L05-333_A1",0.0801544624237891,0.202222562069918,0,0,0,0,0,0,0.310740786752325,0,0,0,0,0.233238956605362,0,0,0,0,0,0,0.173643232148606
"TCCTACATCCACGGCC-1_V11L05-333_A1",0.849048931592055,0.150951068407945,0,0,0,0,0,0,0,0,0,0,0,0,0,0,0,0,0,0,0
"TCCTAGCAAAGAAGCT-1_V11L05-333_A1",0.308430028289815,0.449563350625327,0,0,0,0,0,0,0,0,0,0,0,0,0,0,0,0,0,0,0.242006621084858
"TCCTATCATAGGTAAC-1_V11L05-333_A1",0.513601858107939,0.486398141892061,0,0,0,0,0,0,0,0,0,0,0,0,0,0,0,0,0,0,0
"TCCTCCTAAGACATTC-1_V11L05-333_A1",0.193074025691079,0.258688674743107,0,0,0,0,0,0,0,0,0,0,0,0,0,0,0,0,0,0.548237299565814,0
"TCCTCGGGCTGGGCTT-1_V11L05-333_A1",0.805693723432442,0.194306276567558,0,0,0,0,0,0,0,0,0,0,0,0,0,0,0,0,0,0,0
"TCCTCTACGAGATGGC-1_V11L05-333_A1",0.820892981188403,0.179107018811597,0,0,0,0,0,0,0,0,0,0,0,0,0,0,0,0,0,0,0
"TCCTCTCCAGTTGTCC-1_V11L05-333_A1",0.491765095379301,0.362266947786347,0.145967956834352,0,0,0,0,0,0,0,0,0,0,0,0,0,0,0,0,0,0
"TCCTCTGGCCCATTAG-1_V11L05-333_A1",0.260610577329467,0.245380423799427,0.262133021115804,0,0,0,0,0,0,0,0,0,0,0,0,0.231875977755302,0,0,0,0,0
"TCCTGCAGCCGCCAAT-1_V11L05-333_A1",0.117814184261438,0.218535753984752,0.0907557127625419,0,0,0,0,0,0,0,0,0,0,0,0.400842988554421,0,0,0,0,0,0.172051360436847
"TCCTGCCAACTGGAGA-1_V11L05-333_A1",0.41101999531365,0.229414115350928,0,0,0,0,0,0,0,0,0,0,0,0.359565889335422,0,0,0,0,0,0,0
"TCCTGCGTTGATACTC-1_V11L05-333_A1",0.116196877073432,0.199677007400825,0,0,0,0,0,0,0,0,0,0,0,0,0,0.684126115525743,0,0,0,0,0
"TCCTGGCGCTGCCTGG-1_V11L05-333_A1",0.400634354578671,0.599365645421329,0,0,0,0,0,0,0,0,0,0,0,0,0,0,0,0,0,0,0
"TCCTTACGACGGTCCG-1_V11L05-333_A1",0.771204665143381,0.228795334856619,0,0,0,0,0,0,0,0,0,0,0,0,0,0,0,0,0,0,0
"TCCTTCAATCCCTACG-1_V11L05-333_A1",0.12144212858251,0.276277106962434,0,0,0,0,0,0,0,0,0,0,0,0.362381268820876,0,0,0,0,0,0,0.23989949563418
"TCCTTCAGTGGTCGAA-1_V11L05-333_A1",0.790542027832494,0.209457972167506,0,0,0,0,0,0,0,0,0,0,0,0,0,0,0,0,0,0,0
"TCCTTGTCCTTTAATT-1_V11L05-333_A1",0.215290822581927,0.443778141437642,0,0,0,0,0,0,0,0,0,0,0,0,0,0,0,0,0,0,0.340931035980431
"TCCTTTAAATCCGCTT-1_V11L05-333_A1",0.64993872579132,0.35006127420868,0,0,0,0,0,0,0,0,0,0,0,0,0,0,0,0,0,0,0
"TCCTTTCTTACGCTTA-1_V11L05-333_A1",0.515500917960481,0.278772541714373,0.205726540325146,0,0,0,0,0,0,0,0,0,0,0,0,0,0,0,0,0,0
"TCGAAATTTAGGACCA-1_V11L05-333_A1",0.759471136612048,0.240528863387952,0,0,0,0,0,0,0,0,0,0,0,0,0,0,0,0,0,0,0
"TCGAAGAACCGAGCAC-1_V11L05-333_A1",0.711383070463984,0.288616929536016,0,0,0,0,0,0,0,0,0,0,0,0,0,0,0,0,0,0,0
"TCGAATATCCCGCAGG-1_V11L05-333_A1",0.093263148582668,0.359722049788784,0.216501728589136,0,0,0,0,0,0,0,0,0,0,0,0,0,0,0,0,0,0.330513073039412
"TCGAATCGCAGGGTAG-1_V11L05-333_A1",0,0.293046661603934,0,0,0,0,0,0,0,0,0,0,0,0.439077170581968,0,0,0,0,0,0,0.267876167814098
"TCGACAACTGAACCCG-1_V11L05-333_A1",0.107376714315153,0.343653922085759,0,0,0,0,0,0,0,0,0,0,0,0.10234501939292,0,0,0,0,0,0.200883334099864,0.245741010106304
"TCGACATAGCGTAGCG-1_V11L05-333_A1",0,0.465253356884422,0,0,0,0,0,0,0,0,0,0,0,0,0,0,0,0,0,0,0.534746643115578
"TCGACTGACGATGGCT-1_V11L05-333_A1",0.682914285321847,0.317085714678153,0,0,0,0,0,0,0,0,0,0,0,0,0,0,0,0,0,0,0
"TCGAGACCAACACCGT-1_V11L05-333_A1",0.756001482150447,0.243998517849553,0,0,0,0,0,0,0,0,0,0,0,0,0,0,0,0,0,0,0
"TCGAGCCAGGCAGGCC-1_V11L05-333_A1",0.0585275415937957,0.256237232681626,0,0,0,0,0,0,0,0,0,0,0,0.417390579691098,0,0,0,0,0,0,0.26784464603348
"TCGAGGGCAACAGACG-1_V11L05-333_A1",0.675688491326454,0.324311508673546,0,0,0,0,0,0,0,0,0,0,0,0,0,0,0,0,0,0,0
"TCGAGTCTACGATTCG-1_V11L05-333_A1",0.10243833988413,0.257019276274203,0,0,0,0,0,0,0,0,0,0,0.366085932356368,0,0,0,0,0,0,0,0.274456451485299
"TCGATAGGCTAGTCGC-1_V11L05-333_A1",0.707008087732497,0.292991912267503,0,0,0,0,0,0,0,0,0,0,0,0,0,0,0,0,0,0,0
"TCGATGTTACGGCCGT-1_V11L05-333_A1",0.192309887808602,0.493027533882026,0.314662578309373,0,0,0,0,0,0,0,0,0,0,0,0,0,0,0,0,0,0
"TCGATTTACGAAACGA-1_V11L05-333_A1",0.0531066188811214,0.184685655388518,0,0,0.566721329044659,0,0,0,0,0,0,0,0,0,0,0,0,0,0,0,0.195486396685702
"TCGCAAAGATGCATTT-1_V11L05-333_A1",0.88983847194324,0.11016152805676,0,0,0,0,0,0,0,0,0,0,0,0,0,0,0,0,0,0,0
"TCGCACCAGGAGGCAG-1_V11L05-333_A1",0.833910967533603,0.166089032466397,0,0,0,0,0,0,0,0,0,0,0,0,0,0,0,0,0,0,0
"TCGCACTAACGTTTGT-1_V11L05-333_A1",0.564824264604218,0.283191689597806,0.151984045797976,0,0,0,0,0,0,0,0,0,0,0,0,0,0,0,0,0,0
"TCGCATAAAGGGCGCA-1_V11L05-333_A1",0.714203984240079,0.285796015759921,0,0,0,0,0,0,0,0,0,0,0,0,0,0,0,0,0,0,0
"TCGCATCCCTAAGTGT-1_V11L05-333_A1",0.581391821091162,0.418608178908838,0,0,0,0,0,0,0,0,0,0,0,0,0,0,0,0,0,0,0
"TCGCATTCAATGACTT-1_V11L05-333_A1",0.524328699057625,0.475671300942375,0,0,0,0,0,0,0,0,0,0,0,0,0,0,0,0,0,0,0
"TCGCCACCCGGATTAC-1_V11L05-333_A1",0.19999124950561,0.566845656357656,0.233163094136734,0,0,0,0,0,0,0,0,0,0,0,0,0,0,0,0,0,0
"TCGCCCAACTGACTCC-1_V11L05-333_A1",0,0.430329196188591,0.227413024861902,0,0,0,0,0,0,0,0,0,0,0,0,0.342257778949507,0,0,0,0,0
"TCGCCCACTGCGAGAG-1_V11L05-333_A1",0.389788245637719,0.318391561220943,0,0,0,0,0,0,0,0,0,0,0,0.291820193141338,0,0,0,0,0,0,0
"TCGCCGAAGTTGCGTC-1_V11L05-333_A1",0.232196944720626,0.39332332436214,0,0,0,0,0,0,0,0.167661611013473,0,0,0,0,0,0,0,0,0,0.206818119903761,0
"TCGCCGACATATTCGC-1_V11L05-333_A1",0.667064309706091,0.233119189862447,0.0998165004314624,0,0,0,0,0,0,0,0,0,0,0,0,0,0,0,0,0,0
"TCGCCGCACCGCGTGA-1_V11L05-333_A1",0.128742964612256,0.241676522564324,0,0,0,0,0,0,0,0,0,0,0,0,0,0,0,0,0,0.483791910036446,0.145788602786975
"TCGCCGGAGAGTCTTA-1_V11L05-333_A1",0.597445661730356,0.402554338269644,0,0,0,0,0,0,0,0,0,0,0,0,0,0,0,0,0,0,0
"TCGCCGGATGGGCAAG-1_V11L05-333_A1",0.545693265936369,0.454306734063631,0,0,0,0,0,0,0,0,0,0,0,0,0,0,0,0,0,0,0
"TCGCCGGTCGATCCGT-1_V11L05-333_A1",0.65790178559075,0.34209821440925,0,0,0,0,0,0,0,0,0,0,0,0,0,0,0,0,0,0,0
"TCGCCTCCTTCGGCTC-1_V11L05-333_A1",0.361407389028364,0.353430857871566,0,0,0,0,0,0,0,0,0.285161753100069,0,0,0,0,0,0,0,0,0,0
"TCGCCTCGACCTGTTG-1_V11L05-333_A1",0.771159354380677,0.228840645619323,0,0,0,0,0,0,0,0,0,0,0,0,0,0,0,0,0,0,0
"TCGCGCGTTTACATGA-1_V11L05-333_A1",0.122911748405798,0.340995977638354,0.247511934357714,0,0,0,0,0,0,0,0,0,0,0,0,0,0,0,0,0,0.288580339598134
"TCGCGTCCAGAAGGTC-1_V11L05-333_A1",0.78179454241431,0.21820545758569,0,0,0,0,0,0,0,0,0,0,0,0,0,0,0,0,0,0,0
"TCGCTAAACCGCTATC-1_V11L05-333_A1",0.549319821481172,0.218365481146653,0.10641338212489,0,0,0,0,0,0,0,0,0,0,0,0,0.125901315247285,0,0,0,0,0
"TCGCTACTGGCTTTGA-1_V11L05-333_A1",0.144775992733855,0.417655909558146,0,0,0,0,0,0,0,0,0,0,0,0,0,0,0,0,0,0.437568097707999,0
"TCGCTCGATATATTCC-1_V11L05-333_A1",0.841438125908726,0,0.158561874091274,0,0,0,0,0,0,0,0,0,0,0,0,0,0,0,0,0,0
"TCGCTCGGCACCAGCG-1_V11L05-333_A1",0.765843642065196,0.234156357934804,0,0,0,0,0,0,0,0,0,0,0,0,0,0,0,0,0,0,0
"TCGCTGCCAATGCTGT-1_V11L05-333_A1",0.389647020567228,0.442096906799533,0,0,0,0,0,0,0,0,0,0,0,0,0,0,0,0,0,0,0.168256072633238
"TCGCTGGGCGGATTGT-1_V11L05-333_A1",0.678723136328934,0.321276863671066,0,0,0,0,0,0,0,0,0,0,0,0,0,0,0,0,0,0,0
"TCGCTGTGCGTAAATC-1_V11L05-333_A1",0.471623874762133,0.383982261552974,0.144393863684893,0,0,0,0,0,0,0,0,0,0,0,0,0,0,0,0,0,0
"TCGCTTAATTACGAAG-1_V11L05-333_A1",0,0.569946425449837,0.149685076789876,0,0,0,0,0,0,0,0,0,0,0,0,0,0,0,0,0,0.280368497760288
"TCGCTTTAAACGTTTG-1_V11L05-333_A1",0.581229956322836,0.28013807378963,0,0,0,0,0,0,0,0,0,0,0,0,0,0.138631969887534,0,0,0,0,0
"TCGGAATGACCATCAA-1_V11L05-333_A1",0.105067338811975,0.0952817122136092,0,0,0,0,0,0,0,0,0,0,0,0,0,0.799650948974415,0,0,0,0,0
"TCGGAATGCGCTCTGA-1_V11L05-333_A1",0.779253097890885,0.220746902109115,0,0,0,0,0,0,0,0,0,0,0,0,0,0,0,0,0,0,0
"TCGGACGCCCAGCCCA-1_V11L05-333_A1",0.708047743977641,0.291952256022359,0,0,0,0,0,0,0,0,0,0,0,0,0,0,0,0,0,0,0
"TCGGAGAGTATCGGGA-1_V11L05-333_A1",0.271162826072977,0.433795771827736,0,0,0,0,0,0,0,0,0,0,0,0,0,0,0,0,0,0,0.295041402099287
"TCGGAGTACATGAGTA-1_V11L05-333_A1",0.741434405865891,0.258565594134109,0,0,0,0,0,0,0,0,0,0,0,0,0,0,0,0,0,0,0
"TCGGAGTCCTGGTTGC-1_V11L05-333_A1",0.128747214007321,0.395474070962642,0.145402920372585,0,0,0,0,0,0,0,0,0,0,0,0,0,0.143564579221747,0,0,0,0.186811215435705
"TCGGATCTGGATGACC-1_V11L05-333_A1",0,0.583593660963401,0,0,0,0,0,0,0,0,0,0,0,0,0,0,0,0,0,0,0.416406339036599
"TCGGCAGGGTTAAGGG-1_V11L05-333_A1",0.827307711304427,0.172692288695573,0,0,0,0,0,0,0,0,0,0,0,0,0,0,0,0,0,0,0
"TCGGCGAACCCAAACC-1_V11L05-333_A1",0.709673700386513,0.290326299613487,0,0,0,0,0,0,0,0,0,0,0,0,0,0,0,0,0,0,0
"TCGGCGGTATTAGATT-1_V11L05-333_A1",0,0.324928966923849,0,0,0,0,0,0,0,0.32202141689068,0,0,0,0,0,0,0,0,0,0,0.353049616185471
"TCGGCGTACTGCACAA-1_V11L05-333_A1",0.137101175767358,0.298530894127727,0.126703989311184,0,0,0,0,0,0,0,0,0,0,0,0,0,0,0,0,0.272031941263101,0.165631999530629
"TCGGCTAACTTCCCTT-1_V11L05-333_A1",0.267066350152226,0.292499455327376,0,0,0,0,0,0,0,0.440434194520398,0,0,0,0,0,0,0,0,0,0,0
"TCGGGAACGTGCCTAG-1_V11L05-333_A1",0.615802831184631,0.258962785653333,0.125234383162036,0,0,0,0,0,0,0,0,0,0,0,0,0,0,0,0,0,0
"TCGGGAGACAGCGTAC-1_V11L05-333_A1",0.407821007016858,0.592178992983142,0,0,0,0,0,0,0,0,0,0,0,0,0,0,0,0,0,0,0
"TCGGGATTCAAACATA-1_V11L05-333_A1",0.331876264269649,0.328650204799107,0,0,0,0,0,0,0,0,0.339473530931245,0,0,0,0,0,0,0,0,0,0
"TCGGGCACTTCTGGAT-1_V11L05-333_A1",0.484416140770606,0.515583859229394,0,0,0,0,0,0,0,0,0,0,0,0,0,0,0,0,0,0,0
"TCGGGCCGTCGTGGTA-1_V11L05-333_A1",0,0,0,0,0,0,0,0,0,0,0,0,0,0,0,0,0,0,0,0,0
"TCGGGTGAAACTGCTA-1_V11L05-333_A1",0.607267610864293,0.392732389135707,0,0,0,0,0,0,0,0,0,0,0,0,0,0,0,0,0,0,0
"TCGGTCCCGACAATAG-1_V11L05-333_A1",0.073121119795641,0.286497802071915,0,0,0,0,0,0,0,0,0,0,0,0.335954344066227,0,0,0,0,0,0,0.304426734066216
"TCGGTCCCTGACTCCA-1_V11L05-333_A1",0.324212955326038,0.154174903591968,0,0,0,0,0,0,0,0,0,0,0,0,0,0.521612141081994,0,0,0,0,0
"TCGGTGACCGCTCCGG-1_V11L05-333_A1",0.430917402551344,0.341585980759321,0.227496616689335,0,0,0,0,0,0,0,0,0,0,0,0,0,0,0,0,0,0
"TCGGTTAGCCATGTAG-1_V11L05-333_A1",0.265505145649023,0.364893756615092,0.369601097735885,0,0,0,0,0,0,0,0,0,0,0,0,0,0,0,0,0,0
"TCGTAACTCCCAAGAC-1_V11L05-333_A1",0.602615202067924,0.397384797932076,0,0,0,0,0,0,0,0,0,0,0,0,0,0,0,0,0,0,0
"TCGTAAGACGACATTG-1_V11L05-333_A1",0.752054523207421,0.247945476792579,0,0,0,0,0,0,0,0,0,0,0,0,0,0,0,0,0,0,0
"TCGTAAGCTCCGAGGA-1_V11L05-333_A1",0.142202014368921,0.129595752403358,0.0993515032987875,0,0,0,0,0,0.628850729928933,0,0,0,0,0,0,0,0,0,0,0,0
"TCGTACCGACGTCAAG-1_V11L05-333_A1",0.0602611065265448,0.0874401284584474,0,0.376589662073704,0,0,0,0,0,0.103077801612966,0,0,0,0.372631301328337,0,0,0,0,0,0,0
"TCGTATAGTGCAATTA-1_V11L05-333_A1",0.236746726768044,0.763253273231956,0,0,0,0,0,0,0,0,0,0,0,0,0,0,0,0,0,0,0
"TCGTATCACCAAGCTA-1_V11L05-333_A1",0,0,0,0,0,0,0,0,0,0,0,0,0,0,0,0,0,0,0,0,0
"TCGTATTACCCATTGC-1_V11L05-333_A1",0.291324080919705,0.159891956070169,0,0,0,0,0,0,0,0,0,0,0,0,0,0.548783963010126,0,0,0,0,0
"TCGTATTTCGTCCGGA-1_V11L05-333_A1",0.126669087670037,0.23219323066643,0.140662425216991,0,0,0,0,0,0,0,0,0,0,0,0,0,0.121775983978109,0,0,0.378699272468433,0
"TCGTCAAGTACGCGCA-1_V11L05-333_A1",0.0576898728628806,0.247299799679234,0.133352878039175,0,0,0,0,0,0,0,0,0,0,0.271350716661688,0,0,0,0,0,0,0.290306732757023
"TCGTCACACTGTTAGC-1_V11L05-333_A1",0.684718109631787,0.315281890368213,0,0,0,0,0,0,0,0,0,0,0,0,0,0,0,0,0,0,0
"TCGTCCGCTGGCGTCT-1_V11L05-333_A1",0.704426530390751,0.295573469609249,0,0,0,0,0,0,0,0,0,0,0,0,0,0,0,0,0,0,0
"TCGTCCGGGTACACTC-1_V11L05-333_A1",0,0.14217407841201,0,0,0,0,0,0,0,0.15324199066787,0,0,0,0.45134527457349,0,0,0,0,0,0,0.25323865634663
"TCGTCTTAGGCGTTAA-1_V11L05-333_A1",0.799065759920091,0.200934240079909,0,0,0,0,0,0,0,0,0,0,0,0,0,0,0,0,0,0,0
"TCGTGTATTGGTCACG-1_V11L05-333_A1",0,0.212806497867023,0,0,0,0,0,0,0,0,0,0,0,0,0.787193502132977,0,0,0,0,0,0
"TCGTGTCACGCTGACA-1_V11L05-333_A1",0.220705671528103,0.486360852645837,0,0,0,0,0,0,0,0,0,0,0,0,0,0,0,0,0,0,0.292933475826059
"TCGTGTTCGACCACAA-1_V11L05-333_A1",0.736231870993641,0.263768129006359,0,0,0,0,0,0,0,0,0,0,0,0,0,0,0,0,0,0,0
"TCGTTAGGAGTCCCTA-1_V11L05-333_A1",0.282823833274809,0.486481335675361,0,0,0,0,0,0,0,0,0,0,0,0,0,0,0,0,0,0,0.23069483104983
"TCGTTCGTTATTATGT-1_V11L05-333_A1",0.708286285361726,0.291713714638274,0,0,0,0,0,0,0,0,0,0,0,0,0,0,0,0,0,0,0
"TCGTTGACAGGGTCCC-1_V11L05-333_A1",0.652404889913341,0.347595110086659,0,0,0,0,0,0,0,0,0,0,0,0,0,0,0,0,0,0,0
"TCGTTGCTATCCGGTC-1_V11L05-333_A1",0.0669257259628502,0.145224966062367,0,0,0,0,0,0,0,0,0,0,0,0,0,0,0,0,0,0.631288644060884,0.156560663913899
"TCGTTGGCTCGTCAAT-1_V11L05-333_A1",0.76229246347264,0.23770753652736,0,0,0,0,0,0,0,0,0,0,0,0,0,0,0,0,0,0,0
"TCGTTTACGCGACCCT-1_V11L05-333_A1",0.660909906820629,0.339090093179371,0,0,0,0,0,0,0,0,0,0,0,0,0,0,0,0,0,0,0
"TCTAAAGAACAGTCTC-1_V11L05-333_A1",0.240938248033196,0.291469900427096,0,0,0,0,0,0,0,0,0,0,0,0.213496923161369,0,0,0,0,0,0,0.254094928378339
"TCTAACCTAGCCTGCG-1_V11L05-333_A1",0.5623812165738,0.286423247396531,0.151195536029669,0,0,0,0,0,0,0,0,0,0,0,0,0,0,0,0,0,0
"TCTAACTGTATGTAAA-1_V11L05-333_A1",0.432577119330258,0.567422880669742,0,0,0,0,0,0,0,0,0,0,0,0,0,0,0,0,0,0,0
"TCTAATACTGCCTCAG-1_V11L05-333_A1",0.0990326502730899,0.205749512840711,0,0,0,0,0,0,0,0,0,0,0,0.523232090338234,0,0,0,0,0,0,0.171985746547965
"TCTACACGTTCATGCA-1_V11L05-333_A1",0.560738870010076,0.244701609664255,0.194559520325669,0,0,0,0,0,0,0,0,0,0,0,0,0,0,0,0,0,0
"TCTACCCAATAGAGAG-1_V11L05-333_A1",0.734590961804013,0.265409038195987,0,0,0,0,0,0,0,0,0,0,0,0,0,0,0,0,0,0,0
"TCTACCCGCATCATTT-1_V11L05-333_A1",0.817728468396976,0.182271531603024,0,0,0,0,0,0,0,0,0,0,0,0,0,0,0,0,0,0,0
"TCTACCGTCCACAAGC-1_V11L05-333_A1",0.705271748658115,0.294728251341885,0,0,0,0,0,0,0,0,0,0,0,0,0,0,0,0,0,0,0
"TCTACGCACGATCTCC-1_V11L05-333_A1",0.249529808302595,0.283882738829439,0,0,0,0.149673680242007,0,0,0,0,0,0,0,0,0,0,0,0,0,0,0.316913772625959
"TCTACGGGCTCAGTTG-1_V11L05-333_A1",0.209716066078023,0.382932259920031,0,0,0,0,0,0,0,0,0,0,0,0.407351674001946,0,0,0,0,0,0,0
"TCTAGCAATCTCCGCC-1_V11L05-333_A1",0.173114918005948,0.142772980717977,0,0,0,0,0,0,0,0,0,0,0,0,0,0,0,0,0,0.490952759956069,0.193159341320006
"TCTAGCATCTTCGATG-1_V11L05-333_A1",0.610612786816994,0.389387213183006,0,0,0,0,0,0,0,0,0,0,0,0,0,0,0,0,0,0,0
"TCTAGCATGCCCAGAA-1_V11L05-333_A1",0.872630327523051,0.127369672476949,0,0,0,0,0,0,0,0,0,0,0,0,0,0,0,0,0,0,0
"TCTAGGTGGCGACGCT-1_V11L05-333_A1",0.403183955877658,0.1991670970939,0,0,0,0,0,0,0,0,0,0,0,0,0,0.397648947028442,0,0,0,0,0
"TCTAGTGATATCGTGG-1_V11L05-333_A1",0.607011366491967,0.186620824275171,0.206367809232862,0,0,0,0,0,0,0,0,0,0,0,0,0,0,0,0,0,0
"TCTAGTTATCAGAAGA-1_V11L05-333_A1",0.842999273958272,0.157000726041728,0,0,0,0,0,0,0,0,0,0,0,0,0,0,0,0,0,0,0
"TCTATAGGTGGGTAAT-1_V11L05-333_A1",0.635796026781874,0.364203973218126,0,0,0,0,0,0,0,0,0,0,0,0,0,0,0,0,0,0,0
"TCTATCATGCAGTTAC-1_V11L05-333_A1",0.732856358615665,0.267143641384335,0,0,0,0,0,0,0,0,0,0,0,0,0,0,0,0,0,0,0
"TCTATCCGATTGCACA-1_V11L05-333_A1",0.242319659680778,0.416055898006942,0,0,0,0,0,0,0,0,0,0,0,0.34162444231228,0,0,0,0,0,0,0
"TCTATCGGTCGCAACA-1_V11L05-333_A1",0.766803823640087,0.233196176359913,0,0,0,0,0,0,0,0,0,0,0,0,0,0,0,0,0,0,0
"TCTATGCTATAACGAC-1_V11L05-333_A1",0.715429465383209,0.284570534616791,0,0,0,0,0,0,0,0,0,0,0,0,0,0,0,0,0,0,0
"TCTATTACGCTGGCGA-1_V11L05-333_A1",0.486828096675789,0.513171903324211,0,0,0,0,0,0,0,0,0,0,0,0,0,0,0,0,0,0,0
"TCTATTACTAGAGGAT-1_V11L05-333_A1",0.0908733161938728,0.220164297999099,0.189654962789365,0,0,0,0,0,0,0,0,0,0,0,0,0,0,0,0,0.304035846471967,0.195271576545695
"TCTCAAATCAATCGGG-1_V11L05-333_A1",0.355268598395081,0.462419806197273,0.182311595407647,0,0,0,0,0,0,0,0,0,0,0,0,0,0,0,0,0,0
"TCTCAGGCTACTCGCT-1_V11L05-333_A1",0.556442557331307,0.290398942576674,0.153158500092019,0,0,0,0,0,0,0,0,0,0,0,0,0,0,0,0,0,0
"TCTCATGAGATAGGGT-1_V11L05-333_A1",0.753768499406173,0.246231500593826,0,0,0,0,0,0,0,0,0,0,0,0,0,0,0,0,0,0,0
"TCTCCAACGTAGGTTA-1_V11L05-333_A1",0.548960976211213,0.297099910383318,0.153939113405469,0,0,0,0,0,0,0,0,0,0,0,0,0,0,0,0,0,0
"TCTCCCTGGGCAGCGT-1_V11L05-333_A1",0.818757415719942,0.181242584280058,0,0,0,0,0,0,0,0,0,0,0,0,0,0,0,0,0,0,0
"TCTCGAACGAGGTCAC-1_V11L05-333_A1",0.143546111723767,0.159309677321136,0.109631257208311,0,0,0,0,0,0,0,0,0,0,0,0,0.587512953746787,0,0,0,0,0
"TCTCGACGTATCGCCG-1_V11L05-333_A1",0,0,0,0,0,0,0,0,0,0,0,0,0,0,0,0,0,0,0,0,0
"TCTCGAGGAGGTTCGC-1_V11L05-333_A1",0.277558320876399,0.231928511132663,0,0,0,0,0,0,0,0,0,0,0,0.490513167990938,0,0,0,0,0,0,0
"TCTCGGCTCCAGGACT-1_V11L05-333_A1",0.450242405357029,0.389857547949131,0.15990004669384,0,0,0,0,0,0,0,0,0,0,0,0,0,0,0,0,0,0
"TCTCGTGTTACGAGGA-1_V11L05-333_A1",0.107324667117163,0.180698599666577,0,0,0,0,0,0,0,0,0,0,0,0,0,0,0,0,0,0.71197673321626,0
"TCTCTAATAGCTGGTA-1_V11L05-333_A1",0.482152952382441,0.287155055748045,0,0,0,0,0,0,0,0,0,0,0,0,0,0,0.230691991869515,0,0,0,0
"TCTCTCGCCGCACATA-1_V11L05-333_A1",0.63757216875829,0.36242783124171,0,0,0,0,0,0,0,0,0,0,0,0,0,0,0,0,0,0,0
"TCTCTTACCGCGAACC-1_V11L05-333_A1",0.0637523125898707,0.303595425895307,0.0972565757121523,0,0,0,0,0,0,0,0,0,0,0.375400130819363,0,0,0,0,0,0,0.159995554983307
"TCTGAACCGGTCGGCT-1_V11L05-333_A1",0.617547982847336,0.252645502162825,0.129806514989839,0,0,0,0,0,0,0,0,0,0,0,0,0,0,0,0,0,0
"TCTGAACTCGTACCCG-1_V11L05-333_A1",0,0,0,0,0,0,0,0,0,0,0,0,0,0,0,0,0,0,0,0,0
"TCTGAAGCACGTGGTC-1_V11L05-333_A1",0.801424809816424,0.198575190183577,0,0,0,0,0,0,0,0,0,0,0,0,0,0,0,0,0,0,0
"TCTGAATTCCGTACAA-1_V11L05-333_A1",0.689512201089395,0.190611517568369,0.119876281342236,0,0,0,0,0,0,0,0,0,0,0,0,0,0,0,0,0,0
"TCTGACGGGCTAACCC-1_V11L05-333_A1",0.657501962952601,0.342498037047399,0,0,0,0,0,0,0,0,0,0,0,0,0,0,0,0,0,0,0
"TCTGACTGTAATGGTT-1_V11L05-333_A1",0.650272875081454,0.349727124918546,0,0,0,0,0,0,0,0,0,0,0,0,0,0,0,0,0,0,0
"TCTGAGCAATTGACTG-1_V11L05-333_A1",0.568525042973336,0.306915841639496,0.124559115387168,0,0,0,0,0,0,0,0,0,0,0,0,0,0,0,0,0,0
"TCTGATCGGGTGCTAG-1_V11L05-333_A1",0.528887849171837,0.28635582680071,0.184756324027453,0,0,0,0,0,0,0,0,0,0,0,0,0,0,0,0,0,0
"TCTGATGTATTCTGTC-1_V11L05-333_A1",0.816199953974861,0.183800046025138,0,0,0,0,0,0,0,0,0,0,0,0,0,0,0,0,0,0,0
"TCTGATTGGAAATGGA-1_V11L05-333_A1",0.26069325284958,0.182681126351899,0.132548268008232,0,0,0,0,0,0,0,0,0,0,0,0,0.42407735279029,0,0,0,0,0
"TCTGCACCATTAGTAA-1_V11L05-333_A1",0.335530843950908,0.422218870587901,0,0,0,0,0,0,0,0,0,0,0,0,0,0.242250285461191,0,0,0,0,0
"TCTGCAGATTCGAGTC-1_V11L05-333_A1",0.767546227513307,0.232453772486693,0,0,0,0,0,0,0,0,0,0,0,0,0,0,0,0,0,0,0
"TCTGCATACCTTGCTT-1_V11L05-333_A1",0.662334547788625,0.337665452211375,0,0,0,0,0,0,0,0,0,0,0,0,0,0,0,0,0,0,0
"TCTGCCAGAAACTGCA-1_V11L05-333_A1",0.751299443679189,0.248700556320812,0,0,0,0,0,0,0,0,0,0,0,0,0,0,0,0,0,0,0
"TCTGCGAATCGTTCGC-1_V11L05-333_A1",0,0.227913051712534,0.168799110375474,0,0,0,0,0,0,0,0,0,0,0.212328185352778,0,0.390959652559214,0,0,0,0,0
"TCTGCGTCCGGTTTCT-1_V11L05-333_A1",0.593003467282195,0.406996532717805,0,0,0,0,0,0,0,0,0,0,0,0,0,0,0,0,0,0,0
"TCTGCTTAGAACAAGC-1_V11L05-333_A1",0.507324373164776,0.285895847915342,0,0,0,0,0,0,0,0,0,0,0,0.206779778919883,0,0,0,0,0,0,0
"TCTGGAGCGTAAGAGT-1_V11L05-333_A1",0.394942734401495,0.189262572165767,0.118501588397361,0,0,0,0,0,0,0,0,0,0,0,0,0.297293105035377,0,0,0,0,0
"TCTGGCCGTTCAAGTT-1_V11L05-333_A1",0.11743962648917,0.1406267267811,0,0,0,0,0,0,0,0,0,0,0,0,0,0.74193364672973,0,0,0,0,0
"TCTGGCGCAAGCCGGG-1_V11L05-333_A1",0.268774632782422,0.482367189524006,0,0,0,0,0,0,0,0,0,0,0,0,0,0,0,0,0,0,0.248858177693572
"TCTGGGAACCTTTGAA-1_V11L05-333_A1",0.6632785907853,0.182775714239831,0.153945694974869,0,0,0,0,0,0,0,0,0,0,0,0,0,0,0,0,0,0
"TCTGGGTAGCGCTCAT-1_V11L05-333_A1",0.37959215905531,0.384154246235515,0.236253594709174,0,0,0,0,0,0,0,0,0,0,0,0,0,0,0,0,0,0
"TCTGTCATACAAGAGC-1_V11L05-333_A1",0.646856465066801,0.353143534933199,0,0,0,0,0,0,0,0,0,0,0,0,0,0,0,0,0,0,0
"TCTGTGACTGACCGTT-1_V11L05-333_A1",0.507600930144009,0.310524443412233,0.181874626443758,0,0,0,0,0,0,0,0,0,0,0,0,0,0,0,0,0,0
"TCTGTGATGGAGGTTG-1_V11L05-333_A1",0,0.3483881094928,0.181269617471764,0,0,0,0,0,0,0,0,0,0,0.470342273035436,0,0,0,0,0,0,0
"TCTGTGCCATCATAGT-1_V11L05-333_A1",0.795368677204444,0.204631322795556,0,0,0,0,0,0,0,0,0,0,0,0,0,0,0,0,0,0,0
"TCTGTGGCTACATTTC-1_V11L05-333_A1",0.466736426888929,0.533263573111071,0,0,0,0,0,0,0,0,0,0,0,0,0,0,0,0,0,0,0
"TCTGTTACCCAGCATA-1_V11L05-333_A1",0.0558609954347515,0.175058799471307,0,0,0,0,0,0,0,0,0,0,0,0,0,0,0,0,0,0.769080205093941,0
"TCTGTTTAGATTGTTC-1_V11L05-333_A1",0.22230551613583,0.513252747822619,0.264441736041551,0,0,0,0,0,0,0,0,0,0,0,0,0,0,0,0,0,0
"TCTTAACTCGGATGTA-1_V11L05-333_A1",0.74960906193227,0.25039093806773,0,0,0,0,0,0,0,0,0,0,0,0,0,0,0,0,0,0,0
"TCTTACAGAGGTACCG-1_V11L05-333_A1",0.396098231985019,0.296334636122823,0.307567131892159,0,0,0,0,0,0,0,0,0,0,0,0,0,0,0,0,0,0
"TCTTACCGGAACTCGT-1_V11L05-333_A1",0.741196015127622,0.258803984872378,0,0,0,0,0,0,0,0,0,0,0,0,0,0,0,0,0,0,0
"TCTTACGGCATCCGAC-1_V11L05-333_A1",0.768107196499798,0.231892803500202,0,0,0,0,0,0,0,0,0,0,0,0,0,0,0,0,0,0,0
"TCTTACTTATGCCTCT-1_V11L05-333_A1",0.787456175689028,0.212543824310972,0,0,0,0,0,0,0,0,0,0,0,0,0,0,0,0,0,0,0
"TCTTAGAGCTCCAATT-1_V11L05-333_A1",0.506294561527795,0.314327617840746,0.179377820631459,0,0,0,0,0,0,0,0,0,0,0,0,0,0,0,0,0,0
"TCTTAGAGTGAACTCT-1_V11L05-333_A1",0.25753308695347,0.154131276821431,0.196758300688935,0,0,0,0,0,0,0,0,0,0,0,0,0.391577335536163,0,0,0,0,0
"TCTTATGGGTAGTACC-1_V11L05-333_A1",0.571144295103339,0.428855704896661,0,0,0,0,0,0,0,0,0,0,0,0,0,0,0,0,0,0,0
"TCTTCCCATGGGCACA-1_V11L05-333_A1",0.167932885283447,0.153382790962289,0.0922277820445301,0,0,0,0,0,0,0,0.586456541709733,0,0,0,0,0,0,0,0,0,0
"TCTTCGAATAGACGTT-1_V11L05-333_A1",0.867610776100894,0.132389223899106,0,0,0,0,0,0,0,0,0,0,0,0,0,0,0,0,0,0,0
"TCTTCGATACCAATAA-1_V11L05-333_A1",0.687663545261958,0.185597997719022,0,0,0,0,0,0,0,0.12673845701902,0,0,0,0,0,0,0,0,0,0,0
"TCTTCGCGGTGAGAGG-1_V11L05-333_A1",0.715204773811565,0.284795226188435,0,0,0,0,0,0,0,0,0,0,0,0,0,0,0,0,0,0,0
"TCTTCTATAACCCGCC-1_V11L05-333_A1",0.691090510813271,0.308909489186729,0,0,0,0,0,0,0,0,0,0,0,0,0,0,0,0,0,0,0
"TCTTGATGCGTAGCGA-1_V11L05-333_A1",0.522962385161594,0.281680433606805,0.195357181231601,0,0,0,0,0,0,0,0,0,0,0,0,0,0,0,0,0,0
"TCTTGCTCCCGATACT-1_V11L05-333_A1",0,0.402213357722122,0.136672162276375,0,0,0,0,0,0,0,0,0,0,0,0,0,0,0,0,0.461114480001503,0
"TCTTGGTAACACCAAA-1_V11L05-333_A1",0.756700136986541,0.243299863013459,0,0,0,0,0,0,0,0,0,0,0,0,0,0,0,0,0,0,0
"TCTTGGTCAATGATAC-1_V11L05-333_A1",0.185792374208493,0.460684501184599,0.353523124606909,0,0,0,0,0,0,0,0,0,0,0,0,0,0,0,0,0,0
"TCTTTAAGACTATGAA-1_V11L05-333_A1",0.555212637147592,0.288269231681754,0.156518131170655,0,0,0,0,0,0,0,0,0,0,0,0,0,0,0,0,0,0
"TCTTTAGAGTCTAACA-1_V11L05-333_A1",0.576504092472013,0.423495907527987,0,0,0,0,0,0,0,0,0,0,0,0,0,0,0,0,0,0,0
"TCTTTAGCAGGCGAAC-1_V11L05-333_A1",0.386650545331463,0.153449089925846,0.165154543211901,0,0,0,0,0,0,0,0,0,0,0.29474582153079,0,0,0,0,0,0,0
"TCTTTCATCCGTCCTT-1_V11L05-333_A1",0,0.773789494674754,0,0,0,0,0,0,0,0,0,0,0,0,0.226210505325246,0,0,0,0,0,0
"TCTTTCCTTCGAGATA-1_V11L05-333_A1",0.304956521277374,0.409046426573503,0,0,0,0,0,0,0,0,0,0,0,0,0,0,0,0,0,0.285997052149124,0
"TCTTTCGGCGGGACAC-1_V11L05-333_A1",0.547708823268048,0.452291176731952,0,0,0,0,0,0,0,0,0,0,0,0,0,0,0,0,0,0,0
"TCTTTCTCTTAAGGAG-1_V11L05-333_A1",0.269550738859987,0.253990556761963,0.275710746970493,0,0,0,0,0,0,0,0,0,0,0,0,0.200747957407557,0,0,0,0,0
"TGAAACCTCAACTCAC-1_V11L05-333_A1",0.685992887948952,0.314007112051048,0,0,0,0,0,0,0,0,0,0,0,0,0,0,0,0,0,0,0
"TGAAACTTATGCAAGC-1_V11L05-333_A1",0.46022732986197,0.345864436641209,0.193908233496822,0,0,0,0,0,0,0,0,0,0,0,0,0,0,0,0,0,0
"TGAAAGGACCTGACTC-1_V11L05-333_A1",0.520044472187113,0.24663227180783,0.233323256005056,0,0,0,0,0,0,0,0,0,0,0,0,0,0,0,0,0,0
"TGAACAAGCAGGGACT-1_V11L05-333_A1",0,0.312332410594135,0,0,0,0,0,0,0,0,0,0,0,0.480132120804207,0,0,0,0,0,0,0.207535468601658
"TGAACACCCGAAGCAG-1_V11L05-333_A1",0.589309659958955,0.410690340041045,0,0,0,0,0,0,0,0,0,0,0,0,0,0,0,0,0,0,0
"TGAACCTGAATGTGAG-1_V11L05-333_A1",0.237798707908684,0.454861936487119,0.307339355604197,0,0,0,0,0,0,0,0,0,0,0,0,0,0,0,0,0,0
"TGAACTGCTATGACTT-1_V11L05-333_A1",0.272495569458234,0.421356235204704,0,0,0,0,0,0,0,0,0,0,0,0,0,0,0,0,0,0,0.306148195337062
"TGAAGAGCGGTCCTAG-1_V11L05-333_A1",0.83070650654432,0.16929349345568,0,0,0,0,0,0,0,0,0,0,0,0,0,0,0,0,0,0,0
"TGAAGTAGCTTACGGA-1_V11L05-333_A1",0.788185443055728,0.211814556944272,0,0,0,0,0,0,0,0,0,0,0,0,0,0,0,0,0,0,0
"TGAATACCGACGCGTA-1_V11L05-333_A1",0.310357887023192,0.133023147532189,0,0,0,0,0,0,0,0,0,0,0,0,0,0.206721943122486,0,0,0,0.349897022322133,0
"TGAATATGCTATAAAC-1_V11L05-333_A1",0.169113171980418,0.35588704229936,0.125635631419267,0,0,0,0,0,0,0,0,0,0,0,0,0.349364154300955,0,0,0,0,0
"TGAATGAGATACAGCA-1_V11L05-333_A1",0.0646486424506518,0.250552487894395,0.114434639653678,0,0,0,0,0,0,0,0,0,0,0.218299077471483,0,0,0,0,0,0.352065152529793,0
"TGAATGAGTGTTTCCC-1_V11L05-333_A1",0.103839281018824,0.321513055211056,0,0,0,0,0,0,0,0,0,0,0,0.324323961157679,0,0,0,0,0,0,0.250323702612441
"TGAATGTCAGCCGGCC-1_V11L05-333_A1",0.354869857703784,0.379660569985193,0.265469572311023,0,0,0,0,0,0,0,0,0,0,0,0,0,0,0,0,0,0
"TGAATTTCACTTGCCT-1_V11L05-333_A1",0.163684323091764,0.392125642481183,0,0,0,0,0,0,0,0,0,0,0,0,0,0,0,0,0,0.241274720861087,0.202915313565966
"TGACAACGCATGTCGC-1_V11L05-333_A1",0.542639012866067,0.249434208409265,0,0,0,0,0,0,0,0,0,0,0,0,0,0,0,0.207926778724668,0,0,0
"TGACAACTTAAAGGTG-1_V11L05-333_A1",0,0.332152984472726,0.150595423362716,0,0,0,0,0,0,0,0,0,0,0.517251592164558,0,0,0,0,0,0,0
"TGACACTTCTCTTTGC-1_V11L05-333_A1",0.492871344922784,0.255918196904511,0.251210458172705,0,0,0,0,0,0,0,0,0,0,0,0,0,0,0,0,0,0
"TGACAGAAATCTTGCT-1_V11L05-333_A1",0.115161088737274,0.433831919096125,0,0,0,0,0,0,0.20378054746989,0,0,0,0,0,0,0,0,0,0,0,0.247226444696711
"TGACAGGACAAGTCCA-1_V11L05-333_A1",0.174059220196782,0.30595432623385,0,0,0,0,0,0,0,0,0,0,0,0,0,0,0,0,0,0.297432614998278,0.222553838571089
"TGACATATATGACGAT-1_V11L05-333_A1",0.243744998662843,0.436059844588512,0.320195156748646,0,0,0,0,0,0,0,0,0,0,0,0,0,0,0,0,0,0
"TGACATCGAGCGGACC-1_V11L05-333_A1",0.839322837657555,0.160677162342445,0,0,0,0,0,0,0,0,0,0,0,0,0,0,0,0,0,0,0
"TGACATGTAACGTGAC-1_V11L05-333_A1",0.0776371791075735,0.238874212953875,0,0,0,0,0,0,0,0,0.118434434171385,0,0.565054173767167,0,0,0,0,0,0,0,0
"TGACCAAATCTTAAAC-1_V11L05-333_A1",0.0614072751906862,0.200799338992781,0.0871313707687541,0,0,0,0,0,0,0,0.377967401514123,0,0,0,0,0,0,0,0,0,0.272694613533655
"TGACCAGCTTCAAAGT-1_V11L05-333_A1",0.398531324344181,0.302049116695117,0.299419558960702,0,0,0,0,0,0,0,0,0,0,0,0,0,0,0,0,0,0
"TGACCCAACTCACATT-1_V11L05-333_A1",0.662793043176619,0.337206956823381,0,0,0,0,0,0,0,0,0,0,0,0,0,0,0,0,0,0,0
"TGACCCACGTTAGACA-1_V11L05-333_A1",0.782253042936265,0.217746957063735,0,0,0,0,0,0,0,0,0,0,0,0,0,0,0,0,0,0,0
"TGACCCAGCATTCCCG-1_V11L05-333_A1",0.207546103773509,0.426662808305987,0,0,0,0,0,0,0,0,0,0,0,0,0,0.365791087920504,0,0,0,0,0
"TGACGAATATTTCCCT-1_V11L05-333_A1",0.106729667002847,0.347547039192293,0.237228920015807,0,0,0,0,0,0,0,0,0,0,0,0,0,0,0,0,0.16068329390104,0.147811079888013
"TGACGATGCACTAGAA-1_V11L05-333_A1",0.636747920945299,0.363252079054702,0,0,0,0,0,0,0,0,0,0,0,0,0,0,0,0,0,0,0
"TGACTATAATCCTTTC-1_V11L05-333_A1",0.623176967879638,0.162186071495394,0.214636960624968,0,0,0,0,0,0,0,0,0,0,0,0,0,0,0,0,0,0
"TGACTCCGAATCATAC-1_V11L05-333_A1",0,0.169460788181159,0,0,0,0,0,0,0,0,0,0,0.830539211818841,0,0,0,0,0,0,0,0
"TGACTCTAACTGGTAA-1_V11L05-333_A1",0.454309360049263,0.545690639950737,0,0,0,0,0,0,0,0,0,0,0,0,0,0,0,0,0,0,0
"TGAGAATGCTTTACCG-1_V11L05-333_A1",0.576711994216911,0.423288005783089,0,0,0,0,0,0,0,0,0,0,0,0,0,0,0,0,0,0,0
"TGAGACGTACCTCTCA-1_V11L05-333_A1",0.448560470989138,0.346592024948042,0,0,0,0,0,0,0,0,0,0,0,0,0,0,0,0,0,0,0.20484750406282
"TGAGAGATTTACCACG-1_V11L05-333_A1",0.72612600653158,0.134799435569229,0.139074557899191,0,0,0,0,0,0,0,0,0,0,0,0,0,0,0,0,0,0
"TGAGATCAAATACTCA-1_V11L05-333_A1",0.462238711626161,0.333235383217921,0.204525905155918,0,0,0,0,0,0,0,0,0,0,0,0,0,0,0,0,0,0
"TGAGATTAGGCCCTAA-1_V11L05-333_A1",0.45537927024941,0.385941371076549,0.158679358674041,0,0,0,0,0,0,0,0,0,0,0,0,0,0,0,0,0,0
"TGAGCAGTCGTGAAGT-1_V11L05-333_A1",0.429405910442436,0.380448957198513,0.19014513235905,0,0,0,0,0,0,0,0,0,0,0,0,0,0,0,0,0,0
"TGAGCCATACAGTCTC-1_V11L05-333_A1",0.191453515189933,0.121727228694868,0,0,0,0.155434575657039,0,0,0,0,0,0,0,0,0,0.53138468045816,0,0,0,0,0
"TGAGCGGAAAGTGTTC-1_V11L05-333_A1",0.665829812948748,0.232284180267073,0.101886006784179,0,0,0,0,0,0,0,0,0,0,0,0,0,0,0,0,0,0
"TGAGCTCAACTGTATA-1_V11L05-333_A1",0.522700666071758,0.273867619582432,0.203431714345809,0,0,0,0,0,0,0,0,0,0,0,0,0,0,0,0,0,0
"TGAGCTTTAATGACGC-1_V11L05-333_A1",0.165766831141961,0.262050992489294,0.177357519677435,0,0,0,0,0,0,0,0,0,0,0.0449583845632632,0,0.349866272128046,0,0,0,0,0
"TGAGGAGTGCCAGCTT-1_V11L05-333_A1",0.0784416984350419,0.197247461382272,0.0911173005175052,0,0,0,0,0,0,0,0,0,0,0,0,0,0,0,0,0.633193539665181,0
"TGAGGCATGTACTGTG-1_V11L05-333_A1",0.119657649665647,0.327474825857027,0,0,0,0,0,0,0,0,0,0,0,0,0,0,0,0.136859563181717,0,0.209950330984034,0.206057630311576
"TGAGGTGTGTGGCGGA-1_V11L05-333_A1",0,0.231666986540762,0.114831158146793,0,0,0,0,0,0,0,0,0,0.653501855312445,0,0,0,0,0,0,0,0
"TGAGGTTGATCCCAAG-1_V11L05-333_A1",0.623620345728562,0.376379654271438,0,0,0,0,0,0,0,0,0,0,0,0,0,0,0,0,0,0,0
"TGAGTAAATTAGCGTA-1_V11L05-333_A1",0.798500824702409,0.201499175297591,0,0,0,0,0,0,0,0,0,0,0,0,0,0,0,0,0,0,0
"TGAGTGCCTCTTAAAT-1_V11L05-333_A1",0.182083476031191,0.393220028825391,0,0,0,0,0,0,0,0,0,0,0,0,0,0,0,0,0,0.181455858998759,0.243240636144659
"TGAGTGGTCCGTGACG-1_V11L05-333_A1",0.605711616599635,0.394288383400365,0,0,0,0,0,0,0,0,0,0,0,0,0,0,0,0,0,0,0
"TGAGTGTAACAACGGG-1_V11L05-333_A1",0.761409035627379,0.238590964372621,0,0,0,0,0,0,0,0,0,0,0,0,0,0,0,0,0,0,0
"TGAGTTAAAGACATTC-1_V11L05-333_A1",0.466465610482527,0.533534389517473,0,0,0,0,0,0,0,0,0,0,0,0,0,0,0,0,0,0,0
"TGATACATTTAGCCGT-1_V11L05-333_A1",0.0973832466908789,0.32777489707518,0,0,0,0,0,0,0,0,0,0,0,0.296904261804658,0,0,0,0,0,0,0.277937594429283
"TGATAGCGGGATTCTA-1_V11L05-333_A1",0.736922641080346,0.263077358919654,0,0,0,0,0,0,0,0,0,0,0,0,0,0,0,0,0,0,0
"TGATCACCACACTGAC-1_V11L05-333_A1",0,0.203153077586926,0.0814360641165393,0,0,0,0,0,0,0,0,0,0.499440647197194,0,0,0,0,0,0,0,0.215970211099341
"TGATCAGGGAACTGCT-1_V11L05-333_A1",0.172429945282873,0.276844309477284,0,0,0,0,0,0,0,0,0,0,0,0.102595236391571,0,0,0,0,0,0.448130508848272,0
"TGATCCCAGCATTAGT-1_V11L05-333_A1",0.643501063755065,0.184326559196693,0,0,0,0,0,0,0,0,0,0,0,0,0,0.172172377048243,0,0,0,0,0
"TGATCGGTTTGACCCT-1_V11L05-333_A1",0.72766738158122,0.27233261841878,0,0,0,0,0,0,0,0,0,0,0,0,0,0,0,0,0,0,0
"TGATCTACGCTGATCT-1_V11L05-333_A1",0.506007064514493,0.2767751902991,0,0,0,0,0,0,0,0,0,0,0,0,0,0.217217745186408,0,0,0,0,0
"TGATCTATCACACTCT-1_V11L05-333_A1",0.570339205955653,0.304068836258309,0,0,0,0,0,0,0,0,0,0,0,0,0,0,0,0,0,0,0.125591957786038
"TGATCTCCGGCGCCAG-1_V11L05-333_A1",0.740026792360014,0.259973207639986,0,0,0,0,0,0,0,0,0,0,0,0,0,0,0,0,0,0,0
"TGATGCTCACGTAGTC-1_V11L05-333_A1",0.0656427328309257,0.153530060834512,0.0837930019034029,0,0,0,0,0,0,0,0,0,0.465709491494258,0,0,0,0,0,0,0,0.231324712936901
"TGATGGCTGTTTCTGA-1_V11L05-333_A1",0.792940369635194,0.207059630364806,0,0,0,0,0,0,0,0,0,0,0,0,0,0,0,0,0,0,0
"TGATGGGACTAAGTCA-1_V11L05-333_A1",0.647825181378519,0.352174818621481,0,0,0,0,0,0,0,0,0,0,0,0,0,0,0,0,0,0,0
"TGATGTCAATTAAGTG-1_V11L05-333_A1",0.684406242453715,0.315593757546285,0,0,0,0,0,0,0,0,0,0,0,0,0,0,0,0,0,0,0
"TGATTATGGCACGCAG-1_V11L05-333_A1",0.270765798444347,0.301648804668024,0,0,0,0,0,0,0,0,0,0,0,0.427585396887629,0,0,0,0,0,0,0
"TGATTCAGGTCCCGCG-1_V11L05-333_A1",0.177110344635243,0.273368485263626,0.0927366932285515,0,0,0,0,0,0,0,0,0,0,0.0722060347122077,0,0,0,0,0,0.384578442160372,0
"TGATTCCCGGTTACCT-1_V11L05-333_A1",0,0.260809834219566,0,0,0,0,0,0,0,0,0,0,0,0.42466275597065,0,0,0,0,0,0,0.314527409809784
"TGATTCGTCTATCACT-1_V11L05-333_A1",0.651440490677915,0.348559509322086,0,0,0,0,0,0,0,0,0,0,0,0,0,0,0,0,0,0,0
"TGATTCTGTCGCCGGT-1_V11L05-333_A1",0.12039077745614,0.399219895061219,0.179880813492049,0,0,0,0,0,0,0,0,0,0,0,0,0,0,0,0,0.300508513990592,0
"TGATTTATTAGCTGTG-1_V11L05-333_A1",0.163636576590878,0.154537393777551,0,0,0,0.173378511767368,0,0,0,0,0,0,0,0,0.508447517864203,0,0,0,0,0,0
"TGATTTCCTCCTGACG-1_V11L05-333_A1",0.564283190565538,0.250895781535752,0.18482102789871,0,0,0,0,0,0,0,0,0,0,0,0,0,0,0,0,0,0
"TGCAAACCCACATCAA-1_V11L05-333_A1",0.528702540676759,0.471297459323241,0,0,0,0,0,0,0,0,0,0,0,0,0,0,0,0,0,0,0
"TGCAAACGTACTAGTT-1_V11L05-333_A1",0,0.150749561565082,0,0.511423623934158,0,0,0,0,0,0,0,0,0,0.33782681450076,0,0,0,0,0,0,0
"TGCAAAGTTCGTCTGT-1_V11L05-333_A1",0.0385516259101281,0.120159080755115,0,0.493838716973729,0,0,0,0,0,0,0,0,0,0.347450576361028,0,0,0,0,0,0,0
"TGCAACCCATCTGCGG-1_V11L05-333_A1",0,0,0,0,0,0,0,0,0,0,0,0,0,0,0,0,0,0,0,0,0
"TGCAACTACTGGTTGA-1_V11L05-333_A1",0.529040657041661,0.470959342958339,0,0,0,0,0,0,0,0,0,0,0,0,0,0,0,0,0,0,0
"TGCAAGAATGACGTAA-1_V11L05-333_A1",0.788589023117625,0.149577054193132,0.0618339226892428,0,0,0,0,0,0,0,0,0,0,0,0,0,0,0,0,0,0
"TGCAATCTAACACGGT-1_V11L05-333_A1",0.788350418244785,0.211649581755215,0,0,0,0,0,0,0,0,0,0,0,0,0,0,0,0,0,0,0
"TGCAATTTGGGCACGG-1_V11L05-333_A1",0.549223679999678,0.200981736635382,0,0,0,0,0,0,0,0,0,0,0,0,0,0.249794583364939,0,0,0,0,0
"TGCACAGTGAAGTTAT-1_V11L05-333_A1",0.53291372840615,0.245480156004927,0.221606115588922,0,0,0,0,0,0,0,0,0,0,0,0,0,0,0,0,0,0
"TGCACGAGTCGGCAGC-1_V11L05-333_A1",0.693110556297128,0.306889443702872,0,0,0,0,0,0,0,0,0,0,0,0,0,0,0,0,0,0,0
"TGCACTATGTGAGTGC-1_V11L05-333_A1",0.499130404369815,0.315622549471446,0.185247046158739,0,0,0,0,0,0,0,0,0,0,0,0,0,0,0,0,0,0
"TGCAGAACTATATCGT-1_V11L05-333_A1",0.145967881562123,0.24115061140356,0,0,0,0,0,0,0,0,0,0,0,0.256169375539436,0,0,0,0,0,0.356712131494881,0
"TGCAGAGTACCGAGCA-1_V11L05-333_A1",0.782646994136963,0.217353005863037,0,0,0,0,0,0,0,0,0,0,0,0,0,0,0,0,0,0,0
"TGCAGATCGTCCTAGG-1_V11L05-333_A1",0.213519027897156,0.466851752751318,0.108319170478663,0,0,0,0,0,0,0,0,0,0,0,0,0,0,0,0,0,0.211310048872863
"TGCAGCTACGTACTTC-1_V11L05-333_A1",0.159653351646898,0.247408766264907,0,0,0,0,0,0,0,0,0,0,0,0.129868445868804,0,0,0,0,0,0.463069436219392,0
"TGCAGGATCGGCAAAG-1_V11L05-333_A1",0.666405165034071,0.333594834965929,0,0,0,0,0,0,0,0,0,0,0,0,0,0,0,0,0,0,0
"TGCAGTGAGGCTCGGG-1_V11L05-333_A1",0.184696658076331,0.337779515227318,0.160916062128215,0,0,0,0,0,0,0,0,0,0,0,0,0.316607764568135,0,0,0,0,0
"TGCAGTGGTAGGGAAC-1_V11L05-333_A1",0,0.112887438592799,0.0897202407696793,0.321222710934371,0,0,0,0,0,0,0,0,0.476169609703151,0,0,0,0,0,0,0,0
"TGCAGTTTCCTCCCAT-1_V11L05-333_A1",0.785840793775584,0.214159206224416,0,0,0,0,0,0,0,0,0,0,0,0,0,0,0,0,0,0,0
"TGCATATGTCTGTCAC-1_V11L05-333_A1",0.511225298017805,0.320463928858642,0.168310773123553,0,0,0,0,0,0,0,0,0,0,0,0,0,0,0,0,0,0
"TGCATCTCCGGATCTT-1_V11L05-333_A1",0,0.312186879888185,0.151379185546274,0,0,0,0,0,0,0,0,0,0.536433934565542,0,0,0,0,0,0,0,0
"TGCATGAGTAGATTCG-1_V11L05-333_A1",0.648675044040426,0.351324955959574,0,0,0,0,0,0,0,0,0,0,0,0,0,0,0,0,0,0,0
"TGCATGGATCGGATCT-1_V11L05-333_A1",0.710715750932083,0.289284249067917,0,0,0,0,0,0,0,0,0,0,0,0,0,0,0,0,0,0,0
"TGCATGGCAGTCTTGC-1_V11L05-333_A1",0.164706221404733,0.197608531730407,0.18008194293321,0,0,0,0,0,0,0,0,0,0,0.45760330393165,0,0,0,0,0,0,0
"TGCATGTGACCCATAG-1_V11L05-333_A1",0,0.149920433626935,0.0934338775445706,0,0,0,0,0,0,0,0,0,0.756645688828494,0,0,0,0,0,0,0,0
"TGCATGTGGTAATCTA-1_V11L05-333_A1",0.412014526656753,0.404704573011813,0.183280900331434,0,0,0,0,0,0,0,0,0,0,0,0,0,0,0,0,0,0
"TGCCAAAGTCAGACTT-1_V11L05-333_A1",0.13878762976216,0.340660593723036,0,0,0,0,0,0,0,0,0,0,0,0,0,0,0,0,0,0.295653063631863,0.224898712882941
"TGCCAATGGGTACTCT-1_V11L05-333_A1",0.143830507911148,0.246136018031978,0.0767077745200695,0,0,0,0,0,0,0,0,0,0,0,0,0,0.11691443260775,0,0,0.416411266929055,0
"TGCCACACTAGAGGAA-1_V11L05-333_A1",0.0795450506098661,0.187479509483651,0,0,0,0,0,0,0,0,0,0,0,0,0,0,0,0,0,0.523116187900541,0.209859252005942
"TGCCACCTGGCGAAAC-1_V11L05-333_A1",0.630302520140472,0.369697479859528,0,0,0,0,0,0,0,0,0,0,0,0,0,0,0,0,0,0,0
"TGCCAGTACGTGGAGA-1_V11L05-333_A1",0.8363961177006,0.1636038822994,0,0,0,0,0,0,0,0,0,0,0,0,0,0,0,0,0,0,0
"TGCCATGGCTTATAAG-1_V11L05-333_A1",0.518054362118742,0.251192074570483,0,0,0,0,0,0,0,0,0,0,0,0,0,0.230753563310775,0,0,0,0,0
"TGCCATTACTAAAGAA-1_V11L05-333_A1",0.599862640776201,0.230963705242036,0.169173653981763,0,0,0,0,0,0,0,0,0,0,0,0,0,0,0,0,0,0
"TGCCCGATAGTTAGAA-1_V11L05-333_A1",0.118570504394643,0.202778381186449,0,0.347893228122133,0,0,0,0,0,0,0,0,0,0.330757886296775,0,0,0,0,0,0,0
"TGCCCGTACCGTTAAA-1_V11L05-333_A1",0.651790183365221,0.348209816634779,0,0,0,0,0,0,0,0,0,0,0,0,0,0,0,0,0,0,0
"TGCCGAAAGCGTATTC-1_V11L05-333_A1",0.541173094113473,0.286864621493499,0,0,0,0,0,0,0,0,0,0,0,0,0,0.171962284393028,0,0,0,0,0
"TGCCGATGTCATCAAT-1_V11L05-333_A1",0.600648218631805,0.399351781368195,0,0,0,0,0,0,0,0,0,0,0,0,0,0,0,0,0,0,0
"TGCCGGATGTACGAGC-1_V11L05-333_A1",0,0.153581287858599,0,0,0,0,0,0,0,0,0,0,0,0,0,0,0,0,0.704782897272867,0,0.141635814868534
"TGCCGTGGATCGTCCT-1_V11L05-333_A1",0.313084587752196,0.400012024102515,0,0,0,0,0,0,0,0,0,0,0,0,0,0,0,0,0,0.28690338814529,0
"TGCCGTGGGACCCAAT-1_V11L05-333_A1",0.111505339513208,0.276729272600267,0,0,0,0,0,0,0,0,0,0,0.611765387886524,0,0,0,0,0,0,0,0
"TGCCGTTCTTAATCGG-1_V11L05-333_A1",0,0.262258647482001,0,0,0,0,0,0,0,0,0,0,0,0,0,0,0,0.305288812902238,0,0,0.432452539615761
"TGCCTAAATTTAATAG-1_V11L05-333_A1",0.592022090553772,0.211896628439655,0,0,0,0,0,0,0,0,0,0,0,0,0,0,0,0,0,0.196081281006574,0
"TGCCTAATTGAAGATT-1_V11L05-333_A1",0.608057796223982,0.391942203776018,0,0,0,0,0,0,0,0,0,0,0,0,0,0,0,0,0,0,0
"TGCCTGACATCGGTCA-1_V11L05-333_A1",0.67076488121373,0.32923511878627,0,0,0,0,0,0,0,0,0,0,0,0,0,0,0,0,0,0,0
"TGCCTGATCAAACGAT-1_V11L05-333_A1",0.593998990309556,0.250664081934214,0.155336927756229,0,0,0,0,0,0,0,0,0,0,0,0,0,0,0,0,0,0
"TGCCTTGCCCTTACGG-1_V11L05-333_A1",0.554080513123628,0.445919486876372,0,0,0,0,0,0,0,0,0,0,0,0,0,0,0,0,0,0,0
"TGCCTTGGCCAGGCAA-1_V11L05-333_A1",0.769937991033117,0.230062008966883,0,0,0,0,0,0,0,0,0,0,0,0,0,0,0,0,0,0,0
"TGCGAATATGGGATTT-1_V11L05-333_A1",0.0481986091182884,0.235103562001865,0,0,0,0,0,0,0,0,0,0,0,0,0,0,0,0,0,0.716697828879846,0
"TGCGACACCCTAGTGC-1_V11L05-333_A1",0.558030999406642,0.277102832867522,0.164866167725836,0,0,0,0,0,0,0,0,0,0,0,0,0,0,0,0,0,0
"TGCGACGGCCGAACGT-1_V11L05-333_A1",0,0.177490744051363,0.0936762639368938,0,0,0,0,0,0,0,0,0,0,0.202359623274187,0,0,0,0,0.396828394029097,0,0.129644974708458
"TGCGAGAAACGTTACG-1_V11L05-333_A1",0.657072361531278,0.342927638468722,0,0,0,0,0,0,0,0,0,0,0,0,0,0,0,0,0,0,0
"TGCGAGAATATTACCC-1_V11L05-333_A1",0.169234380279132,0.131620255592782,0,0,0,0,0,0,0,0,0,0,0,0,0,0,0,0,0,0.572711946716123,0.126433417411963
"TGCGAGATGGCGGCCA-1_V11L05-333_A1",0.159449708392544,0.354837635608334,0,0,0,0,0,0,0,0,0,0,0,0.485712655999122,0,0,0,0,0,0,0
"TGCGAGCCCTTCCGCG-1_V11L05-333_A1",0.39215902066483,0.414185608182642,0.193655371152528,0,0,0,0,0,0,0,0,0,0,0,0,0,0,0,0,0,0
"TGCGATGCTAATGGCT-1_V11L05-333_A1",0.372806828608885,0.202601842446168,0,0,0,0,0,0,0,0,0,0,0,0,0,0.424591328944946,0,0,0,0,0
"TGCGCAAAGCATTTGG-1_V11L05-333_A1",0.478411361261519,0.323016170471881,0.1985724682666,0,0,0,0,0,0,0,0,0,0,0,0,0,0,0,0,0,0
"TGCGCCGTTAATAACG-1_V11L05-333_A1",0.521346133072319,0.478653866927681,0,0,0,0,0,0,0,0,0,0,0,0,0,0,0,0,0,0,0
"TGCGCGATTAACGGAG-1_V11L05-333_A1",0.743391195874974,0.256608804125026,0,0,0,0,0,0,0,0,0,0,0,0,0,0,0,0,0,0,0
"TGCGGACTTGACTCCG-1_V11L05-333_A1",0.249134314500596,0.237313706346794,0,0,0,0,0,0,0.113738027455413,0,0,0,0,0.399813951697196,0,0,0,0,0,0,0
"TGCGGAGTAAAGGTGC-1_V11L05-333_A1",0.448330430630945,0.376619463235097,0.175050106133957,0,0,0,0,0,0,0,0,0,0,0,0,0,0,0,0,0,0
"TGCGGCATAGTTCAAC-1_V11L05-333_A1",0.467723682142013,0.302967725449631,0.229308592408356,0,0,0,0,0,0,0,0,0,0,0,0,0,0,0,0,0,0
"TGCGGGTATTGGGATC-1_V11L05-333_A1",0.361817339534834,0.395717083126355,0.242465577338811,0,0,0,0,0,0,0,0,0,0,0,0,0,0,0,0,0,0
"TGCGGTCTACGAGTAA-1_V11L05-333_A1",0.28297256494788,0.338539848779889,0.160385224598704,0,0,0,0,0,0,0,0,0,0,0,0.218102361673527,0,0,0,0,0,0
"TGCGGTGAAATTTCAT-1_V11L05-333_A1",0.679829356843478,0.320170643156522,0,0,0,0,0,0,0,0,0,0,0,0,0,0,0,0,0,0,0
"TGCGTAAGAACCTGAT-1_V11L05-333_A1",0.612170165937802,0.29879889622707,0,0,0,0,0,0,0,0,0,0,0,0,0,0,0,0.0890309378351276,0,0,0
"TGCGTACGGCTAATTG-1_V11L05-333_A1",0.847594288687092,0.152405711312908,0,0,0,0,0,0,0,0,0,0,0,0,0,0,0,0,0,0,0
"TGCGTCATGACTGAGC-1_V11L05-333_A1",0.0633431379270105,0.265700410449363,0.095885321743799,0,0,0,0,0,0,0,0,0,0,0.280884908633942,0,0,0,0,0,0,0.294186221245885
"TGCGTGATTGGGTGTC-1_V11L05-333_A1",0.519874750183873,0.273469443640334,0,0,0,0,0,0,0,0.206655806175794,0,0,0,0,0,0,0,0,0,0,0
"TGCGTTTGTTGACACT-1_V11L05-333_A1",0.810870854020608,0.189129145979392,0,0,0,0,0,0,0,0,0,0,0,0,0,0,0,0,0,0,0
"TGCTAAGTGTCTATTT-1_V11L05-333_A1",0.800934323888913,0.199065676111087,0,0,0,0,0,0,0,0,0,0,0,0,0,0,0,0,0,0,0
"TGCTATACAAACGGAC-1_V11L05-333_A1",0.483451493243703,0.516548506756297,0,0,0,0,0,0,0,0,0,0,0,0,0,0,0,0,0,0,0
"TGCTATGGCAAAGGGA-1_V11L05-333_A1",0,0.268916276475378,0.100710286350131,0,0,0,0,0,0,0,0,0,0,0.394590061149883,0,0,0,0,0,0,0.235783376024609
"TGCTCAAAGGATGCAC-1_V11L05-333_A1",0.195026767969713,0.538171925866563,0,0,0,0,0,0,0,0,0,0,0,0,0,0,0,0.266801306163723,0,0,0
"TGCTCACACAACAACC-1_V11L05-333_A1",0.171989022250958,0.307957359136371,0.16291298445431,0,0,0,0,0,0,0,0,0,0,0,0.357140634158361,0,0,0,0,0,0
"TGCTCCACAGTTCTTA-1_V11L05-333_A1",0.535652840534848,0.464347159465152,0,0,0,0,0,0,0,0,0,0,0,0,0,0,0,0,0,0,0
"TGCTCGGCGAAACCCA-1_V11L05-333_A1",0.140876283159793,0.213472389947433,0.0794699007989349,0,0,0,0,0,0.420700050548228,0,0,0,0,0,0,0,0,0,0,0,0.14548137554561
"TGCTCGGTGGGTCACC-1_V11L05-333_A1",0.218038796088119,0.210277486511906,0,0,0,0,0,0,0,0,0,0,0,0.394092700253885,0,0,0,0,0,0,0.17759101714609
"TGCTCTGCCGGTTCAC-1_V11L05-333_A1",0.062683889908589,0.158686075406554,0.11718450772192,0,0,0,0,0,0,0,0,0,0,0,0,0.661445526962937,0,0,0,0,0
"TGCTCTTGAGAGTTTG-1_V11L05-333_A1",0.159620701646549,0.526837289674374,0,0,0,0,0,0,0,0,0,0,0,0,0,0,0,0,0,0.313542008679077,0
"TGCTGCGTCAGAGTTA-1_V11L05-333_A1",0.155541018487631,0.233963593835878,0.104414131785999,0,0,0,0,0,0.217057961236898,0,0,0,0,0.289023294653593,0,0,0,0,0,0,0
"TGCTGGTTGGACAATT-1_V11L05-333_A1",0.56863127676772,0.251331049208623,0.180037674023656,0,0,0,0,0,0,0,0,0,0,0,0,0,0,0,0,0,0
"TGCTGTTGAAGAACTC-1_V11L05-333_A1",0.842234449242435,0.157765550757565,0,0,0,0,0,0,0,0,0,0,0,0,0,0,0,0,0,0,0
"TGCTTAGAGAGAATGC-1_V11L05-333_A1",0,0.208906509917109,0,0.247583078943029,0,0,0,0,0,0,0,0,0,0.330247764692544,0,0,0,0,0,0,0.213262646447319
"TGCTTCCCAAGCAGTA-1_V11L05-333_A1",0.159074152770525,0.252380991261782,0,0,0,0,0,0,0.0805968369406262,0,0,0,0,0,0,0,0,0,0,0.322806007573185,0.185142011453883
"TGCTTGAAACCATGCA-1_V11L05-333_A1",0.628033428752041,0.371966571247959,0,0,0,0,0,0,0,0,0,0,0,0,0,0,0,0,0,0,0
"TGGAAACGGAGTGAAC-1_V11L05-333_A1",0.645447219265835,0.249017911684697,0.105534869049468,0,0,0,0,0,0,0,0,0,0,0,0,0,0,0,0,0,0
"TGGAACCACTGACACA-1_V11L05-333_A1",0.789727850059079,0.210272149940921,0,0,0,0,0,0,0,0,0,0,0,0,0,0,0,0,0,0,0
"TGGAAGAAGGGAACGT-1_V11L05-333_A1",0.307884018032688,0.46372252622878,0,0,0,0,0,0,0,0,0,0,0,0,0,0,0,0,0,0,0.228393455738532
"TGGAAGACGAACACCA-1_V11L05-333_A1",0.753690654966914,0.246309345033086,0,0,0,0,0,0,0,0,0,0,0,0,0,0,0,0,0,0,0
"TGGAAGGATAAAGATG-1_V11L05-333_A1",0.480261074836071,0.265605815700184,0.254133109463745,0,0,0,0,0,0,0,0,0,0,0,0,0,0,0,0,0,0
"TGGAATATCCTTGACC-1_V11L05-333_A1",0.736381744933067,0.263618255066933,0,0,0,0,0,0,0,0,0,0,0,0,0,0,0,0,0,0,0
"TGGAATTAGACGCTTT-1_V11L05-333_A1",0.668046319078083,0.331953680921917,0,0,0,0,0,0,0,0,0,0,0,0,0,0,0,0,0,0,0
"TGGACACCGTTGCTTG-1_V11L05-333_A1",0.498420513518116,0.286622077932177,0.214957408549707,0,0,0,0,0,0,0,0,0,0,0,0,0,0,0,0,0,0
"TGGACCAATCTAAGAT-1_V11L05-333_A1",0.691677880394337,0.308322119605663,0,0,0,0,0,0,0,0,0,0,0,0,0,0,0,0,0,0,0
"TGGACCACGGCGTTGA-1_V11L05-333_A1",0.541867079737658,0.458132920262342,0,0,0,0,0,0,0,0,0,0,0,0,0,0,0,0,0,0,0
"TGGACGCAATCCAGCC-1_V11L05-333_A1",0,0.13067119739292,0,0,0,0,0,0,0,0,0,0,0,0,0,0,0,0,0.719390401748264,0,0.149938400858816
"TGGACGTAGGCGAATC-1_V11L05-333_A1",0.509969847678357,0.490030152321643,0,0,0,0,0,0,0,0,0,0,0,0,0,0,0,0,0,0,0
"TGGACTGTTCGCTCAA-1_V11L05-333_A1",0.776681241932493,0.223318758067507,0,0,0,0,0,0,0,0,0,0,0,0,0,0,0,0,0,0,0
"TGGAGAATAATCGTCC-1_V11L05-333_A1",0,0.159589245775138,0.0731618087461066,0.373959952705428,0,0,0,0,0,0,0,0,0,0.393288992773328,0,0,0,0,0,0,0
"TGGAGCTAAAGTTCCC-1_V11L05-333_A1",0.435481367806281,0.355328499706479,0.20919013248724,0,0,0,0,0,0,0,0,0,0,0,0,0,0,0,0,0,0
"TGGAGGGAAACACCTC-1_V11L05-333_A1",0.156038290806575,0.21689725708805,0.152681304654044,0,0,0,0,0,0,0,0,0,0,0.0905861156029076,0,0.383797031848423,0,0,0,0,0
"TGGAGTGATGCGATGA-1_V11L05-333_A1",0.717999185571839,0.282000814428161,0,0,0,0,0,0,0,0,0,0,0,0,0,0,0,0,0,0,0
"TGGATAGAGTAACAGA-1_V11L05-333_A1",0.750757487446968,0.249242512553032,0,0,0,0,0,0,0,0,0,0,0,0,0,0,0,0,0,0,0
"TGGATGGCATCTTGGA-1_V11L05-333_A1",0,0.187082237593685,0,0,0.431863058633827,0,0,0,0,0,0,0,0,0.381054703772488,0,0,0,0,0,0,0
"TGGCAAACTAAATTAC-1_V11L05-333_A1",0.870642425106664,0.129357574893336,0,0,0,0,0,0,0,0,0,0,0,0,0,0,0,0,0,0,0
"TGGCAACTCGCGCGCC-1_V11L05-333_A1",0.489824732794755,0.510175267205245,0,0,0,0,0,0,0,0,0,0,0,0,0,0,0,0,0,0,0
"TGGCAAGCACAAGTCG-1_V11L05-333_A1",0,0.122144938875102,0,0,0,0,0,0,0,0,0,0,0,0.358416762657567,0,0,0,0,0.519438298467331,0,0
"TGGCAATGGGACGGCG-1_V11L05-333_A1",0.219205186280397,0.29959926733159,0.25858472573388,0,0,0,0,0,0,0,0,0,0,0,0,0,0,0,0,0.222610820654133,0
"TGGCACGAGCTCGAGT-1_V11L05-333_A1",0.300587908508219,0.321829012738074,0.377583078753708,0,0,0,0,0,0,0,0,0,0,0,0,0,0,0,0,0,0
"TGGCAGATTACGATCA-1_V11L05-333_A1",0.533436591063668,0.466563408936331,0,0,0,0,0,0,0,0,0,0,0,0,0,0,0,0,0,0,0
"TGGCAGCAGTAATAGT-1_V11L05-333_A1",0.687367789377346,0.209431152170893,0.103201058451761,0,0,0,0,0,0,0,0,0,0,0,0,0,0,0,0,0,0
"TGGCATGAAGTTTGGG-1_V11L05-333_A1",0.0432092643339822,0.192889874778033,0,0,0,0,0,0,0,0,0,0,0,0.216029286208759,0,0,0,0,0.358420074572424,0,0.189451500106802
"TGGCCAAACTGAAGTA-1_V11L05-333_A1",0.656580290716768,0.343419709283232,0,0,0,0,0,0,0,0,0,0,0,0,0,0,0,0,0,0,0
"TGGCCAATTTGGTACT-1_V11L05-333_A1",0.0425630947998907,0.134270908611464,0,0,0,0,0,0,0,0,0,0,0,0,0,0,0,0,0,0.823165996588645,0
"TGGCCGTATATTGACC-1_V11L05-333_A1",0.722587008517956,0.277412991482044,0,0,0,0,0,0,0,0,0,0,0,0,0,0,0,0,0,0,0
"TGGCGACTGCTCCAAA-1_V11L05-333_A1",0,0.153206315295,0,0,0,0,0,0,0,0,0.403363118925403,0,0,0,0,0,0,0,0,0.276256661303714,0.167173904475883
"TGGCGATCAAGTTATG-1_V11L05-333_A1",0.412629994166376,0.587370005833624,0,0,0,0,0,0,0,0,0,0,0,0,0,0,0,0,0,0,0
"TGGCGGTGTGCGATTG-1_V11L05-333_A1",0.505262829065065,0.265816460714487,0.228920710220448,0,0,0,0,0,0,0,0,0,0,0,0,0,0,0,0,0,0
"TGGCTACACTCTACCT-1_V11L05-333_A1",0,0,0,0,0,0,0,0,0,0,0,0,0,0,0,0,0,0,0,0,0
"TGGCTATGTGACATAC-1_V11L05-333_A1",0.684347522222623,0.315652477777377,0,0,0,0,0,0,0,0,0,0,0,0,0,0,0,0,0,0,0
"TGGCTCTTGTCGCGTA-1_V11L05-333_A1",0.149188746822594,0.298194922318154,0.331368093876374,0,0,0,0,0,0,0,0,0,0,0,0,0,0,0,0,0.221248236982878,0
"TGGCTTATGTATAATG-1_V11L05-333_A1",0.0335254498737164,0.183017741101752,0,0,0,0,0,0,0,0,0,0,0,0.166047506851049,0,0,0,0,0.46870165689181,0,0.148707645281673
"TGGCTTGTACAAGCTT-1_V11L05-333_A1",0.160197535873586,0.456513750563034,0,0,0,0,0,0,0,0,0,0,0,0,0,0.38328871356338,0,0,0,0,0
"TGGCTTTGGGTAGACA-1_V11L05-333_A1",0.563347618400811,0.436652381599189,0,0,0,0,0,0,0,0,0,0,0,0,0,0,0,0,0,0,0
"TGGGAAATGCCTTTCC-1_V11L05-333_A1",0.668442935960011,0.331557064039989,0,0,0,0,0,0,0,0,0,0,0,0,0,0,0,0,0,0,0
"TGGGACCATTGGGAGT-1_V11L05-333_A1",0.53327745158589,0.46672254841411,0,0,0,0,0,0,0,0,0,0,0,0,0,0,0,0,0,0,0
"TGGGATGCACTCATTC-1_V11L05-333_A1",0.53264084988805,0.277033676763111,0.190325473348839,0,0,0,0,0,0,0,0,0,0,0,0,0,0,0,0,0,0
"TGGGCAATAGTTGGGT-1_V11L05-333_A1",0.46572249194302,0.53427750805698,0,0,0,0,0,0,0,0,0,0,0,0,0,0,0,0,0,0,0
"TGGGCACAAACAGAAC-1_V11L05-333_A1",0.574585194187895,0.275155744045518,0.150259061766587,0,0,0,0,0,0,0,0,0,0,0,0,0,0,0,0,0,0
"TGGGCACGTTCTATGG-1_V11L05-333_A1",0.712034531385241,0.176642339085254,0.111323129529506,0,0,0,0,0,0,0,0,0,0,0,0,0,0,0,0,0,0
"TGGGCAGGCCACCGCA-1_V11L05-333_A1",0.694342673956574,0.305657326043426,0,0,0,0,0,0,0,0,0,0,0,0,0,0,0,0,0,0,0
"TGGGCCACAAGAGCGC-1_V11L05-333_A1",0.70417434652327,0.29582565347673,0,0,0,0,0,0,0,0,0,0,0,0,0,0,0,0,0,0,0
"TGGGCCCATACTAATT-1_V11L05-333_A1",0.534423132463877,0.304898932491503,0.16067793504462,0,0,0,0,0,0,0,0,0,0,0,0,0,0,0,0,0,0
"TGGGCCTTGCCTGCAT-1_V11L05-333_A1",0.502943636974067,0.307295001336144,0.189761361689789,0,0,0,0,0,0,0,0,0,0,0,0,0,0,0,0,0,0
"TGGGCGATACAATAAG-1_V11L05-333_A1",0.0658780294655509,0.235069630421878,0.096152847945969,0,0,0,0,0,0,0,0,0,0,0.431507636517292,0,0,0,0,0,0,0.17139185564931
"TGGGTAAGGTTCCCGC-1_V11L05-333_A1",0.281888774136609,0.114191872628428,0,0,0,0,0,0,0,0,0,0,0,0,0,0.603919353234963,0,0,0,0,0
"TGGGTGCACAAGCCAT-1_V11L05-333_A1",0.215186426132799,0.420465325481359,0,0,0,0,0,0,0,0,0.364348248385842,0,0,0,0,0,0,0,0,0,0
"TGGGTGGGATGTCATT-1_V11L05-333_A1",0.145384396161397,0.267407752107109,0.129877147309948,0,0,0,0,0,0,0,0.457330704421547,0,0,0,0,0,0,0,0,0,0
"TGGGTGTAATAGATTT-1_V11L05-333_A1",0.714243250397427,0.285756749602573,0,0,0,0,0,0,0,0,0,0,0,0,0,0,0,0,0,0,0
"TGGGTGTTAAGTAGAA-1_V11L05-333_A1",0.151747068053216,0.283393187291964,0,0,0,0,0,0,0,0,0,0,0.564859744654821,0,0,0,0,0,0,0,0
"TGGGTTCCCGGACGGA-1_V11L05-333_A1",0.672733308634227,0.327266691365773,0,0,0,0,0,0,0,0,0,0,0,0,0,0,0,0,0,0,0
"TGGGTTTCGGGCGTAC-1_V11L05-333_A1",0,0.444050562128649,0.153431071926101,0,0,0,0,0,0,0,0,0,0,0,0,0,0,0,0,0,0.40251836594525
"TGGTAAGCAGGATTGA-1_V11L05-333_A1",0.166343909414256,0.217369825921973,0,0,0,0,0,0,0,0,0,0,0,0,0,0,0,0,0,0.616286264663771,0
"TGGTACCGGCACAGCC-1_V11L05-333_A1",0.626035433381342,0.373964566618658,0,0,0,0,0,0,0,0,0,0,0,0,0,0,0,0,0,0,0
"TGGTAGAATATATGGG-1_V11L05-333_A1",0.85415025252983,0.14584974747017,0,0,0,0,0,0,0,0,0,0,0,0,0,0,0,0,0,0,0
"TGGTATCGCATCCCAA-1_V11L05-333_A1",0.360072649836733,0.639927350163267,0,0,0,0,0,0,0,0,0,0,0,0,0,0,0,0,0,0,0
"TGGTATCGGTCTGTAT-1_V11L05-333_A1",0.8328565291979,0.1671434708021,0,0,0,0,0,0,0,0,0,0,0,0,0,0,0,0,0,0,0
"TGGTCCCACGCTACGG-1_V11L05-333_A1",0.711104671468396,0.288895328531604,0,0,0,0,0,0,0,0,0,0,0,0,0,0,0,0,0,0,0
"TGGTCGATATACCTCT-1_V11L05-333_A1",0,0.379753474230595,0,0,0,0,0,0,0,0,0,0,0.348801736878022,0,0,0,0,0,0,0,0.271444788891383
"TGGTCGGGTACAGGGC-1_V11L05-333_A1",0.18507998183783,0.575056292733839,0,0,0,0,0,0,0,0,0,0,0,0,0,0,0,0,0,0,0.239863725428332
"TGGTCGTGCAAGGCAA-1_V11L05-333_A1",0.272867353534396,0.340565390538069,0.168620309600077,0,0,0,0,0,0,0,0,0,0,0,0,0,0,0,0,0,0.217946946327458
"TGGTCGTTTGATAGAT-1_V11L05-333_A1",0.141147871124102,0.356533029626139,0.215500393900038,0,0,0,0,0,0,0,0,0,0,0,0,0.286818705349721,0,0,0,0,0
"TGGTCTAGCTTACATG-1_V11L05-333_A1",0.426510249964227,0.573489750035773,0,0,0,0,0,0,0,0,0,0,0,0,0,0,0,0,0,0,0
"TGGTCTGTTGGGCGTA-1_V11L05-333_A1",0.41141017531041,0.332326456988012,0,0,0,0,0,0,0,0,0,0,0,0,0,0,0,0,0,0.256263367701578,0
"TGGTGATCGTATTTGT-1_V11L05-333_A1",0.758758681162757,0.241241318837243,0,0,0,0,0,0,0,0,0,0,0,0,0,0,0,0,0,0,0
"TGGTGCCCTGCCTTAC-1_V11L05-333_A1",0.0653114076735367,0.254864089847558,0,0,0,0,0,0,0,0,0,0,0.503211177454319,0,0,0,0,0,0,0,0.176613325024586
"TGGTGTGACAGACGAT-1_V11L05-333_A1",0.568602863642075,0.431397136357925,0,0,0,0,0,0,0,0,0,0,0,0,0,0,0,0,0,0,0
"TGGTTAACTTACATTT-1_V11L05-333_A1",0,0.13544981259423,0,0.264536377630935,0,0,0,0,0,0,0,0,0,0.405992439755591,0,0,0,0,0,0,0.194021370019244
"TGGTTAAGGGCGCTGG-1_V11L05-333_A1",0.531635008601695,0.251941073568863,0.216423917829443,0,0,0,0,0,0,0,0,0,0,0,0,0,0,0,0,0,0
"TGGTTATGCTTGCGGT-1_V11L05-333_A1",0.66272976955429,0.33727023044571,0,0,0,0,0,0,0,0,0,0,0,0,0,0,0,0,0,0,0
"TGGTTCAACGGGTAAT-1_V11L05-333_A1",0.871075029504874,0.128924970495126,0,0,0,0,0,0,0,0,0,0,0,0,0,0,0,0,0,0,0
"TGGTTCGTAGCAAAGG-1_V11L05-333_A1",0.366707716054725,0.282783552884225,0.35050873106105,0,0,0,0,0,0,0,0,0,0,0,0,0,0,0,0,0,0
"TGGTTGGAGGATCCTG-1_V11L05-333_A1",0.566738632675189,0.247300293283187,0,0,0,0,0,0,0,0,0,0,0,0,0,0,0,0,0,0.185961074041624,0
"TGGTTTAAACGTGGGT-1_V11L05-333_A1",0.769533516203212,0.230466483796788,0,0,0,0,0,0,0,0,0,0,0,0,0,0,0,0,0,0,0
"TGTAACTTGTCAACCT-1_V11L05-333_A1",0.51336054558489,0.30815471484427,0.17848473957084,0,0,0,0,0,0,0,0,0,0,0,0,0,0,0,0,0,0
"TGTAAGACTGATAAGA-1_V11L05-333_A1",0,0.491184364119768,0,0,0,0,0,0,0,0,0,0,0,0,0,0,0,0.16908284059555,0,0,0.339732795284682
"TGTAATGACCACAATA-1_V11L05-333_A1",0.339834174142248,0.283156481965536,0.150410865158613,0,0,0,0,0,0,0,0,0,0,0.226598478733603,0,0,0,0,0,0,0
"TGTAATGCCTTCGGAC-1_V11L05-333_A1",0.0844548242077858,0.204073834863393,0.102422214339898,0,0,0,0,0,0,0,0,0,0,0.139493507982558,0,0.469555618606365,0,0,0,0,0
"TGTACCCGACCCTAAT-1_V11L05-333_A1",0,0.390009182446465,0.155542141827044,0,0.232129699783799,0,0,0,0,0,0,0,0,0,0,0,0,0,0,0,0.222318975942692
"TGTACCTACACGAGGG-1_V11L05-333_A1",0.811225859740605,0.188774140259395,0,0,0,0,0,0,0,0,0,0,0,0,0,0,0,0,0,0,0
"TGTACGAACAAATCCG-1_V11L05-333_A1",0.786559592161309,0.213440407838691,0,0,0,0,0,0,0,0,0,0,0,0,0,0,0,0,0,0,0
"TGTACGCTATCAGCTT-1_V11L05-333_A1",0.59253062363649,0.40746937636351,0,0,0,0,0,0,0,0,0,0,0,0,0,0,0,0,0,0,0
"TGTACTACTCTCACGG-1_V11L05-333_A1",0.284631221190728,0.354569733503073,0.144781298062751,0,0,0.216017747243448,0,0,0,0,0,0,0,0,0,0,0,0,0,0,0
"TGTACTATCGCTCGTT-1_V11L05-333_A1",0.248165855973369,0.480966578588678,0,0,0,0,0,0,0,0,0,0,0,0,0,0,0,0,0,0,0.270867565437953
"TGTACTGTGCCAAAGT-1_V11L05-333_A1",0.644234687145,0.355765312855,0,0,0,0,0,0,0,0,0,0,0,0,0,0,0,0,0,0,0
"TGTACTTCCGGGCATG-1_V11L05-333_A1",0.7743836730771,0.225616326922901,0,0,0,0,0,0,0,0,0,0,0,0,0,0,0,0,0,0,0
"TGTAGCCAATTCCGTT-1_V11L05-333_A1",0.230542156297948,0.272032437554655,0.11545002269027,0,0,0,0,0,0,0,0,0,0,0,0.381975383457127,0,0,0,0,0,0
"TGTAGCCATCCCATTC-1_V11L05-333_A1",0.539584283897398,0.297313170443356,0,0,0,0,0,0,0,0,0,0,0,0,0,0,0,0.163102545659245,0,0,0
"TGTAGGAGAAATTTCC-1_V11L05-333_A1",0.701081282206412,0.19896387012267,0.099954847670918,0,0,0,0,0,0,0,0,0,0,0,0,0,0,0,0,0,0
"TGTAGTGATCTATAAT-1_V11L05-333_A1",0.342153238332037,0.194828615692489,0.0685264902749056,0,0,0,0,0,0,0,0,0,0,0,0,0.394491655700569,0,0,0,0,0
"TGTATAACAGATCCTG-1_V11L05-333_A1",0.678607865690036,0.321392134309964,0,0,0,0,0,0,0,0,0,0,0,0,0,0,0,0,0,0,0
"TGTATACGGATGATGA-1_V11L05-333_A1",0.226137314818498,0.308761885591339,0.152002090994184,0,0,0,0,0,0,0,0,0,0.31309870859598,0,0,0,0,0,0,0,0
"TGTATCAGACTGAAGC-1_V11L05-333_A1",0.153328109143274,0.547540550029172,0,0,0,0,0,0,0,0,0,0,0,0,0,0.299131340827554,0,0,0,0,0
"TGTATCCTTATTCCAT-1_V11L05-333_A1",0.649715888175262,0.350284111824738,0,0,0,0,0,0,0,0,0,0,0,0,0,0,0,0,0,0,0
"TGTATGGCGCAGACAG-1_V11L05-333_A1",0.657502809531816,0.342497190468184,0,0,0,0,0,0,0,0,0,0,0,0,0,0,0,0,0,0,0
"TGTATTTACCTAATGC-1_V11L05-333_A1",0.523927140622122,0.165822208007815,0,0,0,0,0,0,0,0,0,0,0,0.310250651370063,0,0,0,0,0,0,0
"TGTCATTTGTTGGGAA-1_V11L05-333_A1",0.47605856773447,0.291966729902924,0,0,0,0,0,0,0,0,0,0,0,0,0,0,0,0,0,0.231974702362606,0
"TGTCCACGGCTCAACT-1_V11L05-333_A1",0.811593351793252,0.188406648206749,0,0,0,0,0,0,0,0,0,0,0,0,0,0,0,0,0,0,0
"TGTCCCGACATAGCAC-1_V11L05-333_A1",0.696150634439199,0.303849365560801,0,0,0,0,0,0,0,0,0,0,0,0,0,0,0,0,0,0,0
"TGTCCGCAAACAATTC-1_V11L05-333_A1",0,0.119258006712804,0,0.505373746102842,0,0,0,0,0,0,0,0,0,0,0.375368247184355,0,0,0,0,0,0
"TGTCCGTGGCGCCTTT-1_V11L05-333_A1",0.744699719384618,0.255300280615382,0,0,0,0,0,0,0,0,0,0,0,0,0,0,0,0,0,0,0
"TGTCCTAAGTCACCGC-1_V11L05-333_A1",0.686715217422439,0.313284782577561,0,0,0,0,0,0,0,0,0,0,0,0,0,0,0,0,0,0,0
"TGTCGGCATGGTGGAA-1_V11L05-333_A1",0.601220850756984,0.398779149243016,0,0,0,0,0,0,0,0,0,0,0,0,0,0,0,0,0,0,0
"TGTCGTGGGTATAGGC-1_V11L05-333_A1",0,0.210759669560625,0,0,0.596279597566616,0,0,0,0,0,0,0,0,0,0,0,0,0,0,0,0.19296073287276
"TGTCGTTATCACATAT-1_V11L05-333_A1",0,0.157145647844452,0,0,0,0,0,0,0,0,0.242441728409359,0,0.435793293716159,0,0,0,0,0,0,0,0.164619330030031
"TGTCTACAGTTTCTGT-1_V11L05-333_A1",0.626883837449385,0.373116162550615,0,0,0,0,0,0,0,0,0,0,0,0,0,0,0,0,0,0,0
"TGTGACTACGCCAGTC-1_V11L05-333_A1",0.620157090591306,0.379842909408694,0,0,0,0,0,0,0,0,0,0,0,0,0,0,0,0,0,0,0
"TGTGACTAGAGTTTGC-1_V11L05-333_A1",0.801268361354559,0.198731638645441,0,0,0,0,0,0,0,0,0,0,0,0,0,0,0,0,0,0,0
"TGTGAGACTAGCCCAA-1_V11L05-333_A1",0.053601181408634,0.114551613785811,0,0,0,0,0,0,0,0,0,0,0,0,0,0,0,0,0,0.831847204805555,0
"TGTGATTCCAGCGCTT-1_V11L05-333_A1",0.603503454631893,0.396496545368107,0,0,0,0,0,0,0,0,0,0,0,0,0,0,0,0,0,0,0
"TGTGCCAGAGGCAAAG-1_V11L05-333_A1",0.0721992621852049,0.275153089022235,0,0,0,0,0,0,0,0,0,0,0,0.132978151195405,0,0,0,0,0.276461435125821,0,0.243208062471334
"TGTGCCGGTGCCGGAA-1_V11L05-333_A1",0.869666423502018,0.130333576497982,0,0,0,0,0,0,0,0,0,0,0,0,0,0,0,0,0,0,0
"TGTGCTTTACGTAAGA-1_V11L05-333_A1",0.339205750844629,0.318871775822992,0.115954879309435,0,0,0,0,0,0,0,0,0,0,0,0,0.225967594022944,0,0,0,0,0
"TGTGGACTATCTACGT-1_V11L05-333_A1",0.732920413990924,0.267079586009076,0,0,0,0,0,0,0,0,0,0,0,0,0,0,0,0,0,0,0
"TGTGGAGGAAGCTTAA-1_V11L05-333_A1",0.631984665551442,0.368015334448558,0,0,0,0,0,0,0,0,0,0,0,0,0,0,0,0,0,0,0
"TGTGGCAAAGCGTATG-1_V11L05-333_A1",0.822408716135933,0.177591283864067,0,0,0,0,0,0,0,0,0,0,0,0,0,0,0,0,0,0,0
"TGTGGCGGGCTTCTGG-1_V11L05-333_A1",0.119595458207835,0.385287329311943,0,0,0,0,0,0,0,0,0,0,0,0,0.290032024543582,0,0,0,0,0,0.20508518793664
"TGTGGCTCCCACCAAC-1_V11L05-333_A1",0.813533993292221,0.186466006707779,0,0,0,0,0,0,0,0,0,0,0,0,0,0,0,0,0,0,0
"TGTGGTAGGGTGCCTT-1_V11L05-333_A1",0.631657168707311,0.368342831292689,0,0,0,0,0,0,0,0,0,0,0,0,0,0,0,0,0,0,0
"TGTGGTTGCTAAAGCT-1_V11L05-333_A1",0.060456723187544,0.226361073182845,0,0,0,0,0,0,0,0,0,0,0,0.140079288084037,0,0,0,0,0.361149596214166,0,0.211953319331408
"TGTGTAGTAGCACGTG-1_V11L05-333_A1",0.151648806187375,0.249075412371677,0,0,0,0,0,0,0,0,0,0,0,0,0,0.599275781440948,0,0,0,0,0
"TGTGTCGAAGTCGAGG-1_V11L05-333_A1",0.150620614307113,0.360847669344281,0,0,0,0,0,0,0,0,0,0,0,0,0,0,0,0,0,0.274115359719362,0.214416356629244
"TGTGTCGCGAGTTGCA-1_V11L05-333_A1",0.774796386455177,0.225203613544823,0,0,0,0,0,0,0,0,0,0,0,0,0,0,0,0,0,0,0
"TGTGTGACCATGAATC-1_V11L05-333_A1",0.0358621907356562,0.211621654585273,0,0,0,0,0,0,0,0,0,0,0,0,0,0,0,0,0,0.75251615467907,0
"TGTGTTCGTATCCAAG-1_V11L05-333_A1",0.704597710101341,0.295402289898659,0,0,0,0,0,0,0,0,0,0,0,0,0,0,0,0,0,0,0
"TGTTAACAAAGTGACT-1_V11L05-333_A1",0.454970934822747,0.545029065177253,0,0,0,0,0,0,0,0,0,0,0,0,0,0,0,0,0,0,0
"TGTTATTGTATGTGGC-1_V11L05-333_A1",0.510793570403405,0.191612034754943,0.297594394841653,0,0,0,0,0,0,0,0,0,0,0,0,0,0,0,0,0,0
"TGTTCATAAATGTGCT-1_V11L05-333_A1",0.395472887715241,0.180865743632771,0,0,0,0,0,0,0,0,0,0,0,0,0,0.423661368651987,0,0,0,0,0
"TGTTCCGCTTCCATGA-1_V11L05-333_A1",0.582806908646993,0.291331885646573,0.125861205706434,0,0,0,0,0,0,0,0,0,0,0,0,0,0,0,0,0,0
"TGTTCCGGCCTGAGCT-1_V11L05-333_A1",0.0744340545160587,0.179196101585575,0,0.432263092052468,0,0,0,0,0,0,0,0,0,0.314106751845898,0,0,0,0,0,0,0
"TGTTCGTATTGCGGTG-1_V11L05-333_A1",0.435810676426914,0.272824266270437,0.291365057302649,0,0,0,0,0,0,0,0,0,0,0,0,0,0,0,0,0,0
"TGTTCTCATACTATAG-1_V11L05-333_A1",0.756720454324523,0.243279545675478,0,0,0,0,0,0,0,0,0,0,0,0,0,0,0,0,0,0,0
"TGTTCTCTACTCCCTA-1_V11L05-333_A1",0.130375081727444,0.262184011347167,0.11993450010828,0,0,0,0,0,0,0,0.30503669193485,0,0,0,0,0,0,0,0,0,0.182469714882259
"TGTTCTTCCATTGACT-1_V11L05-333_A1",0.644411750150585,0.216216866313667,0,0,0,0,0,0,0,0,0,0,0,0,0,0,0,0.139371383535748,0,0,0
"TGTTGATCACTGTTTA-1_V11L05-333_A1",0,0.217778937711057,0,0,0,0,0,0,0,0,0,0,0.437162873015696,0,0,0,0,0,0,0,0.345058189273246
"TGTTGCCGTCGTCCCA-1_V11L05-333_A1",0.67420707457632,0.32579292542368,0,0,0,0,0,0,0,0,0,0,0,0,0,0,0,0,0,0,0
"TGTTGGCTGGCGGAAG-1_V11L05-333_A1",0.637626109184098,0.362373890815902,0,0,0,0,0,0,0,0,0,0,0,0,0,0,0,0,0,0,0
"TGTTGTCAAGAAGTCT-1_V11L05-333_A1",0.701151913255989,0.298848086744011,0,0,0,0,0,0,0,0,0,0,0,0,0,0,0,0,0,0,0
"TGTTTAATACTTCATC-1_V11L05-333_A1",0.513209852454906,0.486790147545094,0,0,0,0,0,0,0,0,0,0,0,0,0,0,0,0,0,0,0
"TGTTTCGGTACTTCTC-1_V11L05-333_A1",0.665601736395598,0.334398263604402,0,0,0,0,0,0,0,0,0,0,0,0,0,0,0,0,0,0,0
"TGTTTCTGAAGCGTGC-1_V11L05-333_A1",0,0.186242491043934,0.0842637179633145,0,0,0,0,0,0,0,0,0,0,0.486187408861693,0,0,0,0,0,0,0.243306382131058
"TGTTTGAGATCGTCAG-1_V11L05-333_A1",0.170342566274231,0.148819929893296,0,0,0,0,0,0,0,0,0,0,0.211586567226071,0,0,0.469250936606402,0,0,0,0,0
"TTAAACAGAGTCCCGC-1_V11L05-333_A1",0.689148696220709,0.310851303779291,0,0,0,0,0,0,0,0,0,0,0,0,0,0,0,0,0,0,0
"TTAAACCGGTAGCGAC-1_V11L05-333_A1",0.752043011092141,0.247956988907859,0,0,0,0,0,0,0,0,0,0,0,0,0,0,0,0,0,0,0
"TTAAACCTGGTTCCTT-1_V11L05-333_A1",0.715349808024941,0.284650191975059,0,0,0,0,0,0,0,0,0,0,0,0,0,0,0,0,0,0,0
"TTAAACTCGAATTCAT-1_V11L05-333_A1",0.254931437986104,0.259684170307124,0.172591606291659,0,0,0,0,0,0,0,0.280634692991462,0,0,0,0,0,0,0.0321580924236516,0,0,0
"TTAAAGGCGATGCTCG-1_V11L05-333_A1",0,0.193447277268418,0,0,0.297486088241609,0,0,0,0,0,0,0,0.341490609016709,0,0,0,0,0,0,0,0.167576025473265
"TTAACACCTCGAACAT-1_V11L05-333_A1",0.636995447068366,0.363004552931635,0,0,0,0,0,0,0,0,0,0,0,0,0,0,0,0,0,0,0
"TTAACCAACCCTCCCT-1_V11L05-333_A1",0.768962458548887,0.231037541451113,0,0,0,0,0,0,0,0,0,0,0,0,0,0,0,0,0,0,0
"TTAACCCGAGGCGTGT-1_V11L05-333_A1",0.387333330299186,0.321598333520668,0.291068336180146,0,0,0,0,0,0,0,0,0,0,0,0,0,0,0,0,0,0
"TTAACGAACAAGCAGT-1_V11L05-333_A1",0.405750056101992,0.185469449063958,0,0,0,0,0,0,0,0,0,0,0,0,0,0.40878049483405,0,0,0,0,0
"TTAACGTCGCAAGACC-1_V11L05-333_A1",0.516122367581779,0.305119415528181,0.178758216890039,0,0,0,0,0,0,0,0,0,0,0,0,0,0,0,0,0,0
"TTAACGTTAAAGCCTG-1_V11L05-333_A1",0.511563571509552,0.266772527752975,0,0,0,0,0,0,0,0,0,0,0.221663900737474,0,0,0,0,0,0,0,0
"TTAACTCACGCGTGGA-1_V11L05-333_A1",0.591746400516334,0.408253599483666,0,0,0,0,0,0,0,0,0,0,0,0,0,0,0,0,0,0,0
"TTAACTGATCGTTTGG-1_V11L05-333_A1",0.677511677795213,0.322488322204786,0,0,0,0,0,0,0,0,0,0,0,0,0,0,0,0,0,0,0
"TTAACTTCAGGTAGGA-1_V11L05-333_A1",0.183896854793661,0.371336151766034,0,0,0,0,0,0,0,0,0,0,0,0,0,0,0,0,0,0.444766993440305,0
"TTAAGACGAACGAACC-1_V11L05-333_A1",0.374955132039073,0.387291173967171,0.237753693993757,0,0,0,0,0,0,0,0,0,0,0,0,0,0,0,0,0,0
"TTAAGATACCCAGAGA-1_V11L05-333_A1",0.153208549799818,0.445474849029255,0,0,0.401316601170927,0,0,0,0,0,0,0,0,0,0,0,0,0,0,0,0
"TTAAGATAGGATTGAC-1_V11L05-333_A1",0.552630948024768,0.317525623008414,0.129843428966818,0,0,0,0,0,0,0,0,0,0,0,0,0,0,0,0,0,0
"TTAAGCCGACAACTTC-1_V11L05-333_A1",0.533720806887451,0.466279193112549,0,0,0,0,0,0,0,0,0,0,0,0,0,0,0,0,0,0,0
"TTAAGCGCCTGACCCA-1_V11L05-333_A1",0.705528652349042,0.294471347650958,0,0,0,0,0,0,0,0,0,0,0,0,0,0,0,0,0,0,0
"TTAAGGATACGGAGGT-1_V11L05-333_A1",0.664364961940133,0.21312997247824,0.122505065581627,0,0,0,0,0,0,0,0,0,0,0,0,0,0,0,0,0,0
"TTAAGGCCCGTACTTT-1_V11L05-333_A1",0,0.208781267145384,0,0,0,0,0,0,0,0,0,0,0,0.293658084629403,0,0,0,0,0.243681522602047,0,0.253879125623166
"TTAAGTATTGTTATCC-1_V11L05-333_A1",0.652781100396038,0.347218899603962,0,0,0,0,0,0,0,0,0,0,0,0,0,0,0,0,0,0,0
"TTAATCAGTACGTCAG-1_V11L05-333_A1",0.493691139064927,0.506308860935073,0,0,0,0,0,0,0,0,0,0,0,0,0,0,0,0,0,0,0
"TTAATGCGAGGTAACT-1_V11L05-333_A1",0.177879907212211,0.822120092787789,0,0,0,0,0,0,0,0,0,0,0,0,0,0,0,0,0,0,0
"TTAATGTAGACCAGGT-1_V11L05-333_A1",0.300406261391185,0.28924915288958,0.410344585719235,0,0,0,0,0,0,0,0,0,0,0,0,0,0,0,0,0,0
"TTAATGTGTTTGCAGG-1_V11L05-333_A1",0.548850032143769,0.451149967856231,0,0,0,0,0,0,0,0,0,0,0,0,0,0,0,0,0,0,0
"TTAATTGCTTTGGGTG-1_V11L05-333_A1",0.491095970760885,0.378985578498617,0.129918450740498,0,0,0,0,0,0,0,0,0,0,0,0,0,0,0,0,0,0
"TTAATTTCAGACGCGG-1_V11L05-333_A1",0.759406654897292,0.240593345102708,0,0,0,0,0,0,0,0,0,0,0,0,0,0,0,0,0,0,0
"TTACAACTACGCATCC-1_V11L05-333_A1",0.363101303258513,0.412857852392081,0.224040844349405,0,0,0,0,0,0,0,0,0,0,0,0,0,0,0,0,0,0
"TTACACGATCTGCGAC-1_V11L05-333_A1",0.706818563571579,0.293181436428421,0,0,0,0,0,0,0,0,0,0,0,0,0,0,0,0,0,0,0
"TTACAGACCTAAATGA-1_V11L05-333_A1",0.706831737330181,0.293168262669819,0,0,0,0,0,0,0,0,0,0,0,0,0,0,0,0,0,0,0
"TTACATCGTGGCCTGG-1_V11L05-333_A1",0.689463319955472,0.310536680044528,0,0,0,0,0,0,0,0,0,0,0,0,0,0,0,0,0,0,0
"TTACATGCCACAACTA-1_V11L05-333_A1",0.493617118853782,0.235715660105363,0.0915768834702343,0,0,0,0,0,0,0,0,0,0,0,0.179090337570621,0,0,0,0,0,0
"TTACCATTGATTACCC-1_V11L05-333_A1",0.50780441223195,0.368526579003964,0.123669008764086,0,0,0,0,0,0,0,0,0,0,0,0,0,0,0,0,0,0
"TTACCCATTGCCGGGT-1_V11L05-333_A1",0.275546995982597,0.317985096101743,0.151431753943299,0,0,0,0,0,0,0,0,0,0,0,0,0.255036153972361,0,0,0,0,0
"TTACCCTAACAGTCCT-1_V11L05-333_A1",0.622553268191903,0.377446731808097,0,0,0,0,0,0,0,0,0,0,0,0,0,0,0,0,0,0,0
"TTACCCTAGGGATTGG-1_V11L05-333_A1",0.103644886971916,0.285463136656101,0.0965751992014201,0,0,0,0,0,0,0,0,0,0,0.082651008416357,0,0,0,0,0,0.431665768754206,0
"TTACCGCCTTAGGGAA-1_V11L05-333_A1",0.538734928613859,0.461265071386141,0,0,0,0,0,0,0,0,0,0,0,0,0,0,0,0,0,0,0
"TTACGGATGGTTCGAG-1_V11L05-333_A1",0.659424343417083,0.340575656582917,0,0,0,0,0,0,0,0,0,0,0,0,0,0,0,0,0,0,0
"TTACGGTGTCACCGAG-1_V11L05-333_A1",0.473041893228706,0.309396917240234,0.217561189531059,0,0,0,0,0,0,0,0,0,0,0,0,0,0,0,0,0,0
"TTACGTAGCGCGTGCT-1_V11L05-333_A1",0,0.288051186636461,0.148134779585944,0,0,0,0,0,0,0,0.563814033777595,0,0,0,0,0,0,0,0,0,0
"TTACGTATCTATGACA-1_V11L05-333_A1",0.714653420257271,0.285346579742729,0,0,0,0,0,0,0,0,0,0,0,0,0,0,0,0,0,0,0
"TTACTAAAGGACTTTA-1_V11L05-333_A1",0.737971076379119,0.166231893898423,0.0957970297224579,0,0,0,0,0,0,0,0,0,0,0,0,0,0,0,0,0,0
"TTACTATCGGCTTCTC-1_V11L05-333_A1",0.634586481303764,0.24972824354504,0.115685275151196,0,0,0,0,0,0,0,0,0,0,0,0,0,0,0,0,0,0
"TTACTCCGGCCGGGAA-1_V11L05-333_A1",0.461978186552496,0.538021813447504,0,0,0,0,0,0,0,0,0,0,0,0,0,0,0,0,0,0,0
"TTACTCTGGTACGTAC-1_V11L05-333_A1",0.210107091588089,0.414260591014105,0.199416776256079,0,0,0,0,0,0,0,0,0,0,0,0,0,0,0,0,0.176215541141726,0
"TTACTGGGATATTTCA-1_V11L05-333_A1",0.669591222955752,0.330408777044248,0,0,0,0,0,0,0,0,0,0,0,0,0,0,0,0,0,0,0
"TTACTGTCTAGAGCTC-1_V11L05-333_A1",0.534166283257586,0.201509273265316,0.137566580946235,0,0,0,0,0,0,0,0,0,0,0,0,0.126757862530862,0,0,0,0,0
"TTACTGTTTCTCTACG-1_V11L05-333_A1",0.238423417867862,0.419146429286098,0,0,0,0,0,0,0,0,0.34243015284604,0,0,0,0,0,0,0,0,0,0
"TTAGAAGAACATGACT-1_V11L05-333_A1",0,0.681667224698537,0.318332775301463,0,0,0,0,0,0,0,0,0,0,0,0,0,0,0,0,0,0
"TTAGAATAAGGGTCGG-1_V11L05-333_A1",0,0.0927320675317072,0,0,0,0,0,0,0,0,0,0,0,0,0,0,0,0,0.785765721668015,0,0.121502210800278
"TTAGACACGATCGTTG-1_V11L05-333_A1",0.5647629382547,0.239445082058083,0,0,0,0,0,0,0,0,0,0,0,0,0,0.195791979687217,0,0,0,0,0
"TTAGACGAGTCACCTC-1_V11L05-333_A1",0.752888112126051,0.247111887873949,0,0,0,0,0,0,0,0,0,0,0,0,0,0,0,0,0,0,0
"TTAGAGGGATATACAG-1_V11L05-333_A1",0,0.237763724976746,0.11270012002184,0,0,0,0,0,0,0,0,0,0,0,0,0,0,0,0,0.463333377669144,0.18620277733227
"TTAGAGTATTGTCGAG-1_V11L05-333_A1",0.182877053994355,0.532308358758466,0.284814587247179,0,0,0,0,0,0,0,0,0,0,0,0,0,0,0,0,0,0
"TTAGAGTTTAGAAGGA-1_V11L05-333_A1",0.789537394668599,0.210462605331402,0,0,0,0,0,0,0,0,0,0,0,0,0,0,0,0,0,0,0
"TTAGATAGGTCGATAC-1_V11L05-333_A1",0.563581949957032,0.436418050042968,0,0,0,0,0,0,0,0,0,0,0,0,0,0,0,0,0,0,0
"TTAGCAACATGGATGT-1_V11L05-333_A1",0.715069566108094,0.284930433891906,0,0,0,0,0,0,0,0,0,0,0,0,0,0,0,0,0,0,0
"TTAGCATCCCTCACGT-1_V11L05-333_A1",0.231312400913054,0.45605275780795,0.312634841278995,0,0,0,0,0,0,0,0,0,0,0,0,0,0,0,0,0,0
"TTAGCCATAGGGCTCG-1_V11L05-333_A1",0.19961103917591,0.427862127553439,0,0,0,0,0,0,0,0,0,0.372526833270651,0,0,0,0,0,0,0,0,0
"TTAGCGAATAGATAGG-1_V11L05-333_A1",0.151843795726509,0.320029633825825,0,0,0,0,0,0,0,0,0.331087360095395,0,0,0,0,0,0,0,0,0,0.197039210352271
"TTAGCTAATACGATCT-1_V11L05-333_A1",0.243436437810552,0.133345364226591,0,0,0,0,0,0,0,0,0,0,0,0,0,0.623218197962857,0,0,0,0,0
"TTAGCTCTGTAATCCG-1_V11L05-333_A1",0.650451331558074,0.349548668441926,0,0,0,0,0,0,0,0,0,0,0,0,0,0,0,0,0,0,0
"TTAGCTGATTTGCCGT-1_V11L05-333_A1",0.489030238835727,0.252854617366314,0.258115143797959,0,0,0,0,0,0,0,0,0,0,0,0,0,0,0,0,0,0
"TTAGGATGGGAGGGTA-1_V11L05-333_A1",0.569894515226833,0.248728455165336,0,0,0,0,0,0,0,0,0,0,0,0,0,0.181377029607831,0,0,0,0,0
"TTAGGTCATAACCGAC-1_V11L05-333_A1",0.0711282014725049,0.237184042132273,0,0,0,0,0,0,0,0,0,0,0,0.390476880567651,0,0,0,0,0,0,0.301210875827571
"TTAGGTGTGACTGGTC-1_V11L05-333_A1",0.619554268947251,0.380445731052749,0,0,0,0,0,0,0,0,0,0,0,0,0,0,0,0,0,0,0
"TTAGTAAACCTGCTCT-1_V11L05-333_A1",0,0,0,0,0,0,0,0,0,0,0,0,0,0,0,0,0,0,0,0,0
"TTAGTAGGGCGGCGGG-1_V11L05-333_A1",0.655012320610055,0.344987679389945,0,0,0,0,0,0,0,0,0,0,0,0,0,0,0,0,0,0,0
"TTAGTTATTCGTGGCA-1_V11L05-333_A1",0.641027442012782,0.253121900263247,0.105850657723971,0,0,0,0,0,0,0,0,0,0,0,0,0,0,0,0,0,0
"TTAGTTCAAGTGTTCG-1_V11L05-333_A1",0.15601865250493,0.0746495459931843,0,0,0,0,0,0,0,0,0,0,0,0,0,0.769331801501885,0,0,0,0,0
"TTATAGATGCACATTA-1_V11L05-333_A1",0.693524168127854,0.306475831872146,0,0,0,0,0,0,0,0,0,0,0,0,0,0,0,0,0,0,0
"TTATAGGTAATTGTCT-1_V11L05-333_A1",0.483303241061184,0.298452348719188,0,0,0,0,0,0,0,0,0,0,0,0.218244410219628,0,0,0,0,0,0,0
"TTATAGTCCAAGGTGC-1_V11L05-333_A1",0.187823678222482,0.179476550833504,0.27564814678606,0,0,0,0,0,0,0,0,0,0,0.357051624157954,0,0,0,0,0,0,0
"TTATATACGCTGTCAC-1_V11L05-333_A1",0.748124004419933,0.251875995580068,0,0,0,0,0,0,0,0,0,0,0,0,0,0,0,0,0,0,0
"TTATATTTGGCAATCC-1_V11L05-333_A1",0.732430908534337,0.267569091465663,0,0,0,0,0,0,0,0,0,0,0,0,0,0,0,0,0,0,0
"TTATCATACTCGCAAA-1_V11L05-333_A1",0.610352944500904,0.389647055499096,0,0,0,0,0,0,0,0,0,0,0,0,0,0,0,0,0,0,0
"TTATCCAATCGAACTC-1_V11L05-333_A1",0.77700322398797,0.22299677601203,0,0,0,0,0,0,0,0,0,0,0,0,0,0,0,0,0,0,0
"TTATCCGGGATCTATA-1_V11L05-333_A1",0.880078756644019,0.119921243355981,0,0,0,0,0,0,0,0,0,0,0,0,0,0,0,0,0,0,0
"TTATCCTCAAGGAATA-1_V11L05-333_A1",0.079445207082181,0.325322496362782,0.0895152005365497,0,0,0,0,0,0,0,0,0,0,0,0,0,0,0,0,0.345106605940481,0.160610490078006
"TTATCGCCTGCGAAGC-1_V11L05-333_A1",0.717815341901244,0.282184658098756,0,0,0,0,0,0,0,0,0,0,0,0,0,0,0,0,0,0,0
"TTATCTGACATTAGGA-1_V11L05-333_A1",0.0814159375771363,0.178365815046984,0,0,0,0,0,0,0,0,0,0,0,0,0,0,0,0,0,0.740218247375879,0
"TTATCTGTATCATAAC-1_V11L05-333_A1",0.604592578533376,0.245142792127407,0.150264629339217,0,0,0,0,0,0,0,0,0,0,0,0,0,0,0,0,0,0
"TTATGAATGAAAGGGA-1_V11L05-333_A1",0.741432922769929,0.258567077230071,0,0,0,0,0,0,0,0,0,0,0,0,0,0,0,0,0,0,0
"TTATGACAAACTGGAT-1_V11L05-333_A1",0.576409500664193,0.423590499335807,0,0,0,0,0,0,0,0,0,0,0,0,0,0,0,0,0,0,0
"TTATGATCTTAACGAA-1_V11L05-333_A1",0.360868440097046,0.177324794201162,0.461806765701792,0,0,0,0,0,0,0,0,0,0,0,0,0,0,0,0,0,0
"TTATGCGTCCCGGTCC-1_V11L05-333_A1",0.667322354279494,0.332677645720506,0,0,0,0,0,0,0,0,0,0,0,0,0,0,0,0,0,0,0
"TTATGTTTGCGATAGA-1_V11L05-333_A1",0.572697856770213,0.427302143229787,0,0,0,0,0,0,0,0,0,0,0,0,0,0,0,0,0,0,0
"TTATTAGAGCGTGTTC-1_V11L05-333_A1",0.820343079142988,0.179656920857012,0,0,0,0,0,0,0,0,0,0,0,0,0,0,0,0,0,0,0
"TTATTAGGGAAGCATC-1_V11L05-333_A1",0.451585591552136,0.369909954706446,0.178504453741418,0,0,0,0,0,0,0,0,0,0,0,0,0,0,0,0,0,0
"TTATTATCTGGAAGGC-1_V11L05-333_A1",0.790247728652751,0.209752271347249,0,0,0,0,0,0,0,0,0,0,0,0,0,0,0,0,0,0,0
"TTATTTAGGTTCCTTA-1_V11L05-333_A1",0.739458957669211,0.260541042330789,0,0,0,0,0,0,0,0,0,0,0,0,0,0,0,0,0,0,0
"TTATTTCATCCCAAAC-1_V11L05-333_A1",0.498530707941842,0.27511563683761,0.226353655220548,0,0,0,0,0,0,0,0,0,0,0,0,0,0,0,0,0,0
"TTCAAAGTCTCTAGCC-1_V11L05-333_A1",0.775913661474757,0.224086338525243,0,0,0,0,0,0,0,0,0,0,0,0,0,0,0,0,0,0,0
"TTCAACGACCCGACCG-1_V11L05-333_A1",0.571462320784338,0.428537679215662,0,0,0,0,0,0,0,0,0,0,0,0,0,0,0,0,0,0,0
"TTCAAGCCGAGCTGAG-1_V11L05-333_A1",0.652288359744684,0.347711640255316,0,0,0,0,0,0,0,0,0,0,0,0,0,0,0,0,0,0,0
"TTCAATACTCTGAATC-1_V11L05-333_A1",0.61051665013043,0.271236062635513,0.118247287234057,0,0,0,0,0,0,0,0,0,0,0,0,0,0,0,0,0,0
"TTCAATTAGCCATAAT-1_V11L05-333_A1",0.194026378178006,0.297380326168977,0,0,0,0,0,0,0,0,0,0,0,0.508593295653018,0,0,0,0,0,0,0
"TTCACGAAAGGATCAC-1_V11L05-333_A1",0.837807768504104,0.162192231495896,0,0,0,0,0,0,0,0,0,0,0,0,0,0,0,0,0,0,0
"TTCACGGTCGTCACGT-1_V11L05-333_A1",0,0.35943188053605,0.153880822370168,0,0.251996175685053,0,0,0,0,0,0,0,0,0,0,0,0,0,0,0,0.234691121408728
"TTCACTCGAGCACCTA-1_V11L05-333_A1",0.523354428653774,0.319151250149368,0.157494321196858,0,0,0,0,0,0,0,0,0,0,0,0,0,0,0,0,0,0
"TTCACTTCCTAGAACG-1_V11L05-333_A1",0.0726310075907383,0.25053568562784,0,0,0,0,0,0,0,0,0,0,0,0.457853364169733,0,0,0,0,0,0,0.21897994261169
"TTCAGAGTAACCTGAC-1_V11L05-333_A1",0.578467205818399,0.421532794181601,0,0,0,0,0,0,0,0,0,0,0,0,0,0,0,0,0,0,0
"TTCAGCCCTGGTCCAC-1_V11L05-333_A1",0.52395623511288,0.297425159464179,0.178618605422941,0,0,0,0,0,0,0,0,0,0,0,0,0,0,0,0,0,0
"TTCAGCTGGCGTGCCC-1_V11L05-333_A1",0.696049777877321,0.303950222122679,0,0,0,0,0,0,0,0,0,0,0,0,0,0,0,0,0,0,0
"TTCAGGCGTCAAAGCC-1_V11L05-333_A1",0.182482366927507,0.434591047059823,0.118441401217948,0,0,0,0,0,0,0,0,0,0,0,0,0,0,0,0,0,0.264485184794721
"TTCAGTTCAAGAGGAG-1_V11L05-333_A1",0,0.140200791059252,0.0743100345804952,0,0,0,0,0,0,0,0,0,0.628708651629644,0,0,0,0,0,0,0,0.156780522730609
"TTCAGTTTGTGGCAGC-1_V11L05-333_A1",0.605583427941155,0.283379019889519,0.111037552169326,0,0,0,0,0,0,0,0,0,0,0,0,0,0,0,0,0,0
"TTCATAGCCTTGTAAC-1_V11L05-333_A1",0.691358040825361,0.308641959174639,0,0,0,0,0,0,0,0,0,0,0,0,0,0,0,0,0,0,0
"TTCATAGGGTGTCCAT-1_V11L05-333_A1",0.495898291313618,0.504101708686382,0,0,0,0,0,0,0,0,0,0,0,0,0,0,0,0,0,0,0
"TTCATGGCGCAACAGG-1_V11L05-333_A1",0.689392037099333,0.206817360008885,0.103790602891782,0,0,0,0,0,0,0,0,0,0,0,0,0,0,0,0,0,0
"TTCCAATCAGAGCTAG-1_V11L05-333_A1",0.510355002107593,0.156301634591484,0,0,0,0,0,0,0,0,0,0,0,0,0,0.333343363300922,0,0,0,0,0
"TTCCAATCTGGCTATC-1_V11L05-333_A1",0.351212257772028,0.318564155302515,0.18449074299367,0,0,0,0,0,0,0,0,0,0,0,0,0,0,0,0,0,0.145732843931787
"TTCCACACAGATTTGA-1_V11L05-333_A1",0.125945916236615,0.313665584563694,0.0872030804542936,0,0,0,0,0,0,0,0,0,0,0,0,0,0,0,0,0.473185418745398,0
"TTCCACATTTCTCGTC-1_V11L05-333_A1",0.121704403574796,0.160891380948051,0,0,0,0,0,0,0,0,0,0,0,0,0,0.717404215477152,0,0,0,0,0
"TTCCAGACGAGATTTA-1_V11L05-333_A1",0.481506404269216,0.518493595730784,0,0,0,0,0,0,0,0,0,0,0,0,0,0,0,0,0,0,0
"TTCCAGTGGGTTTCGT-1_V11L05-333_A1",0,0.164192669330479,0,0.335593129342717,0,0,0,0,0,0.167336499156939,0,0,0,0.332877702169865,0,0,0,0,0,0,0
"TTCCATCATGCGGTGA-1_V11L05-333_A1",0.500603010491377,0.220112693761659,0.279284295746964,0,0,0,0,0,0,0,0,0,0,0,0,0,0,0,0,0,0
"TTCCATCGACAGCGTG-1_V11L05-333_A1",0.51656727873046,0.48343272126954,0,0,0,0,0,0,0,0,0,0,0,0,0,0,0,0,0,0,0
"TTCCCAAAGTACTGAT-1_V11L05-333_A1",0.778315148098372,0.221684851901628,0,0,0,0,0,0,0,0,0,0,0,0,0,0,0,0,0,0,0
"TTCCCGACGCTTCACT-1_V11L05-333_A1",0.164795193344239,0.352606641183934,0,0,0,0,0,0,0.482598165471826,0,0,0,0,0,0,0,0,0,0,0,0
"TTCCCGGCGCCAATAG-1_V11L05-333_A1",0.0591495257318944,0.144359565470256,0,0,0,0,0,0,0,0,0.146898235671334,0,0,0,0,0,0,0,0,0.503800632441517,0.145792040684998
"TTCCGCAGAGAAATAT-1_V11L05-333_A1",0.444659415650736,0.555340584349264,0,0,0,0,0,0,0,0,0,0,0,0,0,0,0,0,0,0,0
"TTCCGCGTGAGGCGAT-1_V11L05-333_A1",0.775501059008152,0.224498940991848,0,0,0,0,0,0,0,0,0,0,0,0,0,0,0,0,0,0,0
"TTCCGGCCTTGAGGCT-1_V11L05-333_A1",0.126676508484433,0.269514460476273,0,0,0,0,0,0,0,0,0,0,0,0.362823846498574,0,0,0,0,0,0,0.24098518454072
"TTCCGGCTCGACTTCT-1_V11L05-333_A1",0.129519426003255,0.23177643462675,0.235119395732114,0,0,0,0,0,0,0,0,0,0,0,0.403584743637881,0,0,0,0,0,0
"TTCCGGTATCTGTGTC-1_V11L05-333_A1",0.519671704100216,0.246708539684698,0.233619756215086,0,0,0,0,0,0,0,0,0,0,0,0,0,0,0,0,0,0
"TTCCGGTTACCCACTT-1_V11L05-333_A1",0.547422604434763,0.305089889861368,0.14748750570387,0,0,0,0,0,0,0,0,0,0,0,0,0,0,0,0,0,0
"TTCCTCGAGGGTGTCT-1_V11L05-333_A1",0.396262789699515,0.297861227294042,0.305875983006443,0,0,0,0,0,0,0,0,0,0,0,0,0,0,0,0,0,0
"TTCCTCGGACTAACCA-1_V11L05-333_A1",0.737997737740372,0.262002262259628,0,0,0,0,0,0,0,0,0,0,0,0,0,0,0,0,0,0,0
"TTCCTCTGCCCGAATA-1_V11L05-333_A1",0.584733806447335,0.283680390892406,0.131585802660259,0,0,0,0,0,0,0,0,0,0,0,0,0,0,0,0,0,0
"TTCCTTTCTGTGTTGC-1_V11L05-333_A1",0.783528543649954,0.216471456350046,0,0,0,0,0,0,0,0,0,0,0,0,0,0,0,0,0,0,0
"TTCGAACGAAACATGC-1_V11L05-333_A1",0,0.175080871179515,0.0541231266408844,0.388942755962561,0,0,0,0,0,0,0,0,0,0,0.38185324621704,0,0,0,0,0,0
"TTCGACAGAGCCCGTG-1_V11L05-333_A1",0.701450297427551,0.139705331591455,0.158844370980994,0,0,0,0,0,0,0,0,0,0,0,0,0,0,0,0,0,0
"TTCGACGGGAAGGGCG-1_V11L05-333_A1",0.640772111689011,0.215036306706217,0,0,0,0,0,0,0,0,0,0,0,0,0,0,0.144191581604773,0,0,0,0
"TTCGAGCCGGCGCTAC-1_V11L05-333_A1",0,0.232152453339704,0.208539567710472,0,0,0,0,0,0,0,0,0,0,0.291081556215982,0,0,0,0,0,0,0.268226422733842
"TTCGCACTCGCGTGCT-1_V11L05-333_A1",0.547573019563021,0.452426980436979,0,0,0,0,0,0,0,0,0,0,0,0,0,0,0,0,0,0,0
"TTCGCACTGTACGACA-1_V11L05-333_A1",0.137703535726151,0.288166524453678,0.192554583948811,0,0,0,0,0,0,0,0,0,0,0,0,0,0,0,0,0.38157535587136,0
"TTCGCATCCGGAAGCA-1_V11L05-333_A1",0.787304862988739,0.212695137011261,0,0,0,0,0,0,0,0,0,0,0,0,0,0,0,0,0,0,0
"TTCGCCGCTCGCGCTA-1_V11L05-333_A1",0.0711619251075144,0.328884521781326,0,0,0,0,0,0,0,0,0,0,0,0.336318583487028,0,0,0,0,0,0,0.263634969624132
"TTCGCGCGCCATACGA-1_V11L05-333_A1",0.0704972655568073,0.243897073567539,0.111451395182642,0,0,0,0,0,0,0,0,0,0,0.296131521713397,0,0,0,0,0,0,0.278022743979615
"TTCGCTAGGAAGTTGT-1_V11L05-333_A1",0.589226889403942,0.196377116734274,0.214395993861785,0,0,0,0,0,0,0,0,0,0,0,0,0,0,0,0,0,0
"TTCGCTATCTGACGTG-1_V11L05-333_A1",0.6970468349787,0.3029531650213,0,0,0,0,0,0,0,0,0,0,0,0,0,0,0,0,0,0,0
"TTCGGACTGATGCCTT-1_V11L05-333_A1",0.286870566147026,0.320441062431872,0.392688371421102,0,0,0,0,0,0,0,0,0,0,0,0,0,0,0,0,0,0
"TTCGGACTGGGCATGG-1_V11L05-333_A1",0,0.421748082385771,0.230947633140733,0,0,0,0,0,0,0,0,0,0,0,0,0,0,0,0,0,0.347304284473496
"TTCGGCAACCCGCTGA-1_V11L05-333_A1",0.587416965151778,0.24295523996286,0,0,0,0,0,0,0,0,0,0,0,0,0,0.169627794885362,0,0,0,0,0
"TTCGGCTAGAGATGGT-1_V11L05-333_A1",0.631553482311737,0.215617630394559,0.152828887293704,0,0,0,0,0,0,0,0,0,0,0,0,0,0,0,0,0,0
"TTCGGGACTAATCGCG-1_V11L05-333_A1",0.840541407159991,0.159458592840009,0,0,0,0,0,0,0,0,0,0,0,0,0,0,0,0,0,0,0
"TTCGGGCGCTAGTCTT-1_V11L05-333_A1",0.0719187576922188,0.189872308091608,0,0,0,0,0,0,0,0,0,0,0,0.175615711542644,0,0,0,0,0.413075084152491,0,0.149518138521039
"TTCGGGTTGCCACGGG-1_V11L05-333_A1",0.295657870233289,0.372634149423854,0.331707980342857,0,0,0,0,0,0,0,0,0,0,0,0,0,0,0,0,0,0
"TTCGGTACTGTAGAGG-1_V11L05-333_A1",0.0719409512672053,0.266298501191765,0,0,0,0,0,0,0,0,0,0,0,0.418236375266108,0,0,0,0,0,0,0.243524172274922
"TTCGGTGGAGACGCCC-1_V11L05-333_A1",0.549739645891001,0.450260354108999,0,0,0,0,0,0,0,0,0,0,0,0,0,0,0,0,0,0,0
"TTCGTAATCCCAGCGG-1_V11L05-333_A1",0.528242979049768,0.28447050452186,0,0,0,0,0,0,0,0,0,0,0,0,0,0.187286516428372,0,0,0,0,0
"TTCGTACTCCAGAACG-1_V11L05-333_A1",0.755293676725523,0.244706323274476,0,0,0,0,0,0,0,0,0,0,0,0,0,0,0,0,0,0,0
"TTCGTGCATGTTATAG-1_V11L05-333_A1",0,0.220278677416205,0,0.482121471700185,0,0,0,0,0,0,0,0,0,0.125554682246528,0,0,0,0,0,0,0.172045168637083
"TTCGTGGGCTGGAAGC-1_V11L05-333_A1",0.146112494272896,0.265180037971211,0,0,0,0,0,0,0,0,0,0,0.334993770594701,0,0,0,0,0,0,0,0.253713697161192
"TTCGTTCAACGAAGTT-1_V11L05-333_A1",0.219248304767294,0.088836447773648,0.0513770301572706,0,0,0,0,0,0,0,0,0,0,0,0,0.640538217301787,0,0,0,0,0
"TTCTAACCGAAGCTTA-1_V11L05-333_A1",0.653639061634501,0.19916088554424,0.14720005282126,0,0,0,0,0,0,0,0,0,0,0,0,0,0,0,0,0,0
"TTCTACCTCAATCGGT-1_V11L05-333_A1",0,0.334737903362127,0,0,0,0,0,0,0,0,0,0,0,0.320131578179267,0,0,0,0,0,0,0.345130518458606
"TTCTACCTTTATGTTG-1_V11L05-333_A1",0.582940597111805,0.417059402888195,0,0,0,0,0,0,0,0,0,0,0,0,0,0,0,0,0,0,0
"TTCTACTTGCGAGGGC-1_V11L05-333_A1",0.746378212370629,0.253621787629371,0,0,0,0,0,0,0,0,0,0,0,0,0,0,0,0,0,0,0
"TTCTAGAAAGTCTTAT-1_V11L05-333_A1",0.0709877820484536,0.164395875112488,0.155219168046647,0,0,0,0,0,0,0,0,0,0,0.433549087262667,0,0,0,0,0,0,0.175848087529745
"TTCTAGGCCAATTGTG-1_V11L05-333_A1",0.345396288218996,0.328362279125433,0.32624143265557,0,0,0,0,0,0,0,0,0,0,0,0,0,0,0,0,0,0
"TTCTATGCCTTTCGCA-1_V11L05-333_A1",0.571407228622915,0.215282534619313,0,0,0,0,0,0,0,0,0,0,0,0,0,0,0,0,0,0.213310236757772,0
"TTCTATTAAACGCAGC-1_V11L05-333_A1",0.0975631575461296,0.306193700342588,0.135715893237956,0,0,0,0,0,0,0,0,0,0,0,0.266499272151873,0,0,0,0,0,0.194027976721453
"TTCTCAATTGCTACAA-1_V11L05-333_A1",0.0657277516559261,0.263030692456245,0,0,0,0,0,0,0.481975347961917,0,0,0,0,0,0,0,0,0,0,0,0.189266207925912
"TTCTCTTACAGGTGAT-1_V11L05-333_A1",0,0.310700166108943,0,0,0,0,0,0,0,0,0,0,0,0.461690146712327,0,0,0,0,0,0,0.22760968717873
"TTCTGACCGGGCTCAA-1_V11L05-333_A1",0.718948547281638,0.281051452718362,0,0,0,0,0,0,0,0,0,0,0,0,0,0,0,0,0,0,0
"TTCTGCCGCGCCTAGA-1_V11L05-333_A1",0.818259547038534,0.181740452961466,0,0,0,0,0,0,0,0,0,0,0,0,0,0,0,0,0,0,0
"TTCTGCGAGCGCCCTT-1_V11L05-333_A1",0.612415695777996,0.22325399783685,0.164330306385154,0,0,0,0,0,0,0,0,0,0,0,0,0,0,0,0,0,0
"TTCTGCGGGTTAGCGG-1_V11L05-333_A1",0.48584129205828,0.304630072724732,0.209528635216988,0,0,0,0,0,0,0,0,0,0,0,0,0,0,0,0,0,0
"TTCTGCTAGACTCCAA-1_V11L05-333_A1",0.483334125661568,0.131167275468454,0,0,0,0,0,0,0,0,0,0,0,0,0,0.385498598869978,0,0,0,0,0
"TTCTGTTTCCTGTCGC-1_V11L05-333_A1",0.80279852610212,0.19720147389788,0,0,0,0,0,0,0,0,0,0,0,0,0,0,0,0,0,0,0
"TTCTTAGTGAACGGTG-1_V11L05-333_A1",0.658262431565744,0.341737568434256,0,0,0,0,0,0,0,0,0,0,0,0,0,0,0,0,0,0,0
"TTCTTAGTGGCTCAGA-1_V11L05-333_A1",0.654210521476314,0.345789478523686,0,0,0,0,0,0,0,0,0,0,0,0,0,0,0,0,0,0,0
"TTCTTATCCGCTGGGT-1_V11L05-333_A1",0.245095924890141,0.513996016296639,0.24090805881322,0,0,0,0,0,0,0,0,0,0,0,0,0,0,0,0,0,0
"TTCTTCCCTTTGATAT-1_V11L05-333_A1",0.0568153399813745,0.0945128067943554,0,0,0,0,0,0,0,0,0,0,0,0,0,0.84867185322427,0,0,0,0,0
"TTCTTCGCAATAGAGC-1_V11L05-333_A1",0.619729196354858,0.380270803645142,0,0,0,0,0,0,0,0,0,0,0,0,0,0,0,0,0,0,0
"TTCTTGAGCCGCGCTA-1_V11L05-333_A1",0.329371069492033,0.263152371650531,0,0,0,0,0,0,0,0,0,0,0,0,0,0,0,0,0,0.407476558857435,0
"TTCTTGCTAGCATCTC-1_V11L05-333_A1",0.594069925896714,0.405930074103286,0,0,0,0,0,0,0,0,0,0,0,0,0,0,0,0,0,0,0
"TTCTTGGACGATCTGC-1_V11L05-333_A1",0.039883604123643,0.134847995722112,0,0,0,0,0,0,0,0,0,0,0,0,0,0,0,0,0,0.658640885363705,0.16662751479054
"TTCTTGGAGTAATGAG-1_V11L05-333_A1",0.650269217179316,0.212258312915566,0.137472469905118,0,0,0,0,0,0,0,0,0,0,0,0,0,0,0,0,0,0
"TTCTTGTAACCTAATG-1_V11L05-333_A1",0.645874386593964,0.354125613406036,0,0,0,0,0,0,0,0,0,0,0,0,0,0,0,0,0,0,0
"TTCTTGTGTCCATCAG-1_V11L05-333_A1",0.571827823608446,0.428172176391554,0,0,0,0,0,0,0,0,0,0,0,0,0,0,0,0,0,0,0
"TTCTTTGGTCGCGACG-1_V11L05-333_A1",0.339460690412911,0.15823726062046,0,0,0,0,0,0,0,0,0,0,0,0,0,0.50230204896663,0,0,0,0,0
"TTGAAACCCTCATTCC-1_V11L05-333_A1",0.377378831423163,0.4060750815629,0.216546087013937,0,0,0,0,0,0,0,0,0,0,0,0,0,0,0,0,0,0
"TTGAAAGGTGTAAAGG-1_V11L05-333_A1",0.685567684353766,0.218678700326357,0.0957536153198771,0,0,0,0,0,0,0,0,0,0,0,0,0,0,0,0,0,0
"TTGAACGAATCCTTTG-1_V11L05-333_A1",0.699652778627627,0.300347221372373,0,0,0,0,0,0,0,0,0,0,0,0,0,0,0,0,0,0,0
"TTGAACGACGTGCTGA-1_V11L05-333_A1",0.471390466987418,0.528609533012582,0,0,0,0,0,0,0,0,0,0,0,0,0,0,0,0,0,0,0
"TTGAAGAATTCCCAGG-1_V11L05-333_A1",0.543195982088411,0.236750372380717,0.220053645530873,0,0,0,0,0,0,0,0,0,0,0,0,0,0,0,0,0,0
"TTGAAGGATGGGCGCC-1_V11L05-333_A1",0.0642649523888857,0.270207178627194,0,0,0,0,0,0,0,0,0,0,0.665527868983921,0,0,0,0,0,0,0,0
"TTGAAGTGCATCTACA-1_V11L05-333_A1",0.539343346367924,0.460656653632076,0,0,0,0,0,0,0,0,0,0,0,0,0,0,0,0,0,0,0
"TTGAATATGGACTTTC-1_V11L05-333_A1",0.657251134160217,0.342748865839783,0,0,0,0,0,0,0,0,0,0,0,0,0,0,0,0,0,0,0
"TTGAATCGTTGTATAA-1_V11L05-333_A1",0.12273647698151,0.252207166649426,0,0,0,0,0,0,0,0,0,0,0,0,0,0,0,0.0762795157336332,0,0.54877684063543,0
"TTGAATTCACGTGAGG-1_V11L05-333_A1",0.263273217352075,0.240275909382986,0.496450873264939,0,0,0,0,0,0,0,0,0,0,0,0,0,0,0,0,0,0
"TTGACAGGAGCTCCCG-1_V11L05-333_A1",0.473505939400828,0.185820928673449,0,0,0,0,0,0,0,0,0,0,0,0.340673131925723,0,0,0,0,0,0,0
"TTGACATGAACGTGGA-1_V11L05-333_A1",0.167122327553124,0.514400160279822,0,0,0,0,0,0,0,0,0,0,0,0,0,0,0,0,0,0,0.318477512167054
"TTGACCAGGAACAACT-1_V11L05-333_A1",0.505097591335173,0.377446839121968,0,0,0,0,0,0,0,0,0,0,0,0,0,0,0,0,0,0,0.117455569542859
"TTGACCATGTTCTCCG-1_V11L05-333_A1",0.786942978610837,0.213057021389163,0,0,0,0,0,0,0,0,0,0,0,0,0,0,0,0,0,0,0
"TTGACCGTGTTAATGA-1_V11L05-333_A1",0.103560975284355,0.283467410436743,0.185103687672121,0,0,0,0,0,0,0,0,0,0,0,0,0,0,0,0,0.241894125638475,0.185973800968306
"TTGACGATTCAGCACG-1_V11L05-333_A1",0.788977862520777,0.211022137479223,0,0,0,0,0,0,0,0,0,0,0,0,0,0,0,0,0,0,0
"TTGACGCTCCATGAGC-1_V11L05-333_A1",0.318745559970077,0.257800068207027,0.223223996614951,0,0,0,0,0,0,0,0,0,0,0,0,0.200230375207945,0,0,0,0,0
"TTGACTACCATATGGT-1_V11L05-333_A1",0.255467314691885,0.564463029444032,0,0,0,0,0,0,0,0,0,0,0,0,0,0,0,0,0,0,0.180069655864082
"TTGACTATTGTCCGGC-1_V11L05-333_A1",0.30712907437656,0.345340785593622,0,0,0,0,0,0,0,0,0,0,0,0,0,0.347530140029818,0,0,0,0,0
"TTGAGAAGTTTAGCAT-1_V11L05-333_A1",0.761392477148357,0.238607522851643,0,0,0,0,0,0,0,0,0,0,0,0,0,0,0,0,0,0,0
"TTGAGAGTACTGCTAA-1_V11L05-333_A1",0.285779259866848,0.240606293695213,0,0,0,0,0,0,0,0,0.307360346621912,0,0,0,0,0,0,0,0,0,0.166254099816026
"TTGAGCAGCCCACGGT-1_V11L05-333_A1",0.823325147663624,0.176674852336376,0,0,0,0,0,0,0,0,0,0,0,0,0,0,0,0,0,0,0
"TTGAGCGCCACGTGAT-1_V11L05-333_A1",0.749002303435927,0.250997696564073,0,0,0,0,0,0,0,0,0,0,0,0,0,0,0,0,0,0,0
"TTGAGGCATTTAACTC-1_V11L05-333_A1",0.693163249416673,0.306836750583327,0,0,0,0,0,0,0,0,0,0,0,0,0,0,0,0,0,0,0
"TTGAGGGTCGAACGCG-1_V11L05-333_A1",0.126896468813174,0.239821079450602,0,0,0,0,0,0,0,0,0,0,0.403213821960026,0,0,0,0,0,0,0,0.230068629776199
"TTGAGTCCCGCTGCTG-1_V11L05-333_A1",0.553964703620874,0.276746632994278,0.169288663384847,0,0,0,0,0,0,0,0,0,0,0,0,0,0,0,0,0,0
"TTGATAGTCAATACAT-1_V11L05-333_A1",0.491762915391512,0.269034847364266,0,0,0,0,0,0,0,0,0,0,0,0,0,0.239202237244221,0,0,0,0,0
"TTGATCTAACTTTGTC-1_V11L05-333_A1",0.801011866369819,0.198988133630181,0,0,0,0,0,0,0,0,0,0,0,0,0,0,0,0,0,0,0
"TTGATGCCGCTCGTCG-1_V11L05-333_A1",0.124323277700325,0.51962743952547,0,0,0,0,0,0,0,0,0,0,0,0,0,0,0,0,0,0,0.356049282774205
"TTGATGTGTAGTCCCG-1_V11L05-333_A1",0.548247639071239,0.231876996848746,0.219875364080015,0,0,0,0,0,0,0,0,0,0,0,0,0,0,0,0,0,0
"TTGATTAGCTGTTTCT-1_V11L05-333_A1",0.0870642348743837,0.368859014501385,0.187312437028833,0,0,0,0,0,0,0,0,0,0,0,0,0,0,0,0,0.117176205138865,0.239588108456533
"TTGATTATGCAGATGA-1_V11L05-333_A1",0.394852251234608,0.605147748765392,0,0,0,0,0,0,0,0,0,0,0,0,0,0,0,0,0,0,0
"TTGCAAGAAGACTCCT-1_V11L05-333_A1",0.0400200406700101,0.217207274058503,0,0,0,0,0,0,0,0,0,0,0,0.266579020206688,0,0,0,0,0.476193665064799,0,0
"TTGCACAATTCAGAAA-1_V11L05-333_A1",0.6996305779395,0.212091198340619,0.0882782237198809,0,0,0,0,0,0,0,0,0,0,0,0,0,0,0,0,0,0
"TTGCACGGAGCAGCAC-1_V11L05-333_A1",0.651045104139085,0.348954895860915,0,0,0,0,0,0,0,0,0,0,0,0,0,0,0,0,0,0,0
"TTGCAGGTCATGAAGT-1_V11L05-333_A1",0.127348207251654,0.453728324244403,0.133337257108326,0,0,0,0,0,0,0,0,0,0,0,0.285586211395616,0,0,0,0,0,0
"TTGCATGCTGATCACG-1_V11L05-333_A1",0.218899261943356,0.14843431728556,0,0,0,0,0,0,0,0,0,0,0,0,0.32064453249776,0,0,0,0,0.312021888273323,0
"TTGCCAAGCAGAACCC-1_V11L05-333_A1",0.453981279606979,0.27923978138044,0.266778939012581,0,0,0,0,0,0,0,0,0,0,0,0,0,0,0,0,0,0
"TTGCCATAGCCCGCTC-1_V11L05-333_A1",0.114821106309856,0.347869390664582,0,0,0,0,0,0,0,0,0,0,0,0,0,0,0,0,0,0.257293310104772,0.28001619292079
"TTGCCCTGATCACGGG-1_V11L05-333_A1",0.478832570262573,0.211003595140602,0.310163834596825,0,0,0,0,0,0,0,0,0,0,0,0,0,0,0,0,0,0
"TTGCCGCAGACCTACA-1_V11L05-333_A1",0,0.258984130134506,0,0,0,0,0,0,0,0,0,0,0.513163877144895,0,0,0,0,0,0,0,0.227851992720599
"TTGCCGCTTTCTAGTA-1_V11L05-333_A1",0.438499367390424,0.561500632609576,0,0,0,0,0,0,0,0,0,0,0,0,0,0,0,0,0,0,0
"TTGCCGGTGATCCCTC-1_V11L05-333_A1",0.648368994481051,0.351631005518949,0,0,0,0,0,0,0,0,0,0,0,0,0,0,0,0,0,0,0
"TTGCCTAATCCAAAGT-1_V11L05-333_A1",0,0.326081562128471,0,0,0.673918437871529,0,0,0,0,0,0,0,0,0,0,0,0,0,0,0,0
"TTGCCTTCTCGCCGGG-1_V11L05-333_A1",0,0,0,0,0,0,0,0,0,0,0,0,0,0,0,0,0,0,0,0,0
"TTGCGCACAACCACGT-1_V11L05-333_A1",0.725434554482387,0.274565445517613,0,0,0,0,0,0,0,0,0,0,0,0,0,0,0,0,0,0,0
"TTGCGCTCTCTCGCTT-1_V11L05-333_A1",0.791050615887916,0.208949384112084,0,0,0,0,0,0,0,0,0,0,0,0,0,0,0,0,0,0,0
"TTGCGCTTGATCAATA-1_V11L05-333_A1",0.625064608595218,0.374935391404782,0,0,0,0,0,0,0,0,0,0,0,0,0,0,0,0,0,0,0
"TTGCGGAAAGCTGCCC-1_V11L05-333_A1",0.0780133527384821,0.23600034730116,0,0,0,0,0,0,0,0,0,0,0.425892775580629,0,0,0,0,0,0,0,0.260093524379729
"TTGCGGCATCAGAAAG-1_V11L05-333_A1",0.091773899678935,0.236986006512079,0.131175952617095,0,0,0,0,0,0,0,0,0,0,0.292399763395619,0,0,0,0,0,0,0.247664377796272
"TTGCGGCGACTCATGC-1_V11L05-333_A1",0.458231778095792,0.359839473115148,0.18192874878906,0,0,0,0,0,0,0,0,0,0,0,0,0,0,0,0,0,0
"TTGCGTAGTTTGAGGA-1_V11L05-333_A1",0.621639500041382,0.378360499958618,0,0,0,0,0,0,0,0,0,0,0,0,0,0,0,0,0,0,0
"TTGCGTCGGCCAACCG-1_V11L05-333_A1",0.0927055669291788,0.164002623044556,0,0,0,0,0,0,0,0.0805109210024095,0,0,0,0,0,0,0,0,0,0.472784311945094,0.189996577078762
"TTGCGTGAACGCTTAG-1_V11L05-333_A1",0.198605232910238,0.155375889539817,0.103191650826614,0,0,0,0,0,0.12230741869462,0,0,0,0,0,0,0.420519808028711,0,0,0,0,0
"TTGCGTGTGTAGGCAT-1_V11L05-333_A1",0,0.30253205149981,0,0,0,0,0,0,0,0,0,0,0,0.205207106301879,0,0,0,0,0,0.492260842198311,0
"TTGCTAGCTACCAATC-1_V11L05-333_A1",0.604200049433146,0.395799950566854,0,0,0,0,0,0,0,0,0,0,0,0,0,0,0,0,0,0,0
"TTGCTCATAGTACGTG-1_V11L05-333_A1",0,0,0,0,0,0,0,0,0,0,0,0,0,0,0,0,0,0,0,0,0
"TTGCTCCCATACCGGA-1_V11L05-333_A1",0.539262872731758,0.182426341158385,0.278310786109857,0,0,0,0,0,0,0,0,0,0,0,0,0,0,0,0,0,0
"TTGCTGAAGGAACCAC-1_V11L05-333_A1",0.782078283827484,0.217921716172516,0,0,0,0,0,0,0,0,0,0,0,0,0,0,0,0,0,0,0
"TTGCTGATCATGTTCG-1_V11L05-333_A1",0.756797507416054,0.243202492583946,0,0,0,0,0,0,0,0,0,0,0,0,0,0,0,0,0,0,0
"TTGCTGCACCTATCCA-1_V11L05-333_A1",0.742045692271262,0.257954307728738,0,0,0,0,0,0,0,0,0,0,0,0,0,0,0,0,0,0,0
"TTGCTGGCCGGGCTTC-1_V11L05-333_A1",0.0844636937892188,0.191071307494873,0,0,0,0,0,0,0,0,0,0,0,0,0,0.724464998715908,0,0,0,0,0
"TTGGAAGAATACAGTC-1_V11L05-333_A1",0,0.169830859594349,0,0,0,0,0,0,0,0,0,0,0,0,0,0,0,0,0,0.830169140405651,0
"TTGGACATGTGGCTTA-1_V11L05-333_A1",0.421411932305513,0.199953203539504,0,0,0,0,0,0,0,0,0,0,0,0.127408570223367,0,0,0,0,0,0.251226293931616,0
"TTGGACCATCTGGCAA-1_V11L05-333_A1",0.674295829003362,0.325704170996638,0,0,0,0,0,0,0,0,0,0,0,0,0,0,0,0,0,0,0
"TTGGACCTATAACAGT-1_V11L05-333_A1",0.83952881587398,0.16047118412602,0,0,0,0,0,0,0,0,0,0,0,0,0,0,0,0,0,0,0
"TTGGAGTCTCCCTTCT-1_V11L05-333_A1",0.770666346521273,0.229333653478727,0,0,0,0,0,0,0,0,0,0,0,0,0,0,0,0,0,0,0
"TTGGATATCGTCTACG-1_V11L05-333_A1",0.30852456324492,0.430516544107713,0,0,0,0,0,0,0,0,0,0,0,0,0,0,0,0,0,0,0.260958892647368
"TTGGATCGACTTCTGG-1_V11L05-333_A1",0.565876284415366,0.434123715584634,0,0,0,0,0,0,0,0,0,0,0,0,0,0,0,0,0,0,0
"TTGGATTGGGTACCAC-1_V11L05-333_A1",0.713864031270141,0.286135968729859,0,0,0,0,0,0,0,0,0,0,0,0,0,0,0,0,0,0,0
"TTGGCCAAATTGTATC-1_V11L05-333_A1",0.157665035896426,0.150049791820682,0.175816845190072,0.285794956082717,0,0,0,0,0,0,0,0,0,0.230673371010103,0,0,0,0,0,0,0
"TTGGCCATCTTGCGCT-1_V11L05-333_A1",0.694679171601791,0.305320828398209,0,0,0,0,0,0,0,0,0,0,0,0,0,0,0,0,0,0,0
"TTGGCCTAGAATTTCG-1_V11L05-333_A1",0.541583964394618,0.330529619359838,0.127886416245545,0,0,0,0,0,0,0,0,0,0,0,0,0,0,0,0,0,0
"TTGGCGATCCGAATAT-1_V11L05-333_A1",0.267307353599483,0.181891611652975,0.119114887249134,0,0,0,0,0,0,0,0.431686147498408,0,0,0,0,0,0,0,0,0,0
"TTGGCTCAATATGTGT-1_V11L05-333_A1",0.671706577307341,0.328293422692659,0,0,0,0,0,0,0,0,0,0,0,0,0,0,0,0,0,0,0
"TTGGCTCGCATGAGAC-1_V11L05-333_A1",0.66516006213427,0.33483993786573,0,0,0,0,0,0,0,0,0,0,0,0,0,0,0,0,0,0,0
"TTGGGAAGACGAGCCG-1_V11L05-333_A1",0.0903279459422882,0.302484767059629,0,0,0,0,0,0,0,0,0,0,0,0.383365823684811,0,0,0,0,0,0,0.223821463313272
"TTGGGACACTGCCCGC-1_V11L05-333_A1",0.793690562196384,0.206309437803616,0,0,0,0,0,0,0,0,0,0,0,0,0,0,0,0,0,0,0
"TTGGGACGTAAGAGTT-1_V11L05-333_A1",0.620380849448931,0.379619150551068,0,0,0,0,0,0,0,0,0,0,0,0,0,0,0,0,0,0,0
"TTGGGCGGCGGTTGCC-1_V11L05-333_A1",0.699065200661585,0.175769993157983,0.125164806180432,0,0,0,0,0,0,0,0,0,0,0,0,0,0,0,0,0,0
"TTGGGTTTATTCAGCG-1_V11L05-333_A1",0,0.39999254306952,0.274967663437828,0,0,0,0,0,0,0,0,0,0,0,0,0,0,0,0,0.325039793492652,0
"TTGGTATGGCTTGTGT-1_V11L05-333_A1",0.298645352002683,0.232036011384655,0,0,0,0,0,0,0,0,0,0,0,0,0,0.469318636612661,0,0,0,0,0
"TTGGTCACACTCGTAA-1_V11L05-333_A1",0.168276090902085,0.19433894074688,0,0,0,0,0,0,0,0,0,0,0,0.262348889925024,0,0,0,0,0,0.375036078426011,0
"TTGGTGCGGTGTTGAA-1_V11L05-333_A1",0,0.117019195496304,0,0,0,0,0,0,0,0,0.183353757754208,0,0,0.468763670651715,0,0,0,0,0,0,0.230863376097774
"TTGGTTCGCTCAAAGG-1_V11L05-333_A1",0.583731686935444,0.169479802986553,0,0,0,0,0,0,0,0,0,0,0,0.246788510078002,0,0,0,0,0,0,0
"TTGGTTGCGGTGCGCG-1_V11L05-333_A1",0.0501140293980071,0.237315504293676,0,0,0,0,0,0,0,0,0,0,0,0,0,0,0,0,0,0.502218630011742,0.210351836296575
"TTGTAACTTCATAGCG-1_V11L05-333_A1",0.0984335606671395,0.335714413722804,0.18217778719233,0,0,0,0,0,0,0,0,0,0,0,0,0,0,0,0,0.383674238417726,0
"TTGTAAGGACCTAAGT-1_V11L05-333_A1",0.0514743129042787,0.174610162891319,0,0,0,0,0,0,0,0,0.278214953479001,0,0,0,0,0,0,0,0,0.202407028333624,0.293293542391778
"TTGTAAGGCCAGTTGG-1_V11L05-333_A1",0.459949895644278,0.291119691981797,0.248930412373925,0,0,0,0,0,0,0,0,0,0,0,0,0,0,0,0,0,0
"TTGTAATCCGTACTCG-1_V11L05-333_A1",0.807198174879318,0.192801825120682,0,0,0,0,0,0,0,0,0,0,0,0,0,0,0,0,0,0,0
"TTGTACACCTCGAACA-1_V11L05-333_A1",0,0.164979524267667,0,0,0,0,0,0,0,0,0,0,0,0,0,0,0,0,0,0.835020475732333,0
"TTGTATCACACAGAAT-1_V11L05-333_A1",0.603000112013982,0.198951651095702,0.198048236890316,0,0,0,0,0,0,0,0,0,0,0,0,0,0,0,0,0,0
"TTGTCACCGCGGTATC-1_V11L05-333_A1",0,0.498763724977869,0,0,0,0,0,0,0,0,0,0,0,0,0,0,0,0,0,0,0.501236275022131
"TTGTCGTTCAGTTACC-1_V11L05-333_A1",0.639022126632203,0.206929391274808,0.154048482092989,0,0,0,0,0,0,0,0,0,0,0,0,0,0,0,0,0,0
"TTGTCTCGGCAAGATG-1_V11L05-333_A1",0,0.284971049975017,0,0,0,0,0,0,0,0.334795299709173,0,0,0,0.38023365031581,0,0,0,0,0,0,0
"TTGTGAACCTAATCCG-1_V11L05-333_A1",0.795375308484949,0.204624691515051,0,0,0,0,0,0,0,0,0,0,0,0,0,0,0,0,0,0,0
"TTGTGAGGCATGACGC-1_V11L05-333_A1",0.0742143793449324,0.30133745656233,0,0,0,0,0,0,0,0,0.355416888127516,0,0,0,0,0,0,0,0,0,0.269031275965221
"TTGTGATCTGTTCAGT-1_V11L05-333_A1",0.535152729977418,0.256705347137956,0.208141922884626,0,0,0,0,0,0,0,0,0,0,0,0,0,0,0,0,0,0
"TTGTGCAGCCACGTCA-1_V11L05-333_A1",0.48504874140731,0.350337915565203,0,0,0,0,0,0,0,0,0,0,0,0,0,0,0.164613343027487,0,0,0,0
"TTGTGCGGAAGCGGAT-1_V11L05-333_A1",0.0529908449781596,0.195807301116415,0,0,0,0,0,0,0,0,0,0,0.248671513181494,0,0,0,0,0,0.303732519730387,0,0.198797820993544
"TTGTGGAGACAGCCGG-1_V11L05-333_A1",0.267900390022162,0.500390197811503,0.231709412166335,0,0,0,0,0,0,0,0,0,0,0,0,0,0,0,0,0,0
"TTGTGGCCCTGACAGT-1_V11L05-333_A1",0.772667251380381,0.227332748619619,0,0,0,0,0,0,0,0,0,0,0,0,0,0,0,0,0,0,0
"TTGTGGTAGGAGGGAT-1_V11L05-333_A1",0.0347003281375628,0.125717930917011,0,0,0,0,0,0,0,0,0,0,0,0,0,0,0,0,0,0.839581740945427,0
"TTGTGGTATAGGTATG-1_V11L05-333_A1",0.0519369519612859,0.162054282996133,0,0,0,0,0,0,0,0,0,0,0,0,0,0.786008765042581,0,0,0,0,0
"TTGTGGTGGTACTAAG-1_V11L05-333_A1",0.664263212121668,0.335736787878332,0,0,0,0,0,0,0,0,0,0,0,0,0,0,0,0,0,0,0
"TTGTGTATGCCACCAA-1_V11L05-333_A1",0.214098222333223,0.236034462314656,0,0,0,0,0,0,0,0,0,0,0,0.110971852642058,0,0,0,0,0,0.438895462710064,0
"TTGTGTTTCCCGAAAG-1_V11L05-333_A1",0.216005138087683,0.783994861912317,0,0,0,0,0,0,0,0,0,0,0,0,0,0,0,0,0,0,0
"TTGTTAGCAAATTCGA-1_V11L05-333_A1",0.636909243127792,0.363090756872208,0,0,0,0,0,0,0,0,0,0,0,0,0,0,0,0,0,0,0
"TTGTTCAGTGTGCTAC-1_V11L05-333_A1",0.606110794659583,0.261193462280056,0.132695743060361,0,0,0,0,0,0,0,0,0,0,0,0,0,0,0,0,0,0
"TTGTTCTAGATACGCT-1_V11L05-333_A1",0.638143573146384,0.361856426853616,0,0,0,0,0,0,0,0,0,0,0,0,0,0,0,0,0,0,0
"TTGTTGGCAATGACTG-1_V11L05-333_A1",0.250872986640227,0.344623466320097,0,0,0,0,0,0,0,0,0,0,0,0,0,0,0,0,0,0,0.404503547039676
"TTGTTGTGTGTCAAGA-1_V11L05-333_A1",0.536972601277782,0.207765711570148,0.25526168715207,0,0,0,0,0,0,0,0,0,0,0,0,0,0,0,0,0,0
"TTGTTTCACATCCAGG-1_V11L05-333_A1",0.0694894340943503,0.256384401040087,0,0,0,0,0,0,0,0,0,0,0,0.161970282690405,0,0,0,0,0.276526067021785,0,0.235629815153372
"TTGTTTCATTAGTCTA-1_V11L05-333_A1",0,0.224665091859435,0,0,0,0,0,0,0.498185593295444,0,0,0,0,0,0,0,0,0,0,0,0.27714931484512
"TTGTTTCCATACAACT-1_V11L05-333_A1",0.152858658556902,0.249882585644271,0.0775759417671936,0,0,0,0,0,0.127776636573745,0,0,0,0,0,0,0,0,0,0,0.391906177457888,0
"TTGTTTGTATTACACG-1_V11L05-333_A1",0,0.253185102384816,0.148765813684402,0,0,0,0,0,0,0,0,0,0,0,0.408335131418706,0,0,0,0,0,0.189713952512076
"TTGTTTGTGTAAATTC-1_V11L05-333_A1",0.59765917743929,0.40234082256071,0,0,0,0,0,0,0,0,0,0,0,0,0,0,0,0,0,0,0
